ExternalRiskEstimate,MSinceOldestTradeOpen,MSinceMostRecentTradeOpen,AverageMInFile,NumSatisfactoryTrades,NumTrades60Ever2DerogPubRec,NumTrades90Ever2DerogPubRec,PercentTradesNeverDelq,MSinceMostRecentDelq,MaxDelq2PublicRecLast12M,MaxDelqEver,NumTotalTrades,NumTradesOpeninLast12M,PercentInstallTrades,MSinceMostRecentInqexcl7days,NumInqLast6M,NumInqLast6Mexcl7days,NetFractionRevolvingBurden,NetFractionInstallBurden,NumRevolvingTradesWBalance,NumInstallTradesWBalance,NumBank2NatlTradesWHighUtilization,PercentTradesWBalance,MSinceMostRecentDelq_never,MSinceMostRecentInqexcl7days_never,MSinceOldestTradeOpen_no_trades,MSinceMostRecentDelq_no_trades,MSinceMostRecentInqexcl7days_no_trades,NetFractionRevolvingBurden_no_trades,NetFractionInstallBurden_no_trades,NumRevolvingTradesWBalance_no_trades,NumInstallTradesWBalance_no_trades,NumBank2NatlTradesWHighUtilization_no_trades,PercentTradesWBalance_no_trades,RiskPerformance
72.0,166.0,0.0,47.0,18.0,0.0,0.0,100.0,36.72883704867621,6.669519396559296,8.0,19.0,3.0716042097642147,68.0,0.0,7.0,7.0,36.0,81.2181233639807,2.0,3.0,1.0,83.0,1.0,0.0,0.0,0.0,0.0,0.0,0.0,0.0,0.0,0.0,0.0,Bad
62.0,186.93379890822337,13.538274100372988,79.0,12.0,0.2350277950317854,0.014020863997895816,84.11461085780581,10.0,4.0,6.0,14.074039650939888,1.0,21.0,3.0,1.0,1.0,93.0,59.79917766920097,4.0,0.8975784159065274,3.0,83.0,0.0,0.0,0.0,0.0,0.0,0.0,1.0,0.0,0.0,0.0,0.0,Good
79.0,232.45432410785463,15.0,98.08531846338856,24.967737895753316,1.0,0.0,96.0,18.0,6.0,5.0,25.0,0.0,35.296924187681924,0.0,3.0,1.0,0.0,74.0,0.0,2.0,-0.3128667373647358,22.0,0.0,0.0,0.0,0.0,0.0,0.0,0.0,0.0,0.0,0.0,0.0,Good
86.0,310.0,10.0,123.0,22.0,0.0,0.0,100.0,42.66496651480341,7.0,8.0,22.0,1.0,32.0,0.0,2.0,2.0,3.0,60.90808531443291,1.0,2.0,0.0,43.0,1.0,0.0,0.0,0.0,0.0,0.0,1.0,0.0,0.0,0.0,0.0,Bad
69.0,153.0,10.0,62.0,8.444788144614755,0.37621105844511193,0.0,75.0,11.0,4.0,6.0,8.0,1.0,50.0,0.0,0.0,0.0,51.0,83.0,2.0,2.0,1.0,80.0,0.0,0.0,0.0,0.0,0.0,0.0,0.0,0.0,0.0,0.0,0.0,Bad
77.0,195.0,3.0,53.0,33.0,0.031083082089230718,0.05485489602900359,100.0,39.22543276483066,7.0,8.0,33.0,8.0,21.0,2.1804038164861548,2.0,2.0,1.0,74.73427032255057,2.0,1.0,0.0,36.0,1.0,1.0,0.0,0.0,0.0,0.0,1.0,0.0,0.0,0.0,0.0,Good
59.0,219.0,4.0,84.0,33.93215799057563,1.0,0.0,86.16375962397507,26.0,6.0,5.0,35.91599542521378,3.4285068237953205,44.0,2.0,4.098640041986294,4.0,41.0,89.0,9.0,3.8007204774711534,3.0,76.0,0.0,0.0,0.0,0.0,0.0,0.0,0.0,0.0,0.0,0.0,0.0,Good
76.0,169.0,32.0,95.0,13.917709228622801,0.19570229963414443,0.0,84.69514712670795,11.0,4.730737004696328,6.0,12.0,0.0,27.79426719425962,0.0,0.0,-0.0455832093708515,3.0,42.44369190831102,1.0,0.8654343882895028,1.0,38.0,0.0,0.0,0.0,0.0,0.0,0.0,1.0,0.0,0.0,0.0,0.0,Bad
76.0,187.0,10.0,48.0,18.0,0.0,0.0,100.0,33.08930816039958,7.0,8.0,46.0,2.105506188630668,50.0,8.0,0.002160627746198601,0.0,1.0,53.0,2.0,2.0,1.0,57.0,1.0,0.0,0.0,0.0,0.0,0.0,0.0,0.0,0.0,0.0,0.0,Bad
54.0,316.0,19.235564733547513,132.0,8.0,10.0,6.0,47.0,4.0,3.0,3.0,19.0,0.0,47.0,5.0,0.0,0.0,38.0,51.26252813712968,2.0,2.0,0.0,57.0,0.0,0.0,0.0,0.0,0.0,0.0,0.0,0.0,0.0,0.0,0.0,Bad
86.0,12.0,9.0,62.0,6.0,0.0,-0.0119609256563388,100.0,48.69844121116907,7.0,8.0,2.0,1.0,0.0,1.0,1.0,0.9816581712501896,7.0,63.72868523983177,1.0,-0.6375597102347434,0.0,25.0,1.0,0.0,0.0,0.0,0.0,0.0,1.0,0.0,1.0,0.0,0.0,Good
54.0,172.0,4.0,57.17170884820152,21.0,0.0,0.0,95.0,4.0,4.341267614347415,6.0,21.0,3.0,19.0,0.0,0.06102039296582624,0.0,76.0,47.0,9.0,2.0,4.0,65.0,0.0,0.0,0.0,0.0,0.0,0.0,0.0,0.0,0.0,0.0,0.0,Bad
77.62906900520039,278.9822574383957,5.0,80.0,44.0,0.0,0.0,100.0,34.32272414361543,7.0,8.0,68.0,2.0,29.185981002890866,3.678125173815203,1.0199379512296898,1.0,14.0,57.0,8.0,3.5499189659575987,2.0,58.0,1.0,1.0,0.0,0.0,0.0,0.0,0.0,0.0,0.0,0.0,0.0,Good
64.413221306857,253.0,11.0,99.0,36.0,1.0,1.0,85.0,10.0,4.0,2.0,40.0,2.0,28.0,0.0,0.0,0.0,44.0,61.97428442816424,9.0,1.0,1.0,63.0,0.0,0.0,0.0,0.0,0.0,0.0,1.0,0.0,0.0,0.0,0.0,Good
59.0,163.49558288473204,18.0,80.0,5.0,1.0,1.0,83.0,25.71979722069321,6.0,6.0,7.56921385848533,0.6770533139969963,51.7571139550024,6.0,0.0,0.0,101.0,60.90169265737577,1.0,2.0,1.0,100.0,0.0,0.0,0.0,1.0,0.0,0.0,0.0,0.0,0.0,0.0,0.0,Bad
72.74677339163956,181.0,3.0,64.33604293595404,22.0,0.08452961152272342,0.0,100.0,37.51851648040358,7.0,8.0,22.0,2.0,41.0,0.0,0.0,0.0,56.0,54.0,6.0,5.0,1.0,79.0,1.0,0.0,0.0,0.0,0.0,0.0,0.0,0.0,0.0,0.0,0.0,Bad
85.22135025575379,193.79026850082883,4.0,89.4145671023686,21.0,0.0,0.0,100.94955800268625,45.46016953062005,7.0,8.0,2.0,1.0,14.0,4.315365723892803,0.0,0.0,6.0,71.0,2.0,1.9335568554230314,0.0,50.0,1.0,0.0,0.0,0.0,1.0,0.0,0.0,0.0,0.0,0.0,0.0,Good
68.0,142.0,3.0,66.0,37.0,2.0,2.0,90.0,19.0,6.0,3.0,40.0,3.0,23.0,2.5715864317708648,2.0,2.0,24.0,37.0,4.0,4.0,0.0,53.0,0.0,1.0,0.0,0.0,0.0,0.0,0.0,0.0,0.0,0.0,0.0,Bad
72.0,187.76430203812185,11.04751361382414,75.0,13.0,1.0,0.0,88.0,6.0,4.25284892982191,5.0,18.0,1.0,56.0,3.0,2.0,2.0,0.0,63.02480661797956,0.0,1.8167299162123585,0.0,40.0,0.0,0.0,0.0,0.0,0.0,0.0,1.0,0.0,0.0,0.0,0.0,Good
78.20763104133513,311.0,8.0,117.0,40.0,0.0,0.0,100.0,38.56409161440362,7.0,8.0,45.0,2.0,42.0,0.0,5.0,5.0,34.0,65.93866178786942,4.0,2.388961239358418,2.0,45.0,1.0,0.0,0.0,0.0,0.0,0.0,1.0,0.0,1.0,0.0,0.0,Good
87.0,133.0,11.0,88.0,14.0,-0.01085771968277438,0.0,99.11975167033154,44.48821218837142,7.0,8.0,13.576682660492223,0.5739739801828874,14.0,22.0,0.0,0.0,3.0,14.0,1.0,1.8329167561738133,-0.710880728640698,67.0,1.0,0.0,0.0,0.0,0.0,0.0,0.0,0.0,0.0,0.0,0.0,Good
73.0,282.0,9.747174078328442,92.0,14.0,1.0,0.0,94.0,32.0,5.564118760627713,5.0,17.0,3.0,47.0,0.0,5.0,4.8261640441574505,46.0,46.0,2.0,3.2469637191769545,0.0,86.0,0.0,0.0,0.0,0.0,0.0,0.0,0.0,0.0,0.0,0.0,0.0,Bad
84.0,144.0,8.0,64.0,15.316154600058223,0.0,0.0,100.0,47.457414013629744,7.0,8.0,16.0,1.5540834745077605,44.0,3.8947693051382193,0.0,0.0,16.0,75.0,3.0,2.974161511344904,-0.09173383836937088,86.0,1.0,1.0,0.0,0.0,0.0,0.0,0.0,0.0,0.0,0.0,0.0,Good
80.0,347.0,8.0,76.0,24.0,0.0,0.0,100.0,38.32012872193866,7.0,8.0,26.0,1.7130093740595411,54.0,10.0,0.01570118997881785,0.0,13.0,54.0,2.0,3.0,1.0,71.0,1.0,0.0,0.0,0.0,0.0,0.0,0.0,0.0,0.0,0.0,0.0,Bad
56.0,72.0,1.0,28.0,7.587851304189841,3.0,3.0,88.0,41.0,4.705003220028929,2.0,8.0,3.0,25.0,0.6338929020759028,2.0,2.0,86.0,80.10294612789194,5.0,1.0,3.0,100.0,0.0,1.0,0.0,0.0,0.0,0.0,0.0,0.0,0.0,0.0,0.0,Bad
66.0,59.0,9.0,40.0,7.0,0.38676371161387646,0.0,79.72586332023803,16.0,6.0,6.0,7.0,1.0,71.0,0.0,0.0,0.0,0.0,64.0,0.0,4.0,-0.6713961700381472,67.0,0.0,0.0,0.0,0.0,0.0,0.0,0.0,0.0,0.0,1.0,0.0,Bad
62.0,190.0,5.579578353774881,80.0,25.044344602634457,0.6311673036826471,0.0,74.0,13.0,5.0,5.0,31.0,3.0,45.52245929918667,0.0,1.0,0.0,60.0,82.0,6.0,3.5925333299093247,1.7085222609025692,100.0,0.0,0.0,0.0,0.0,0.0,0.0,0.0,0.0,0.0,0.0,0.0,Good
73.0,261.3582996080228,6.0,105.0,19.60123893700377,0.0,0.0,86.74151103542715,21.0,5.21748623821072,6.0,21.0,1.0,14.0,0.0,0.0,0.0,39.0,21.0,2.0,2.0,0.0,57.0,0.0,0.0,0.0,0.0,0.0,0.0,0.0,0.0,0.0,0.0,0.0,Bad
81.0,261.0,3.493112724926906,62.0,25.0,0.0,0.0,100.0,42.04815298631391,6.752632725165566,8.0,17.0,2.0,47.600766292642,5.0,0.0,0.0,6.0,73.20140306845946,5.0,3.905898188024631,0.0,100.0,1.0,0.0,0.0,0.0,0.0,0.0,0.0,0.0,0.0,0.0,0.0,Bad
85.0,407.0,31.0,81.0,12.416344722092845,0.0,0.0,98.89423530663407,48.41359241139588,7.0,8.0,18.67562516244471,0.0,43.0,1.0,1.0,1.0,28.0,48.066818863118456,1.0,1.0,0.0,67.0,1.0,0.0,0.0,0.0,0.0,0.0,1.0,0.0,0.0,0.0,0.0,Good
78.0,262.0797054277569,3.0,96.30384535348558,39.0,0.0,0.0,95.0,34.0,6.0,6.0,39.0,2.5605658917007506,26.0,3.637468403706167,1.0,0.9551812014724991,20.0,68.57067280675085,6.0,3.0,0.0,56.0,0.0,1.0,0.0,0.0,0.0,0.0,0.0,0.0,0.0,0.0,0.0,Good
89.0,425.0,19.0,186.0,17.942468766765273,0.0,0.0,100.0,43.44148135925815,7.0,8.0,19.259290660466366,0.0,19.0,0.0,0.0,0.018096209102417618,0.0,47.01272381457483,2.0,0.6770466366778122,0.0,50.0,1.0,0.0,0.0,0.0,0.0,0.0,1.0,0.0,1.0,0.0,0.0,Good
84.0,379.0,2.248944336430437,59.0,49.446840244968044,0.010645165333968976,0.0,100.0,40.72548649554068,7.0,8.0,72.0,4.0,22.0,2.0,2.0,2.0,8.0,24.0,3.0,2.0,0.26774745260500143,26.0,1.0,0.0,0.0,0.0,0.0,0.0,0.0,0.0,0.0,0.0,0.0,Bad
60.0,319.3806257835796,24.187055559652524,155.0,16.457137029727548,2.761716801837493,2.3468376251055876,94.0,2.0,3.0,2.0,16.0,0.0,33.467777748583956,0.0,0.0,0.0,4.0,46.742340571948255,3.0,1.0,0.0,71.0,0.0,0.0,0.0,0.0,0.0,0.0,1.0,0.0,0.0,0.0,0.0,Good
75.69091239536209,182.40572679330117,-2.3282299060481257,57.0,27.197753313705363,0.0,0.0,100.0,29.60647223055838,5.0,7.0,28.0,2.8756146593790493,20.0,9.0,0.0,0.0,19.0,98.0,6.0,2.472477549348046,0.0,59.0,1.0,0.0,0.0,0.0,0.0,0.0,0.0,0.0,0.0,0.0,0.0,Bad
66.0,357.0,19.0,115.0,16.596061178136953,1.0,1.0,76.0,36.0,6.0,6.0,17.0,0.0,34.3447201253059,2.6667094285620165,1.0,1.0,21.0,6.0,4.0,3.0,0.0,73.0,0.0,1.0,0.0,0.0,0.0,0.0,0.0,0.0,0.0,0.0,0.0,Good
83.0,187.0,3.0,59.0,19.0,0.0,0.0,100.0,48.046120948853115,7.155239841527691,8.0,32.0,2.0,37.0,0.0,3.0588390682056943,3.0,6.0,93.0,5.0,1.0,0.0,75.0,1.0,0.0,0.0,0.0,0.0,0.0,0.0,0.0,0.0,0.0,0.0,Good
86.0,250.55480935695448,10.0,103.0,29.0,0.0,0.0,100.0,45.53052424534721,7.0,8.0,20.0,1.0,16.0,0.0,1.0590658281282728,1.0,10.0,56.0,7.0,3.0,0.0,50.0,1.0,0.0,0.0,0.0,0.0,0.0,0.0,0.0,0.0,0.0,0.0,Good
58.0,134.0,9.649811071809456,71.0,24.0,1.0,0.7480532298929667,92.0,2.0,4.0,6.0,26.0,2.4166679363244166,31.10212439724506,1.620900589488699,2.0,2.0,28.0,54.0,6.0,1.0,0.0,78.0,0.0,1.0,0.0,0.0,0.0,0.0,0.0,0.0,0.0,0.0,0.0,Bad
67.28522588311841,170.0,2.0,47.46893772838207,54.0,0.31454127813107524,0.0,98.0,33.52940445576678,6.5416004862783765,7.0,62.0,8.0,55.0,0.0,2.0,1.9608268196170018,54.0,91.0,6.0,7.0,1.0,64.0,1.0,0.0,0.0,0.0,0.0,0.0,0.0,0.0,0.0,0.0,0.0,Bad
48.0,158.0,9.471903796628407,65.0,27.0,0.6512637092448847,0.0,77.0,2.0,3.0,5.0,31.0,5.0,48.0,0.0,1.0,1.0,72.0,45.0,5.0,4.0,2.295995290068497,82.0,0.0,0.0,0.0,0.0,0.0,0.0,0.0,0.0,0.0,0.0,0.0,Bad
83.0,267.0,17.0,106.0,13.0,0.0,0.0,92.82061580204214,53.0,6.0,6.0,13.0,0.5533860556639061,15.0,4.2660149742752065,0.0,0.0,48.0,55.81386848125041,4.0,1.0,0.0,83.0,0.0,1.0,0.0,0.0,0.0,0.0,1.0,0.0,0.0,0.0,0.0,Good
65.0,160.0,7.0,60.0,26.0,0.0,0.0,96.0,41.0,5.94623228375357,6.0,26.0,2.0,31.0,0.0,1.0,1.0,56.0,71.8988940553584,6.0,2.0,3.0,57.0,0.0,0.0,0.0,0.0,0.0,0.0,1.0,0.0,0.0,0.0,0.0,Bad
58.0,94.0,7.0,45.0,8.875818823587034,2.0,2.0,82.490577469229,21.03043365532139,4.441842252729464,4.0,9.0,1.0,63.0,0.0,1.0,1.0,81.0,74.51251617126776,2.0,1.0,1.747951118672169,75.0,0.0,0.0,0.0,1.0,0.0,0.0,1.0,0.0,0.0,0.0,0.0,Bad
83.0,493.0,11.0,135.0,18.04755782766986,0.0,0.0,94.0,30.845464584443334,5.0,7.0,16.0,1.0,44.0,7.0,0.023500877955965588,0.0,20.0,81.0,3.0,1.0,0.0,44.0,1.0,0.0,0.0,0.0,0.0,0.0,0.0,0.0,0.0,0.0,0.0,Good
78.0,220.0,2.0,76.0,52.0,0.0,0.0,98.0,35.0,6.0,6.0,56.0,2.0,33.0,2.0,2.0,2.0,13.0,72.35222664589037,5.0,4.0,0.0,69.0,0.0,0.0,0.0,0.0,0.0,0.0,1.0,0.0,0.0,0.0,0.0,Good
91.0,270.0,23.0,132.0,16.0,0.0,0.0,100.0,50.567763459648916,7.0,8.0,16.0,0.0,24.87948244325843,4.859614059855792,0.0,0.0,6.0,48.71425890849257,3.0,1.0,0.0,50.0,1.0,0.0,0.0,0.0,1.0,0.0,1.0,0.0,0.0,0.0,0.0,Good
62.0,275.0,0.0,95.0,30.0,0.0,0.0,87.0,1.0,4.0,6.0,38.0,4.0,24.0,17.0,0.0,0.0,43.0,47.0,8.0,2.0,5.0,63.0,0.0,0.0,0.0,0.0,0.0,0.0,0.0,0.0,0.0,0.0,0.0,Bad
84.79623893035534,215.0,18.50359899376887,102.0,11.0,0.0280207947127864,0.07512754722728593,100.0,45.00781119790767,7.0,8.0,11.0,0.0,36.0,3.6299810483314867,1.0,1.0,4.0,56.22814020496875,3.0,1.0,0.0,80.0,1.0,1.0,0.0,0.0,0.0,0.0,1.0,0.0,0.0,0.0,0.0,Good
88.0,160.0,13.0,79.0,7.0,-0.01929873106597091,0.0,100.0,48.97781727301225,7.0,8.0,14.0,0.0,29.0,4.203352102611211,0.0,0.0,8.0,72.0,2.0,2.0,-0.30711439463062096,67.0,1.0,1.0,0.0,0.0,0.0,0.0,0.0,0.0,0.0,0.0,0.0,Good
74.0,88.0,4.0,50.0,18.0,0.30573291898612265,0.0,83.0,11.0,6.0,6.0,18.747109449953243,4.0,33.0,3.0,1.0,0.9553008961018565,3.0,100.0,1.0,2.0,0.0,38.0,0.0,0.0,0.0,0.0,0.0,0.0,0.0,0.0,0.0,0.0,0.0,Bad
80.2976748786622,222.40568395610717,4.0,86.0,19.0,0.0,0.0,99.96905757690433,41.42304243746989,7.0,8.0,19.7831390811489,2.1692608292331697,34.07896480867276,0.0,2.0610365613693062,2.0,20.0,70.01478552153975,3.0,2.405076514991526,0.0,56.0,1.0,0.0,0.0,0.0,0.0,0.0,0.0,0.0,0.0,0.0,0.0,Bad
72.61067681368536,147.0,3.0,65.0,38.0,0.0,0.0,100.0,37.44616754510682,7.0,8.0,38.35266023464723,4.0,44.0,1.0,4.0,4.0,51.0,73.0,3.0,3.0,1.0,46.0,1.0,0.0,0.0,0.0,0.0,0.0,0.0,0.0,0.0,0.0,0.0,Bad
59.0,156.0,14.0,63.0,17.0,0.7864966129530382,0.5741158475276313,82.0,11.082020353069751,5.0,6.0,19.0,0.0,24.0,0.0,1.0,1.0,35.0,60.6625054651966,6.0,2.0,1.6455546353440673,80.0,0.0,0.0,0.0,1.0,0.0,0.0,0.0,0.0,0.0,0.0,0.0,Bad
73.0,149.87057883969658,6.0,53.0,19.0,1.9851482907305849,1.6306989042583546,95.0,32.0,4.339649809264747,2.0,21.508445246763223,1.0,40.0,19.0,0.0,0.0,3.0,63.0,3.0,2.7450582790941507,0.0,55.0,0.0,0.0,0.0,0.0,0.0,0.0,0.0,0.0,0.0,0.0,0.0,Good
53.80399529933512,217.0,6.0,72.0,13.0,1.0,1.0,89.11124288906959,-8.998645461226474,0.0,8.0,15.510489930850259,1.2421014335249332,31.0,5.0,0.0,0.0,103.0,75.0,4.0,3.0,2.0,100.0,1.0,0.0,0.0,0.0,0.0,0.0,0.0,0.0,0.0,0.0,0.0,Bad
63.0,85.0,6.0,43.0,21.0,0.0,0.0,100.0,32.28422486808904,7.0,8.0,21.0,2.0,29.0,4.0,1.0,0.9624436293280512,76.0,72.79760455712959,7.0,2.0,3.0,75.0,1.0,0.0,0.0,0.0,0.0,0.0,0.0,0.0,0.0,0.0,0.0,Bad
60.0,115.0,4.0,48.0,18.0,1.0,0.0,89.0,1.0,3.0,5.0,21.390195209555454,4.0,58.0,0.2182967098031754,4.082301323352202,4.0,44.0,81.0,4.0,3.0,1.0,88.0,0.0,1.0,0.0,0.0,0.0,0.0,0.0,0.0,0.0,0.0,0.0,Bad
72.0,212.0,11.0,87.0,20.0,0.0,0.0,95.0,1.0,4.0,6.0,21.458633503087874,1.0,41.0,0.0,1.0,1.0,24.0,56.0,6.0,4.0,0.0,100.0,0.0,0.0,0.0,0.0,0.0,0.0,0.0,0.0,0.0,0.0,0.0,Good
55.0,201.0,40.0,114.0,19.0,6.0,4.231392521643948,63.0,4.0,3.0,5.0,24.0,0.0,42.0,2.7181285590471966,0.0,0.0,50.0,38.53141653459389,6.0,2.2345460240963835,1.0,100.0,0.0,1.0,0.0,0.0,0.0,0.0,1.0,0.0,0.0,0.0,0.0,Bad
58.0,113.0,6.0,51.92634726051389,21.0,0.0,0.0,71.0,6.0,4.598867928600066,6.0,21.0,4.0,52.0,0.0,0.0,-0.016759123033202178,84.0,67.0,7.0,2.0,1.0,90.0,0.0,0.0,0.0,0.0,0.0,0.0,0.0,0.0,0.0,0.0,0.0,Bad
64.0,260.0,1.0,61.0,17.0,1.0,1.0,95.0,6.0,2.0,4.0,23.0,1.82356133735113,26.0,3.471487425292987,0.0,0.0,68.0,71.00591280033171,3.0,2.0,1.0,71.0,0.0,1.0,0.0,0.0,0.0,0.0,0.0,0.0,0.0,0.0,0.0,Bad
74.0,176.0,5.0,87.0,21.0,0.0,-0.10445831091529739,95.0,19.0,6.0,6.0,21.0,1.0,38.0,2.370626461746937,2.0,2.0,29.0,89.0,3.0,1.0,1.0,50.0,0.0,1.0,0.0,0.0,0.0,0.0,0.0,0.0,0.0,0.0,0.0,Bad
70.0,182.0,2.0,34.0,7.0,0.0,0.036396445000987654,100.0,44.016556828051904,7.0,8.0,8.0,5.0,13.0,0.0,2.0,1.9899464335371493,57.0,76.22939495652537,4.0,1.2435080241385315,1.0,100.0,1.0,0.0,0.0,0.0,0.0,0.0,1.0,0.0,1.0,0.0,0.0,Bad
89.0,396.0,15.0,134.02334825728377,15.0,0.0,0.0,100.0,44.672105082614024,7.0,8.0,15.0,0.0,13.0,4.78920369963544,0.0,0.0,3.0,51.793644793580654,2.0,1.0,0.0,33.0,1.0,0.0,0.0,0.0,1.0,0.0,1.0,0.0,0.0,0.0,0.0,Good
66.0,470.0,5.0,93.0,24.0,1.0,0.0,79.76310684909848,8.0,4.0,5.0,25.0,2.0,20.0,0.0,0.0,0.0,28.0,62.802192573943245,3.0,1.0,0.0,36.0,0.0,0.0,0.0,0.0,0.0,0.0,1.0,0.0,0.0,0.0,0.0,Good
57.0,114.04700270714835,13.0,57.0,5.0,6.0,6.0,71.0,29.0,6.0,2.0,8.0,0.7910191137437268,29.0,0.0,2.0,2.0,100.0,65.41275680457125,1.0,1.0,1.0,100.0,0.0,0.0,0.0,0.0,0.0,0.0,1.0,0.0,0.0,0.0,0.0,Bad
77.0,180.04377629771272,3.0,64.0,27.0,0.0,0.0,100.0,35.3115534521298,7.0,8.0,27.0,2.0,15.0,3.2264780994010205,1.0,1.0,22.0,62.0,2.0,3.0,0.0,45.0,1.0,1.0,0.0,0.0,0.0,0.0,0.0,0.0,0.0,0.0,0.0,Good
75.1842492993809,83.0,2.0,37.0,24.0,0.0,0.0,100.8056490610202,37.95329167880212,7.0,8.0,25.0,2.0,24.0,0.0,2.0,2.0,29.0,58.0,3.0,2.360544341738269,1.0,45.0,1.0,0.0,0.0,0.0,0.0,0.0,0.0,0.0,0.0,0.0,0.0,Good
65.0,245.1816566489486,3.0,97.0,19.0,2.0,1.0,81.0,2.0,3.0,2.0,21.0,2.0,43.0,0.0,4.0,4.0,48.0,68.48629363670722,6.0,2.0,1.4444515235187887,73.0,0.0,0.0,0.0,0.0,0.0,0.0,0.0,0.0,0.0,0.0,0.0,Bad
76.0,232.286411657523,5.0,91.0,21.0,0.0,-0.12413268959966237,89.6199557747685,34.0,5.736712333692311,6.0,22.0,1.0,23.0,0.0,2.0,1.9107806201693118,12.0,57.0,2.0,1.0,0.39913140597300667,25.0,0.0,0.0,0.0,0.0,0.0,0.0,0.0,0.0,0.0,0.0,0.0,Bad
85.0,515.0,6.0,139.0,15.0,0.0,0.0,100.0,44.71031280734911,7.0,8.0,15.0,1.0,47.0,0.0,0.0,0.0,28.0,64.41501598617917,3.0,1.0,0.6419986346313529,67.0,1.0,0.0,0.0,0.0,0.0,0.0,1.0,0.0,0.0,0.0,0.0,Good
72.83993101503577,187.0,23.0,110.0,12.0,2.0,1.3379667629297507,80.0,67.0,6.0,4.0,15.0,0.0,53.0,16.0,0.0,0.0,81.0,56.3250041851114,2.0,1.702237437523391,1.3114466923987385,100.0,0.0,0.0,0.0,0.0,0.0,0.0,1.0,0.0,1.0,0.0,0.0,Bad
62.0,396.0,10.0,113.23197441357321,4.0,1.0,1.0,75.0,58.0,6.0,6.0,4.0,1.0,0.0,0.0,1.0,1.0,96.0,61.523437014853705,2.0,0.08303428525393275,1.0,100.0,0.0,0.0,0.0,0.0,0.0,0.0,1.0,0.0,1.0,0.0,0.0,Bad
63.0,165.48722753139242,1.0,67.75991141672192,9.334379982310107,3.0,2.0,75.0,6.0,3.0,2.0,12.0,2.0,33.0,0.0,4.0,4.0,17.0,70.96023466195953,2.0,1.0,0.0,75.0,0.0,0.0,0.0,0.0,0.0,0.0,1.0,0.0,0.0,0.0,0.0,Bad
79.0,116.0,2.0,38.0,14.0,0.0,0.02316278458250018,100.0,41.91976143537369,7.0,8.0,16.0,3.0,13.0,2.0,1.0356266070396862,1.0,7.0,100.0,2.0,2.0,0.0,44.0,1.0,0.0,0.0,0.0,0.0,0.0,0.0,0.0,0.0,0.0,0.0,Good
56.40610756782683,126.0,7.213346973868884,41.0,5.0,1.0,0.0,83.0,8.0,4.417847234292427,5.0,9.355180062686767,1.0,50.0,0.0,1.0,0.9095954802150745,90.0,86.0,1.0,2.0,1.5769281960890584,100.0,0.0,0.0,0.0,0.0,0.0,0.0,0.0,0.0,0.0,1.0,0.0,Bad
73.0,161.0,5.0,67.48594634406598,40.0,0.0,0.0,98.0,42.0,6.0,6.0,48.0,2.0,27.0,4.0,0.03705143851879956,0.0,20.0,91.0,6.0,3.0,2.0,69.0,0.0,0.0,0.0,0.0,0.0,0.0,0.0,0.0,0.0,0.0,0.0,Good
89.0,284.0,21.0,113.78797110219857,16.0,0.0,0.0,100.0,48.874124802773196,7.0,8.0,16.0,0.0,25.0,11.0,0.012630300527590801,0.0,9.0,71.0,2.0,1.8450983494769773,-0.07354957614611202,57.0,1.0,0.0,0.0,0.0,0.0,0.0,0.0,0.0,0.0,0.0,0.0,Good
82.0,368.0,6.0,106.0,22.488657692384393,-0.013790937272550874,0.0,100.0,38.46231833105023,6.752849896319987,8.0,23.0,2.0,22.0,0.0,1.055775081196948,1.0,8.0,64.33928309829197,3.0,1.0,1.0,36.0,1.0,0.0,0.0,0.0,0.0,0.0,1.0,0.0,0.0,0.0,0.0,Good
79.0,158.0,3.0,54.0,23.0,0.0,0.0,100.0,41.76779307731954,7.0,8.0,24.000875701192836,2.0,38.0,3.0,2.0492650972137785,2.0,14.0,130.0,1.0,2.0,0.0,50.0,1.0,0.0,0.0,0.0,0.0,0.0,0.0,0.0,0.0,0.0,0.0,Good
88.0,393.0,22.909411131004006,158.0,15.0,0.0,0.0,97.18859218063896,45.36776006964388,7.0,8.0,16.0,0.0,13.0,0.0,0.0,-0.025154492883554536,9.0,45.43334399894642,3.0,0.32164996831672177,0.2925926779093939,50.0,1.0,0.0,0.0,0.0,0.0,0.0,1.0,0.0,0.0,0.0,0.0,Good
56.0,370.0,-0.42000793388680435,92.98984355676801,28.0,0.0,-0.14992033642616526,84.0,4.0,4.0,6.0,31.0,3.1735711515388765,16.0,4.0,1.0,1.0,39.0,88.0,11.0,2.0,3.2687547439388482,54.0,0.0,0.0,0.0,0.0,0.0,0.0,0.0,0.0,0.0,0.0,0.0,Good
74.0,215.0,5.0,75.0,29.0,1.0,1.0,87.0,43.0,6.0,4.0,42.0,1.0,32.0,11.0,0.9510053071288475,0.8979073559334103,57.0,68.07941683167377,3.0,1.0,0.0,44.0,0.0,0.0,0.0,0.0,0.0,0.0,1.0,0.0,0.0,0.0,0.0,Good
80.0,207.0,1.0,80.24407302016954,24.0,0.0,-0.15158686088584444,93.0,56.0,6.0,6.0,28.0,2.5064880977278166,32.0,0.0,1.0,1.0,19.0,74.58806103620175,6.0,1.469885846848535,0.0,58.0,0.0,0.0,0.0,0.0,0.0,0.0,1.0,0.0,1.0,0.0,0.0,Good
49.0,178.0,16.75199927062236,75.83367797264341,10.0,6.0,4.133428707701806,56.0,3.0,3.0,5.0,17.0,1.1340079049319955,56.0,0.0,2.0,2.0,65.0,45.0,3.0,4.0,1.0,100.0,0.0,0.0,0.0,0.0,0.0,0.0,0.0,0.0,0.0,0.0,0.0,Bad
57.0,257.0,7.0,81.0,11.0,5.0,3.7652080105703125,69.91412484196876,7.0,1.0,3.0,17.012087325071608,1.0,40.0,0.0,1.0,1.0,11.0,66.21169735548399,3.0,1.0,0.0,57.0,0.0,0.0,0.0,0.0,0.0,0.0,1.0,0.0,0.0,0.0,0.0,Bad
69.0,301.0,3.0,93.24290517454553,19.0,0.0,0.0,79.0,13.0,6.0,6.0,20.0,2.0,47.0,3.0,2.059308221577,2.0,33.0,45.0,3.0,3.0,0.0,100.0,0.0,0.0,0.0,0.0,0.0,0.0,0.0,0.0,0.0,0.0,0.0,Bad
79.0,94.0,2.4884622205003986,52.0,25.0,0.0,-0.01556814495770753,100.0,41.1807032194327,7.0,8.0,25.0,2.836730317503065,16.0,5.0,2.0,2.0,10.0,78.0,5.0,2.0,0.0,50.0,1.0,0.0,0.0,0.0,0.0,0.0,0.0,0.0,0.0,0.0,0.0,Good
73.0,222.04708725956985,18.0,96.00069948587002,28.0,0.0,-0.15850628089437335,89.0,12.0,6.0,6.0,28.0,0.0,39.0,0.0,3.0,2.872286113937038,21.0,62.0,3.0,2.0,0.0,63.0,0.0,0.0,0.0,0.0,0.0,0.0,0.0,0.0,0.0,0.0,0.0,Bad
70.71978498316841,152.0,5.0,65.07680214252757,20.0,2.0,2.0,87.0,13.0,5.0,2.0,23.950826256745703,2.0,60.194646350850036,5.0,1.0,1.0,0.0,57.0,0.0,3.0,-1.2258366611131475,75.0,0.0,0.0,0.0,0.0,0.0,0.0,0.0,0.0,0.0,1.0,0.0,Bad
73.0,181.0,8.0,71.0,23.800671792524145,0.0,0.0,100.0,40.45565768451266,7.0,8.0,25.0,4.0,38.35168828811867,0.0,0.0,0.0,45.0,71.27349512243065,6.0,3.261126764184611,1.0,86.0,1.0,0.0,0.0,0.0,0.0,0.0,0.0,0.0,0.0,0.0,0.0,Bad
74.0,183.0,4.0,84.0,21.0,1.0,1.0,86.0,3.0,3.9981546677252546,4.0,22.731642255397645,1.0,32.0,2.0,1.0,1.0,15.0,65.10628721085608,2.0,1.0084640861424288,0.0,25.0,0.0,0.0,0.0,0.0,0.0,0.0,1.0,0.0,1.0,0.0,0.0,Good
68.0,181.0,6.0,64.53245674514268,-1.2043972738593225,2.1982998123987243,1.6377843364453457,67.0,66.0,6.1603271279640275,3.0,3.0,1.0,100.0,1.7273350166440902,0.028299397742878853,0.0,61.375727261004045,79.96908904029333,-1.8169462758776294,1.0,-0.1606878222168815,100.0,0.0,1.0,0.0,0.0,0.0,1.0,1.0,1.0,0.0,1.0,0.0,Bad
70.0,166.0,14.0,82.0,26.0,1.0,0.5261687905198286,86.52562771239407,17.0,6.0,5.0,28.0,2.1796313639985163,29.0,1.0,1.1030275795687534,1.0399706898581649,42.0,87.0,7.0,2.2830743343084654,0.0,45.0,0.0,0.0,0.0,0.0,0.0,0.0,0.0,0.0,0.0,0.0,0.0,Bad
89.0,150.0,19.0,86.68342803575453,12.0,0.0,0.0,100.0,48.56669528235915,7.0,8.0,12.0,0.0,33.0,4.423511366830452,0.03529959520919221,0.0,2.0,55.0,1.0,2.0,0.0,43.0,1.0,0.0,0.0,0.0,1.0,0.0,0.0,0.0,0.0,0.0,0.0,Good
71.35054698161913,123.0,4.0,65.0,24.0,0.0,0.0,100.0,36.28410903734954,7.0,8.0,24.0,1.0,53.38028301458965,0.0,1.0,1.0,68.0,80.0,3.0,7.0,2.015600817031584,71.0,1.0,0.0,0.0,0.0,0.0,0.0,0.0,0.0,0.0,0.0,0.0,Good
76.52061072986909,152.0,2.0,70.65025605810413,15.362076448143137,0.0,-0.23911950388811445,85.0,37.0,6.0,6.0,16.0,1.9323713461979253,15.0,5.0,0.0,0.0,8.0,69.10594681667921,5.0,0.8376431333575094,0.0,63.0,0.0,0.0,0.0,0.0,0.0,0.0,1.0,0.0,1.0,0.0,0.0,Good
84.0,372.0,5.0,123.5209414438089,37.0,0.0,0.0,100.0,36.72858586480314,7.0,8.0,37.0,1.0,16.0,4.8486445796369235,0.0,0.0,2.0,43.0,8.0,2.0,0.0,45.0,1.0,1.0,0.0,0.0,0.0,0.0,0.0,0.0,0.0,0.0,0.0,Good
64.0,187.15915635649395,3.0,77.0,21.0,0.0,0.0,97.5044503219195,36.12861155354898,7.0,8.0,21.0,1.0,34.541033628606755,0.0,6.0,6.0,93.0,73.63026029942145,6.0,1.0,3.0,100.0,1.0,0.0,0.0,0.0,0.0,0.0,1.0,0.0,0.0,0.0,0.0,Good
59.41242285934934,378.0,15.0,103.0,22.98362416610458,2.0,2.0,75.0,1.0,0.0,2.0,26.0,1.6546868960611434,36.22401640585055,1.973933297123096,3.0,2.0,40.0,57.20045297416485,5.0,3.0,1.0,67.0,0.0,1.0,0.0,0.0,0.0,0.0,0.0,0.0,0.0,0.0,0.0,Bad
63.0,307.0,4.873697087681311,85.0,35.0,0.0,-0.11041085145964041,88.91783063730708,22.0,6.0,6.0,38.0,3.0,24.0,0.0,3.0,3.0,38.0,68.30696098226728,5.0,1.0,2.0,50.0,0.0,0.0,0.0,0.0,0.0,0.0,1.0,0.0,0.0,0.0,0.0,Good
54.66779083920624,185.0,8.0,83.0,58.0,2.0,2.0,92.0,30.0,5.0,2.0,60.0,4.0,73.0,0.0,0.0,0.0,109.0,79.0,9.0,8.0,4.028229131577488,100.0,0.0,0.0,0.0,0.0,0.0,0.0,0.0,0.0,0.0,0.0,0.0,Bad
75.61150859431214,197.42261971481614,2.0,87.0,13.803351360941498,0.0,0.0,90.0,74.0,6.0,6.0,15.655777087474348,1.0,80.0,0.0,3.0,3.0,50.94201850374429,99.0,1.5995166129221026,2.0,0.5652291316711171,100.0,0.0,0.0,0.0,0.0,0.0,1.0,0.0,1.0,0.0,1.0,0.0,Bad
87.0,229.0,4.0,100.0,22.0,0.0,-0.04824366220782769,100.0,49.414914480730005,7.0,8.0,25.0,2.0,44.0,1.0,2.0,2.0,16.0,70.45935927030948,5.0,2.0,0.0,64.0,1.0,0.0,0.0,0.0,0.0,0.0,0.0,0.0,0.0,0.0,0.0,Good
70.0,153.0,3.0,59.0,26.0,0.0,0.0,88.17087803134714,2.0,4.0,6.0,28.0,5.0,7.0,0.0,0.0,-0.007584412479329922,8.0,67.80097194706242,3.0,1.0,0.0,29.0,0.0,0.0,0.0,0.0,0.0,0.0,1.0,0.0,0.0,0.0,0.0,Bad
70.89346889433281,15.0,6.0,11.0,2.0,0.0,0.0,88.70596539387526,40.47077991870316,7.0,8.0,2.0,1.0,100.0,0.0,0.03778675585795857,0.0,53.51884620925575,82.53475448814416,-1.4010907303493911,1.0,0.012764060148175771,100.0,1.0,0.0,0.0,0.0,0.0,1.0,1.0,1.0,0.0,1.0,0.0,Bad
65.0,263.0,5.0,93.0,45.0,0.0,0.0,96.0,10.0,4.0,6.0,19.0,2.594175751918519,24.0,3.5804338840183694,0.07881910608476561,0.0,28.0,59.0,14.0,3.0,3.0,65.0,0.0,0.0,0.0,0.0,1.0,0.0,0.0,0.0,0.0,0.0,0.0,Bad
78.0,281.15575275625906,23.78233153018503,134.0,17.0,1.650190578783637,1.0,89.0,77.0,6.0,2.0,20.0,1.0,11.0,3.0749655973275716,1.0,1.0,1.0,51.20762401561154,3.0,0.7185863256573737,0.0,56.0,0.0,1.0,0.0,0.0,0.0,0.0,1.0,0.0,1.0,0.0,0.0,Good
64.0,91.0,1.228586993086882,38.0,40.0,0.0,0.0,100.0,23.729607293771437,7.0,8.0,40.0,3.0,30.628004230906217,0.0,13.0,12.587627048098293,21.0,61.0,6.0,4.0,1.0,42.0,1.0,0.0,0.0,0.0,0.0,0.0,0.0,0.0,0.0,0.0,0.0,Bad
69.0,235.91828236547673,2.0,88.0,23.0,0.0,0.0,86.33151647175222,0.0,4.0,6.0,26.0,2.302979785384599,24.0,2.0,2.0,1.0,16.0,100.0,2.0,2.1744026514626733,0.0,38.0,0.0,0.0,0.0,0.0,0.0,0.0,0.0,0.0,0.0,0.0,0.0,Bad
82.02181175523373,163.0,24.0,89.0,17.0,0.0,0.0,100.0,45.52053730884302,7.0,8.0,15.0,0.7659316479861422,32.59870589929807,3.961552645906574,0.043823122211905804,0.0,24.0,53.571073096150954,3.0,2.0,0.5870141118227727,63.0,1.0,0.0,0.0,0.0,1.0,0.0,1.0,0.0,0.0,0.0,0.0,Bad
60.0,233.0,2.0,76.93761726663146,9.0,7.0,7.0,82.0,51.0,6.0,6.0,15.95330494251041,1.0,82.0,0.0,0.0,0.0,105.0,81.0,2.0,2.0,2.0,100.0,0.0,0.0,0.0,0.0,0.0,0.0,0.0,0.0,0.0,0.0,0.0,Good
76.0,197.0,8.0,73.0,20.517041965320654,0.5734608323941499,0.2581558016335622,86.0,19.0,6.0,5.0,22.0,2.0,24.0,8.0,0.04066775203020316,0.0,7.0,62.30252008838006,1.0,1.0,-0.23264167191386864,29.0,0.0,0.0,0.0,0.0,0.0,0.0,1.0,0.0,0.0,0.0,0.0,Good
79.0,147.0,5.0,50.0,34.0,-0.045478094888919074,-0.054674006672328135,100.0,39.30427366407463,6.998743900896315,8.0,34.44727384130155,7.0,15.0,0.0,1.0,1.0,1.0,44.0,2.0,2.0,0.0,18.0,1.0,0.0,0.0,0.0,0.0,0.0,0.0,0.0,0.0,0.0,0.0,Good
74.0,173.0,3.0,66.448572151886,14.62581217275324,0.9699508521176408,1.0,98.16471221487305,41.93809712539729,7.0,8.0,14.0,2.0077703007551504,14.0,3.1188095105476727,0.0,0.0,45.0,89.0,4.0,1.9395118812809073,1.243072407868718,75.0,1.0,1.0,0.0,0.0,0.0,0.0,0.0,0.0,0.0,0.0,0.0,Good
88.0,162.0,14.0,116.0,6.0,0.0,-0.0068448633586951635,100.0,50.78614888870169,7.0,8.0,6.0,0.0,17.0,13.0,0.0,0.0,2.0,55.755232314988746,4.0,1.0,0.0,100.0,1.0,0.0,0.0,0.0,0.0,0.0,1.0,0.0,0.0,0.0,0.0,Good
58.0,183.0,32.0,95.0,3.965471379473824,3.371367137218903,2.6325031427731918,67.0,3.0,0.0,2.0,5.0,0.0,0.0,2.9059233499928676,0.0,0.005289695617565593,0.0,39.15421084435022,0.0,-0.5462298674198702,0.0,25.0,0.0,0.0,0.0,0.0,1.0,0.0,1.0,0.0,1.0,0.0,0.0,Bad
74.0,183.0,6.0,76.0,19.0,0.0,0.0,100.0,39.61167681830062,7.0,8.0,19.0,1.7332924866425818,26.0,0.0,0.0,0.0,44.0,69.44842575039412,4.0,2.0,2.0,75.0,1.0,0.0,0.0,0.0,0.0,0.0,0.0,0.0,0.0,0.0,0.0,Bad
80.0,198.71553397480503,8.540038729600987,76.49662387000009,22.0,0.0,0.03407860280995892,100.0,40.43656462946515,7.0,8.0,23.0,2.350077015004788,9.0,1.0,4.0,3.863473684094805,13.0,63.799920529843774,1.0,1.0,0.17134731364700917,29.0,1.0,0.0,0.0,0.0,0.0,0.0,1.0,0.0,0.0,0.0,0.0,Good
87.0,369.0,21.338564641865176,177.0,18.0,0.0,0.0,98.06404242719981,44.91582534867888,7.0,8.0,19.0,1.0,26.0,0.0,2.0,1.9172949580254066,11.0,57.0,3.0,1.9439357701550826,0.0,60.0,1.0,0.0,0.0,0.0,0.0,0.0,0.0,0.0,0.0,0.0,0.0,Good
75.0,207.0,4.0,71.61267553092335,17.0,0.0,0.0,100.0,43.701597846933,7.14097754149964,8.0,17.0,2.6141564033063096,24.0,0.0,4.0,3.0,62.0,66.0,6.0,2.0,0.0,67.0,1.0,0.0,0.0,0.0,0.0,0.0,0.0,0.0,0.0,0.0,0.0,Bad
68.0,156.0,4.0,64.57316848548159,31.0,0.0,0.0,89.73455385842784,12.0,6.0,6.0,35.0,2.403869565909,37.0,3.1975991887623754,0.0,0.0,41.0,85.0,5.0,2.0,0.0,70.0,0.0,1.0,0.0,0.0,0.0,0.0,0.0,0.0,0.0,0.0,0.0,Bad
75.58859272535179,267.0,1.0,53.0,20.0,0.0,0.0,97.69167429379388,76.0,6.0,6.0,22.455090381670306,3.0,21.0,0.0,0.04406064694782223,0.0,50.0,52.0,5.0,3.0,1.6126472421678315,57.0,0.0,0.0,0.0,0.0,0.0,0.0,0.0,0.0,0.0,0.0,0.0,Good
79.0,345.0,17.0,124.0,12.0,0.0,0.0,100.0,40.82300255077118,7.0,8.0,12.0,0.0,21.866470213159115,0.0,3.0,2.874274943997169,53.0,54.09922795391941,1.0,0.08493219920484718,1.0,33.0,1.0,0.0,0.0,0.0,0.0,0.0,1.0,0.0,0.0,0.0,0.0,Bad
68.0,86.0,7.0,44.588659422574764,11.0,1.0,0.9245358102406688,92.0,7.0,3.5921707672327523,2.0,12.0,3.0,50.0,0.0,1.0,1.0,0.0,70.5059686367326,0.0,3.0,-0.9113705203351645,50.0,0.0,0.0,0.0,0.0,0.0,0.0,0.0,0.0,0.0,1.0,0.0,Bad
80.28089677785772,227.81019798835592,1.0,68.0,36.81056216929082,0.06413055214318542,0.0,100.0,40.221580018916,7.0,8.0,47.0,5.0,26.916537989157085,4.0,2.0,1.9474296338812527,5.0,73.5516954395813,3.0,2.0,0.19374993797791173,36.0,1.0,0.0,0.0,0.0,0.0,0.0,1.0,0.0,0.0,0.0,0.0,Good
74.0,189.0,3.0,67.0,41.0,0.0,-0.06237116525266176,100.0,36.86964709181757,7.0,8.0,59.0,5.0,31.0,1.9472740521135763,3.0,3.0,31.0,61.0,6.0,3.9276637123115714,1.0,72.0,1.0,1.0,0.0,0.0,0.0,0.0,0.0,0.0,0.0,0.0,0.0,Good
67.0,254.88728649170014,10.030256928640291,95.86107260552164,31.0,0.0,0.0,105.52985004387989,40.845475481401394,7.0,8.0,31.0,1.0,19.0,0.0,0.0,0.0,83.0,66.55331990934046,14.0,3.0,10.0,91.0,1.0,0.0,0.0,0.0,0.0,0.0,0.0,0.0,0.0,0.0,0.0,Bad
63.0,97.0,9.0,44.0,9.0,7.0,6.0,71.0,58.0,6.0,2.0,17.0,4.0,29.0,0.0,4.0,4.0,69.0,73.09196314631272,1.0,0.8096330135454062,1.0,50.0,0.0,0.0,0.0,0.0,0.0,0.0,1.0,0.0,0.0,0.0,0.0,Bad
70.84848217398702,273.0,1.0,111.0,26.0,0.0,0.0,100.0,38.13516104084664,7.0,8.0,28.0,1.0,7.0,0.0,3.0,3.0,74.0,68.67772011725415,7.0,0.6931769649486963,5.0,58.0,1.0,0.0,0.0,0.0,0.0,0.0,1.0,0.0,1.0,0.0,0.0,Good
79.19563288159097,152.0,4.0,73.0,28.0,0.0,0.0049376935829097135,100.0,41.14179724665604,7.0,8.0,28.20501916094622,2.706840248764985,22.11934680584461,0.0,4.0,4.0,2.0,70.69924762510666,6.0,1.0,0.6768451813130376,58.0,1.0,0.0,0.0,0.0,0.0,0.0,1.0,0.0,0.0,0.0,0.0,Bad
57.0,203.5746639831522,6.0,73.0,28.0,1.0,1.0,97.0,1.0,0.0,2.0,29.987701767886826,6.0,41.0,0.0,0.0,0.0,14.0,71.83832781357559,4.0,4.0,0.42261881043063054,62.0,0.0,0.0,0.0,0.0,0.0,0.0,0.0,0.0,0.0,0.0,0.0,Bad
74.0,148.0,10.921649075388839,62.09172828689944,22.0,0.0,0.0,100.0,38.638252555446314,7.0,8.0,23.0,0.0,57.0,1.0,4.0,4.0,66.0,68.23464481096966,2.0,10.0,0.0,92.0,1.0,0.0,0.0,0.0,0.0,0.0,0.0,0.0,0.0,0.0,0.0,Good
66.0,389.0,39.0,114.0,19.0,1.0,0.0,80.0616027110776,17.0,6.0,5.0,23.0,0.0,35.0,0.0,6.0,6.0,62.0,37.17573170366844,3.0,1.5412294107908298,2.0,63.0,0.0,0.0,0.0,0.0,0.0,0.0,1.0,0.0,0.0,0.0,0.0,Bad
58.52639238390821,194.0,10.0,54.0,14.0,1.0,1.0,79.0,10.0,4.0,6.0,15.0,1.0,29.0,0.0,1.0,1.0,74.0,65.35401514398986,6.0,0.936899022752165,1.0,70.0,0.0,0.0,0.0,0.0,0.0,0.0,1.0,0.0,0.0,0.0,0.0,Bad
89.0,282.9683740190272,4.0,108.0,28.0,0.0,0.0,104.5239439959336,53.31346150142355,7.5372590726301665,8.0,30.0,2.0,20.0,0.0,1.0,1.0,10.0,67.3472239572594,4.0,2.0,0.0,55.0,1.0,0.0,0.0,0.0,0.0,0.0,0.0,0.0,0.0,0.0,0.0,Good
68.0,213.0,4.0,52.0,15.0,-0.09409450431121913,-0.04582766280066314,100.0,40.93619009185494,7.0,8.0,15.0,2.0,20.0,0.0,3.0,3.0,77.0,73.05494011416775,9.0,1.0760539532099047,3.2334049416617443,91.0,1.0,0.0,0.0,0.0,0.0,0.0,1.0,0.0,0.0,0.0,0.0,Good
81.0,169.2284901385003,2.0,79.0,18.0,0.0,0.0,100.0,42.64645914302105,7.0,8.0,0.0,2.0,42.0,3.13389207001449,1.0972352155815852,1.0382130464353851,21.0,73.0,4.0,3.0,0.0,78.0,1.0,1.0,1.0,0.0,0.0,0.0,0.0,0.0,0.0,0.0,0.0,Bad
84.25265450546999,133.0,15.0,72.87102376886702,20.0,0.0,0.0,100.63201467804684,42.26495793165108,7.0,8.0,20.0,1.311544996927707,35.0,11.0,0.02947293662928417,0.0,5.0,60.08068340697137,1.0,1.0,-0.0049986102325840776,25.0,1.0,0.0,0.0,0.0,0.0,0.0,1.0,0.0,0.0,0.0,0.0,Good
68.0,190.8824652759297,11.864802753366252,80.40664169745091,16.0,1.0,1.0,89.0,0.0,3.29410415402984,2.0,19.0,1.2515549396666863,53.0,0.0,3.0,3.0,27.0,48.0,1.0,3.4663666145647207,0.0,83.0,0.0,0.0,0.0,0.0,0.0,0.0,0.0,0.0,0.0,0.0,0.0,Bad
65.0,154.0,41.0,92.0,11.634954612958406,1.0,0.0,73.0,12.0,6.0,5.0,12.0,0.0,33.0,3.1289002300962196,0.0,0.0,46.0,35.0,4.0,2.472230810720265,2.0,83.0,0.0,1.0,0.0,0.0,0.0,0.0,0.0,0.0,0.0,0.0,0.0,Bad
80.30099947669754,193.27448966662905,9.563046182105396,76.0,21.835674493461166,0.0,0.0,94.0,37.0,6.0,6.0,21.66394833369461,0.0,22.0,0.0,0.0,0.0,1.0,62.90272690328872,1.0,1.0,0.0,22.0,0.0,0.0,0.0,0.0,0.0,0.0,0.0,0.0,0.0,0.0,0.0,Good
88.0,309.0,15.945036874761037,86.0,9.0,-0.08629720899060445,0.0,100.0,48.598601875426,7.0,8.0,10.0,0.0,10.0,0.0,1.0,1.0,9.0,55.64642061807219,2.0,-0.045509862360138875,0.0,40.0,1.0,0.0,0.0,0.0,0.0,0.0,1.0,0.0,1.0,0.0,0.0,Good
66.0,196.08483348701267,2.0,73.0,20.0,1.0,0.6509447033379319,86.0,15.0,6.0,3.0,24.0,1.0,18.0,2.0,3.0,2.879671220791304,47.0,68.41870183812634,5.0,1.0,3.0,67.0,0.0,0.0,0.0,0.0,0.0,0.0,1.0,0.0,0.0,0.0,0.0,Bad
70.0,312.0,14.052401786953407,116.0,26.848437999081952,0.3878683512681138,0.0,81.0,27.0,6.0,6.0,29.37759106695012,3.0,12.0,0.0,1.10845670498103,1.0806105561913704,49.0,57.52203113707262,11.0,1.2190874814918269,2.7425609834384197,75.0,0.0,0.0,0.0,0.0,0.0,0.0,1.0,0.0,1.0,0.0,0.0,Bad
83.49909256555162,140.0,6.0,84.0,18.130145421525672,0.0,0.00775302730846078,100.0,41.5909405247578,7.0,8.0,17.35537617449444,1.0,29.0,4.130418857292982,0.0,0.0005759872488432238,6.0,62.0,2.0,2.0,-0.13028564747131055,57.0,1.0,1.0,0.0,0.0,0.0,0.0,0.0,0.0,0.0,0.0,0.0,Good
66.0,46.0,4.0,78.0,14.675775207837638,0.10095082891949447,0.0,98.0,5.0,4.387643947025522,6.0,3.0,1.5855905135834854,68.0,1.0,3.0,3.0,32.0,35.0,6.0,4.0,1.2254273329275942,91.0,0.0,0.0,0.0,0.0,0.0,0.0,0.0,0.0,0.0,0.0,0.0,Bad
65.0,216.3337636227159,9.0,89.0,23.0,0.3575099168246605,0.0,83.0,2.0,4.0,6.0,23.0,1.0,52.0,3.221894862462452,0.0,0.0,49.0,75.0,4.0,4.0,1.0,80.0,0.0,1.0,0.0,0.0,0.0,0.0,0.0,0.0,0.0,0.0,0.0,Bad
68.0,115.0,6.0,71.0,16.893929172667058,0.0,0.0,100.0,45.826106824185786,7.0,8.0,14.0,2.0,14.0,0.0,5.0,4.0,83.0,71.5770484247005,9.0,1.0,8.0,100.0,1.0,0.0,0.0,0.0,0.0,0.0,1.0,0.0,0.0,0.0,0.0,Bad
64.53987528354268,69.0,8.0,42.0,9.234824050923336,0.0,0.0,90.0,26.168972703222124,5.0,7.0,10.0,1.0,40.0,0.0,3.0,2.9069032194654896,79.0,72.0,3.0,2.511303906381419,1.0,100.0,1.0,0.0,0.0,0.0,0.0,0.0,0.0,0.0,0.0,0.0,0.0,Bad
92.0,330.0,14.54158723500937,119.0,10.0,0.0,0.0,100.0,51.085578484948144,7.0,8.0,11.0,2.0,26.44086123044537,4.648834720095607,0.03587974947405606,0.0,1.0,56.46636310277306,1.0,1.0,0.0,33.0,1.0,0.0,0.0,0.0,1.0,0.0,0.0,0.0,0.0,0.0,0.0,Bad
57.0,129.0,16.659244906389212,74.0,12.0,17.0,16.0,70.80009886867423,6.0,1.307346687399468,3.0,30.0,0.38709792187840986,73.0,2.782407276615691,0.0,0.0,26.0,47.0,2.0,9.0,0.0,92.0,0.0,1.0,0.0,0.0,0.0,0.0,0.0,0.0,0.0,0.0,0.0,Bad
66.0,143.53361484280512,3.0,63.0,30.0,1.0,0.0,94.0,4.0,4.1035567589702335,5.0,10.0,4.0,29.608616278003517,2.0,4.0,3.8430248081832175,4.0,73.0,4.0,2.0,0.3426061265167646,43.0,0.0,0.0,0.0,0.0,0.0,0.0,0.0,0.0,0.0,0.0,0.0,Good
60.0,177.0,2.0,116.0,5.0,6.0,2.0,50.0,10.0,4.0,3.0,9.0,0.8141259249114983,17.0,0.0,1.0,1.0,38.0,64.00807429566059,3.0,0.4738638002640143,1.0,60.0,0.0,0.0,0.0,0.0,0.0,0.0,1.0,0.0,1.0,0.0,0.0,Good
79.0,214.0,4.0,85.0,37.0,-0.08365419869022439,0.0,97.0,8.0,4.0,6.0,15.0,1.997946048802011,27.0,4.0,2.0,2.0,6.0,78.0,3.0,3.0,0.0,38.0,0.0,0.0,0.0,0.0,0.0,0.0,0.0,0.0,0.0,0.0,0.0,Good
67.0,228.0,19.0,126.0,14.072479678024237,0.44056874258994183,0.10098380533300033,82.41725106405212,15.0,6.0,6.0,12.0,0.919648625980602,18.0,1.556857499135679,3.0,2.886192600780137,37.0,51.23685122203105,6.0,1.0,1.0,88.0,0.0,1.0,0.0,0.0,0.0,0.0,1.0,0.0,0.0,0.0,0.0,Bad
84.0,296.18815333081136,2.0,120.0,20.0,0.0,0.0,100.0,43.082698797842,7.0,8.0,23.0,2.0,29.0,0.0,8.0,8.0,7.0,75.0,2.0,3.0,-0.00011292957685116178,50.0,1.0,0.0,0.0,0.0,0.0,0.0,0.0,0.0,0.0,0.0,0.0,Bad
73.0,124.0,1.0,31.0,9.0,0.0,-0.028739746591165377,91.0,78.0,7.414552669407964,6.0,11.0,5.0,45.0,0.0,2.1228738693785036,2.0,10.0,94.0,2.0,2.3036808466733345,-0.23205180193619457,67.0,0.0,0.0,0.0,0.0,0.0,0.0,0.0,0.0,0.0,1.0,0.0,Bad
50.0,144.0,7.0,74.0,36.0,2.6293298804925174,2.0,86.0,1.0,0.0,2.0,42.0,1.0,52.0,0.0,0.0,-0.0024599721835141253,92.0,45.0,7.0,4.0,2.0,92.0,0.0,0.0,0.0,0.0,0.0,0.0,0.0,0.0,0.0,0.0,0.0,Bad
79.0,193.0,18.0,100.0,24.0,0.0,0.0,96.0,36.0,5.626120052313736,6.0,34.0,1.0563252979334576,40.0,19.0,0.0,0.0,16.0,54.946324407842596,3.0,1.0,0.0,44.0,0.0,0.0,0.0,0.0,0.0,0.0,1.0,0.0,0.0,0.0,0.0,Good
77.0,119.0,4.0,48.19981253206261,27.888767660951594,0.0,0.0,100.0,42.02734744531293,7.0,8.0,34.0,4.0,73.0,6.0,0.0,0.0,26.0,78.88436929693148,4.0,4.582833064339238,0.4565383273313359,92.0,1.0,0.0,0.0,0.0,0.0,0.0,0.0,0.0,0.0,0.0,0.0,Good
80.0,175.0,6.0,59.0,19.0,0.0,0.0,100.0,42.44439008492495,7.0,8.0,19.0,1.0,16.0,0.0,3.0,3.0,12.0,67.94805821209621,6.0,0.8731875176915822,0.0,58.0,1.0,0.0,0.0,0.0,0.0,0.0,1.0,0.0,0.0,0.0,0.0,Bad
82.0,418.0,9.0,113.68587315877686,21.0,0.0,0.03376462024119589,100.0,37.00776051289199,7.0,8.0,37.0,1.9821442180982451,24.807267447302763,1.0,2.0,2.0,5.0,60.50540056608822,1.0,1.0,0.0,29.0,1.0,0.0,0.0,0.0,0.0,0.0,1.0,0.0,0.0,0.0,0.0,Good
76.0,234.1363213852531,12.918367978527247,95.44270562906947,25.88692359381179,0.08772750004771579,-0.0016666413564214722,96.0,30.0,6.0,6.0,27.0,0.0,22.0,0.0,2.0,2.0,14.0,59.14697957931354,4.0,1.2212268993333026,1.0,42.0,0.0,0.0,0.0,0.0,0.0,0.0,1.0,0.0,0.0,0.0,0.0,Good
63.0,262.0,26.0,95.0,3.0,2.0,2.0,71.81675209068108,27.0,4.398406927256348,4.0,6.0,0.0,100.0,0.0,0.0,0.0,59.36268388026015,58.61404032924079,-0.8612911479435583,1.6231262409084692,0.25468053259223566,100.0,0.0,0.0,0.0,0.0,0.0,1.0,1.0,1.0,0.0,1.0,0.0,Bad
80.0,104.0,10.0,93.0,36.0,0.0,0.0,97.0,36.0,6.0,6.0,6.0,1.0,23.0,8.0,0.0,0.0,18.0,62.812538675200045,3.0,3.0,0.4473144920637311,46.0,0.0,0.0,0.0,0.0,0.0,0.0,1.0,0.0,0.0,0.0,0.0,Good
72.0,85.0,8.0,43.0,11.0,0.0,0.0,100.0,39.80193540134687,7.0,8.0,11.0,2.038681479473484,0.0,0.0,1.0,1.0,57.0,67.30604231746797,3.0,-0.2752815431155329,2.0,33.0,1.0,0.0,0.0,0.0,0.0,0.0,1.0,0.0,1.0,0.0,0.0,Good
85.0,404.0,4.0,122.05917084068655,37.90027093676177,0.0,0.0,100.0,39.15390584971274,6.656195861562103,8.0,44.0,3.0,28.0,20.0,0.8261061005768935,0.7971856147240658,3.0,54.0,7.0,3.0,0.0,63.0,1.0,0.0,0.0,0.0,0.0,0.0,0.0,0.0,0.0,0.0,0.0,Good
79.0,196.0,5.0,97.0,28.0,0.0,0.0,100.0,43.76173169556705,6.932136991207015,8.0,29.0,1.3969497797216506,48.0,0.0,0.0,0.0,40.0,71.64887380489317,4.0,1.0,1.0,83.0,1.0,0.0,0.0,0.0,0.0,0.0,1.0,0.0,0.0,0.0,0.0,Bad
66.0,136.70620833576666,4.0,53.0,18.0,0.0,0.0,100.0,32.80361442802979,6.0,7.0,18.0,1.0,51.562567439069525,1.0,5.0,4.8361385606945415,93.0,40.0,3.0,4.0,1.0,100.0,1.0,0.0,0.0,0.0,0.0,0.0,0.0,0.0,0.0,0.0,0.0,Good
70.0,97.0,7.0,53.0,17.90676963752743,0.0,0.0,94.0,25.98505247084114,6.0,6.0,16.0,1.0,38.0,0.0,1.0,1.0,17.0,69.0,2.0,3.0,0.2707956872699335,60.0,0.0,0.0,0.0,1.0,0.0,0.0,0.0,0.0,0.0,0.0,0.0,Bad
66.0,261.0,16.09069657653537,98.68086364093303,28.503638942559654,1.0,0.0,79.0,2.0,4.0,5.0,33.0,1.231287131050772,48.0,11.0,0.0,0.0,24.0,30.0,3.0,3.0,0.8086102734242222,46.0,0.0,0.0,0.0,0.0,0.0,0.0,0.0,0.0,0.0,0.0,0.0,Good
63.35467135850337,149.0,2.0,70.0,10.0,1.0,0.6621334903093158,85.0,9.0,4.0,4.0,13.0,3.0,31.0,6.0,0.0,0.0,47.0,70.54791029543982,4.0,2.0,1.0,86.0,0.0,0.0,0.0,0.0,0.0,0.0,0.0,0.0,0.0,0.0,0.0,Bad
70.0,43.0,4.0,21.0,11.0,0.007510791123042093,0.0,100.0,44.04764951031933,7.0,8.0,13.0,4.0,38.0,0.0,3.0,3.0,64.0,98.0,4.0,3.0,1.0,88.0,1.0,0.0,0.0,0.0,0.0,0.0,0.0,0.0,0.0,0.0,0.0,Bad
81.0,199.0,4.0,94.0,34.594069864492425,0.22977440408684613,0.07650354830659267,100.0,35.257158642149875,7.0,8.0,36.0,2.0,53.0,0.0,4.0,3.871776597644533,9.0,11.0,2.0,7.0,0.12454806869211676,50.0,1.0,0.0,0.0,0.0,0.0,0.0,0.0,0.0,0.0,0.0,0.0,Good
75.0,162.0,8.0,77.0,32.96339855773114,0.0,-0.000938883479147945,100.0,35.514427594928634,7.0,8.0,42.0,1.0,20.0,7.0,0.0,0.0,27.0,65.05606248790028,5.0,2.0,1.0,64.0,1.0,0.0,0.0,0.0,0.0,0.0,1.0,0.0,0.0,0.0,0.0,Good
61.36548711962964,211.00897510987141,20.0,95.0,18.0,2.3370910550794792,2.0,86.0,11.0,4.0,4.0,21.0,0.0,34.72887561350334,0.0,1.0,1.0,62.0,55.6885306469361,5.0,1.0,1.8238784789211984,88.0,0.0,0.0,0.0,0.0,0.0,0.0,1.0,0.0,0.0,0.0,0.0,Bad
47.0,147.0,6.0,43.0,15.0,2.0,2.0,77.85412272032491,6.0,3.3428247078594633,3.0,18.0,1.0,53.78265835647922,0.0,0.034457607144176505,0.0,91.0,76.0,4.0,6.0,2.6370384054914835,91.0,0.0,0.0,0.0,0.0,0.0,0.0,0.0,0.0,0.0,0.0,0.0,Good
59.0,202.1493154633015,11.0,96.0,10.0,2.842766813618988,2.0,73.31485321705678,35.0,6.0,2.0,14.438570563256267,1.0,50.0,1.5988964858207493,1.0,1.0,76.0,66.47319815178246,2.0,1.0,1.0,100.0,0.0,1.0,0.0,0.0,0.0,0.0,1.0,0.0,0.0,0.0,0.0,Good
78.0,204.9830199950465,2.0,77.67088640835875,11.0,1.0,0.0,92.0,20.0,6.0,5.0,13.0,2.1936400686284094,15.0,2.0,4.094202296632137,4.0,2.0,77.0,1.0,1.0,0.0,20.0,0.0,0.0,0.0,0.0,0.0,0.0,0.0,0.0,0.0,0.0,0.0,Good
69.0,266.0,2.1364922597459,93.0,22.0,2.0,0.0,89.0,28.0,6.0,5.0,27.0,2.2558062440686317,41.0,9.0,0.0,0.0,27.0,92.0,6.0,2.0,1.0,67.0,0.0,0.0,0.0,0.0,0.0,0.0,0.0,0.0,0.0,0.0,0.0,Bad
67.29179431043202,196.0,2.0,36.0,25.0,0.0,0.0,100.0,35.541577080250704,7.0,8.0,20.0,7.0,14.0,1.2719878304134515,2.0582186475958437,2.0,41.0,69.0,11.0,4.0,2.0,75.0,1.0,1.0,0.0,0.0,0.0,0.0,0.0,0.0,0.0,0.0,0.0,Bad
61.14420603134687,202.0,29.0,71.0,7.0,1.0,1.0,57.0,5.0,4.0,6.0,29.0,0.802053232697646,43.0,1.0,3.0,3.0,42.0,47.67579285240605,2.0,1.0,0.0,75.0,0.0,0.0,0.0,0.0,0.0,0.0,1.0,0.0,0.0,0.0,0.0,Bad
77.70819487089466,167.0,16.0,82.88846674862818,23.0,0.0,0.0,100.0,40.38554717630325,7.0,8.0,24.0,0.0,17.0,3.904398768088567,0.0,0.0,35.0,70.0,4.0,2.2180038670760758,2.0,67.0,1.0,1.0,0.0,0.0,0.0,0.0,0.0,0.0,0.0,0.0,0.0,Good
62.0,208.0,4.0,76.06380084144735,17.86774298054399,0.26921970628894565,0.0,89.0,1.0,4.0,5.0,18.0,2.0,33.0,0.0,1.0,1.0,69.0,66.0,6.0,3.0407209907315864,3.0,100.0,0.0,0.0,0.0,0.0,0.0,0.0,0.0,0.0,0.0,0.0,0.0,Good
76.11009894418078,124.0,5.0,64.79327419482769,12.0,1.7693219658817825,1.4572675709559113,92.0,44.0,6.0,2.0,20.0,1.0,23.0,2.9667216249682373,1.0,0.914330554725815,5.0,69.20770443786179,2.0,1.0,-0.6496928943843154,75.0,0.0,1.0,0.0,0.0,0.0,0.0,1.0,0.0,0.0,1.0,0.0,Bad
81.0,155.0,4.0,55.0,27.214931896759886,0.0,0.0,103.19079253448257,42.746899907270205,7.0,8.0,29.0,2.9062811235062607,36.0,2.0,2.0,1.9363675485721223,2.0,94.0,4.0,2.0,0.0,46.0,1.0,0.0,0.0,0.0,0.0,0.0,0.0,0.0,0.0,0.0,0.0,Good
73.0,330.0,7.0,131.0,6.0,0.6100616409138442,0.0,67.0,14.0,6.0,6.0,6.0,0.026752813285408017,50.0,7.0,0.0,0.0,59.0,60.004355227887565,2.0,1.0,0.0,75.0,0.0,0.0,0.0,0.0,0.0,0.0,1.0,0.0,0.0,0.0,0.0,Bad
70.16730610579147,63.0,6.0,161.0,27.0,0.0,0.0,89.0,18.0,6.0,6.0,21.581602319658334,1.0,25.254162978740432,3.0855046518355675,1.0,1.0,63.0,61.66729290056148,3.0,1.0346183168594205,3.0,45.0,0.0,1.0,0.0,0.0,0.0,0.0,1.0,0.0,0.0,0.0,0.0,Good
69.0,75.0,8.0,32.0,18.0,0.025196033523261274,0.0,100.0,36.29297599245203,6.591614404095992,8.0,18.0,2.4368135335600227,44.0,0.0,0.0,0.0,50.0,88.0,6.0,4.0,2.0,91.0,1.0,0.0,0.0,0.0,0.0,0.0,0.0,0.0,0.0,0.0,0.0,Bad
74.0,319.0,5.0,68.0,22.0,0.0,0.0,100.0,36.49124013875189,7.0,8.0,30.0,2.0,40.362542085495264,1.7285575093934606,3.0,3.0,39.0,70.71047398782133,3.0,2.0,0.9966854370761622,75.0,1.0,1.0,0.0,0.0,0.0,0.0,0.0,0.0,0.0,0.0,0.0,Bad
79.0,414.0,8.0,120.0,30.990363078691562,0.0,0.0,97.0,17.0,6.0,6.0,33.0,1.0,36.0,12.0,0.02896756443852485,0.0,27.0,70.0,2.0,2.6367051502989463,0.0,29.0,0.0,0.0,0.0,0.0,0.0,0.0,0.0,0.0,0.0,0.0,0.0,Good
70.0,246.23812051371465,3.0,108.0,7.0,2.0,1.0,81.26574878738052,48.0,6.0,4.0,10.0,2.0,30.0,0.0,2.0,2.0,94.0,70.77265066482478,2.0,1.0,1.4465280951222914,100.0,0.0,0.0,0.0,0.0,0.0,0.0,1.0,0.0,0.0,0.0,0.0,Bad
85.0,190.0,2.0,49.0,9.0,-0.058459233568000535,0.0,100.0,46.434283456884884,7.0,8.0,10.0,2.0,34.27488638945421,3.0,1.0,1.0,5.0,56.0,2.0,2.0735540536277837,0.0,57.0,1.0,0.0,0.0,0.0,0.0,0.0,0.0,0.0,0.0,0.0,0.0,Good
80.0,188.11266888561394,8.0,66.0,22.0,0.0,0.0,100.0,35.205646070734645,6.570223170826508,8.0,26.0,1.0,13.0,2.0,2.0,1.0,2.0,64.04394766419756,4.0,0.505553100044833,0.0,27.0,1.0,0.0,0.0,0.0,0.0,0.0,1.0,0.0,1.0,0.0,0.0,Good
66.0,104.0,4.0,85.0,14.89266874626102,0.0,0.0,96.0,11.0,4.0,6.0,7.0,3.0,31.0,1.8127204116326134,2.0,2.0,38.0,69.85860357890583,7.0,1.0,1.0,80.0,0.0,1.0,0.0,0.0,0.0,0.0,1.0,0.0,0.0,0.0,0.0,Good
74.72676134998211,148.0,9.0,42.0,15.16121521659016,-0.05584046692612121,0.0,100.0,41.54974281195163,6.843564905373405,8.0,14.0,2.0,14.0,0.0,0.0,0.0,38.0,95.0,4.0,2.0,1.0,67.0,1.0,0.0,0.0,0.0,0.0,0.0,0.0,0.0,0.0,0.0,0.0,Bad
87.0,278.0,48.0,143.0,6.0,0.0,0.0,100.0,52.08101740102117,7.0,8.0,7.560311461659001,-1.005534554714961,0.0,0.0,0.0,0.0,12.0,26.786196710698626,3.0,0.4347468085963542,0.0,100.0,1.0,0.0,0.0,0.0,0.0,0.0,1.0,0.0,1.0,0.0,0.0,Good
78.49958403373896,168.0,1.0,34.0,1.0,0.0,-0.011268699091784018,100.0,55.30304396414721,9.0,8.0,5.0,4.0,20.0,0.14709205809987136,4.071062541172499,4.0,34.0,101.0,1.0,1.0,0.0,50.0,1.0,1.0,0.0,0.0,0.0,0.0,0.0,0.0,0.0,0.0,0.0,Bad
65.0,87.0,3.0,47.0,18.120186183238015,2.0,2.0,94.66716471986814,30.004881719186244,6.0,8.0,20.0,2.407909662607034,27.56476710115,2.0,1.0,1.0,42.0,74.48275165005744,6.0,1.0,1.0,78.0,1.0,0.0,0.0,0.0,0.0,0.0,1.0,0.0,0.0,0.0,0.0,Bad
84.0,128.0,3.0,61.34787757824165,23.0,0.0,0.0,100.0,48.512428969058476,7.0,8.0,23.0,2.380942350824712,37.882987400606424,0.0,1.0,1.0,14.0,99.0,4.0,3.0,0.0,64.0,1.0,0.0,0.0,0.0,0.0,0.0,0.0,0.0,0.0,0.0,0.0,Good
60.0,123.0,1.0,47.0,19.53902841197515,0.0015399058222027584,0.0,100.0,32.550593209283505,7.0,8.0,20.0,3.0,5.0,0.0,1.0,1.0,90.0,75.18965323909825,6.0,1.0,5.0,70.0,1.0,0.0,0.0,0.0,0.0,0.0,1.0,0.0,0.0,0.0,0.0,Bad
62.50420397396366,189.0,2.0,82.0,41.0,1.0,0.0,85.0,21.0,5.137885716559613,5.0,15.0,2.0,10.43118952678996,2.451817166807903,2.0,0.0,49.0,70.07851756210786,10.0,1.0,5.0,46.0,0.0,1.0,0.0,0.0,0.0,0.0,1.0,0.0,0.0,0.0,0.0,Bad
82.0,139.0,15.818767586976222,87.0,21.181246289389424,0.0,0.0,100.0,41.64810673308,7.0,8.0,22.0,1.451920014159473,27.0,1.0,2.0,2.0,12.0,42.0,1.0,2.0,0.0,44.0,1.0,0.0,0.0,0.0,0.0,0.0,0.0,0.0,0.0,0.0,0.0,Good
71.466410518282,168.0,31.0,92.95395155699055,22.0,1.0,0.7629520346180982,96.0,49.0,5.938290205000283,5.0,17.0,0.0,65.0,3.0,1.0813030127288312,1.0,61.0,53.813818618385916,3.0,3.0,2.0,75.0,0.0,0.0,0.0,0.0,0.0,0.0,0.0,0.0,0.0,0.0,0.0,Good
65.25190314725823,376.0,6.0,99.0,18.0,0.0,0.0012018725602585822,94.0,5.0,4.0,6.0,18.0,1.0,22.0,2.0559040217265223,3.0,2.0,53.0,63.001692684850795,8.0,1.0,1.0,100.0,0.0,1.0,0.0,0.0,0.0,0.0,1.0,0.0,0.0,0.0,0.0,Bad
61.0,201.30709100648255,10.0,84.0,18.0,5.0,4.0,63.0,7.0,2.988917529480828,3.0,24.0,1.0,58.0,0.0,0.0,-0.05174161871711508,0.0,65.10045042022334,1.0,1.0,-0.623984515554834,50.0,0.0,0.0,0.0,0.0,0.0,0.0,1.0,0.0,0.0,1.0,0.0,Good
83.0,177.0,1.0,60.0,18.0,0.0,0.0,103.31563801797765,47.50333867500456,7.0,8.0,25.0,4.0,37.0,0.0,2.0564361363359733,2.0,6.0,74.0,3.0,2.8444414255135984,1.0,64.0,1.0,0.0,0.0,0.0,0.0,0.0,0.0,0.0,0.0,0.0,0.0,Good
85.0,179.0,25.0,120.0,28.0,0.0,0.0,100.0,41.709506842454886,7.0,8.0,28.642203052293006,0.0,89.0,0.0,1.0,1.0,0.0,20.0,0.0,4.475712196974198,-0.9217253561358856,88.0,1.0,0.0,0.0,0.0,0.0,0.0,0.0,0.0,0.0,1.0,0.0,Good
89.0,97.0,97.0,97.0,1.0,-0.2521346553806212,0.0,100.0,58.407878214239986,7.0,8.0,1.0,-2.6852326875711343,0.0,5.09247795108814,0.0,-0.04927150749443929,2.0,-8.893893486471512,1.0,0.3073990469208713,0.0,100.0,1.0,0.0,0.0,0.0,1.0,0.0,1.0,0.0,1.0,0.0,0.0,Bad
73.0,246.0,1.0,79.0,26.806806508282868,0.0,0.0,100.0,41.14871707091322,7.0,8.0,29.0,6.0,27.13875722362603,0.0,1.0,1.0,50.0,75.71322929853154,4.0,2.0,4.0,50.0,1.0,0.0,0.0,0.0,0.0,0.0,1.0,0.0,0.0,0.0,0.0,Bad
73.7771464172895,185.78357403081003,2.0,72.0,16.89273714333939,0.0,0.014287451186875966,100.0,40.732553625929114,7.0,8.0,16.0,1.0,19.0,0.0,2.0,1.9319813720272003,58.0,62.0,5.0,2.0,1.0,80.0,1.0,0.0,0.0,0.0,0.0,0.0,0.0,0.0,0.0,0.0,0.0,Good
67.0,163.0,1.0,78.0,27.110716182059058,0.0,0.0,100.0,36.41710835088364,7.0,8.0,27.0,3.0,48.0,1.0,4.0,4.0,81.0,77.34441388335712,6.0,3.214392647901674,2.957371268706605,75.0,1.0,0.0,0.0,0.0,0.0,0.0,0.0,0.0,0.0,0.0,0.0,Bad
84.26170367822212,198.4236399534192,12.0,81.0,12.0,-0.0013375510620279307,0.0,98.73277500171594,46.67040129746124,6.873197840075859,8.0,18.0,0.0,17.0,3.431519064507049,0.901277108713278,0.8625703928946925,2.0,98.0,4.0,1.9036855189973747,0.0,83.0,1.0,0.0,0.0,0.0,1.0,0.0,0.0,0.0,0.0,0.0,0.0,Good
68.0,189.0,12.0,49.0,6.0,4.0,4.0,91.3065506344049,40.90400201993529,6.226852921995169,8.0,11.63677559163952,1.423471412538174,50.0,0.0,1.0,1.0,62.0,69.55756948049033,1.0,2.0,0.9529581670353624,75.0,1.0,0.0,0.0,0.0,0.0,0.0,0.0,0.0,0.0,1.0,0.0,Bad
85.0,149.0,14.920748031973863,63.0,15.0,-0.033566718167829634,0.0,100.85776844742509,44.10740219200494,7.0,8.0,15.590458690258526,1.0,40.0,0.0,2.0,2.0,5.0,32.0,1.0,3.0,-0.33151635532020185,44.0,1.0,0.0,0.0,0.0,0.0,0.0,0.0,0.0,0.0,0.0,0.0,Good
78.0,233.0,9.0,103.0,42.0,0.06413001212072489,0.0,102.70925063950028,37.62375725406196,7.0,8.0,42.0,2.559126974936518,38.0,3.9417273199030505,0.0,0.0,20.0,85.0,5.0,4.0,0.0,56.0,1.0,0.0,0.0,0.0,1.0,0.0,0.0,0.0,0.0,0.0,0.0,Good
63.0,240.0,15.0,73.0,22.0,0.0,0.0,82.0,2.0,4.0,6.0,2.0,1.5682139876961232,14.0,3.0683194185418547,0.054134299351917985,0.0,37.0,56.791735207773534,6.0,1.0999833433103592,1.0,57.0,0.0,1.0,0.0,0.0,0.0,0.0,1.0,0.0,0.0,0.0,0.0,Bad
63.202040810980606,247.25593872865778,6.0,87.0,39.0,0.24711984026483336,0.0,93.0,25.0,6.0,6.0,42.0,2.6579454934167845,21.656923427455638,3.0360397196431745,0.06207817481873726,0.0,66.0,76.0,12.0,3.0,4.0,77.0,0.0,1.0,1.0,0.0,0.0,0.0,0.0,0.0,0.0,0.0,0.0,Good
65.74153659233355,82.0,3.0,51.96347444709754,21.0,1.0,0.6460382500025262,90.0,3.0,4.0,6.0,21.074127586562636,2.0,24.0,2.0911018790708016,2.0,2.0,17.0,50.0,5.0,2.0,0.0,50.0,0.0,1.0,0.0,0.0,0.0,0.0,0.0,0.0,0.0,0.0,0.0,Bad
68.0,166.0,3.0,37.0,16.0,-0.018347448198269944,0.0,100.0,38.432273984101386,7.0,8.0,16.0,3.1714309424001885,25.0,0.0,5.0,5.0,66.0,75.28254885371275,6.0,2.0,2.0,67.0,1.0,0.0,0.0,0.0,0.0,0.0,0.0,0.0,0.0,0.0,0.0,Good
64.0,320.0,1.3901821242038572,96.0,40.0,0.40730027619936493,0.17604222942039138,93.0,24.0,6.0,6.0,42.0,2.0,37.0,0.0,7.139117343839863,7.0,35.0,77.0,14.0,2.0,1.0,80.0,0.0,0.0,0.0,0.0,0.0,0.0,0.0,0.0,0.0,0.0,0.0,Good
80.0,443.0,7.0,129.0,25.0,2.0,0.0,93.0,46.0,6.0,5.0,27.0,1.0,41.0,1.0,3.0,2.8888556216025645,11.0,22.0,4.0,3.0,0.0,75.0,0.0,0.0,0.0,0.0,0.0,0.0,0.0,0.0,0.0,0.0,0.0,Good
85.0,282.7473473544894,4.0,109.0,29.0,0.021993864377216177,0.0,100.0,41.88117835709741,6.90395889519949,8.0,29.0,1.843316724304457,23.01048567015573,0.0,0.0,0.0,1.0,66.53161530679425,4.0,1.4096915630653555,0.0,43.0,1.0,0.0,0.0,0.0,0.0,0.0,1.0,0.0,0.0,0.0,0.0,Good
71.0,367.0,6.982257629447222,145.0,40.845338435286834,0.0,-0.04735609916298053,95.0,59.0,6.0,6.0,41.0,1.0,15.077434344199997,1.0,4.0,4.0,21.0,97.0,13.0,2.0,1.0,73.0,0.0,0.0,0.0,0.0,0.0,0.0,0.0,0.0,0.0,0.0,0.0,Bad
64.0,104.0,3.0,61.0,38.0,0.0,0.0,100.0,33.92497950897538,7.0,8.0,36.076684179724424,1.0,29.0,2.756967000230698,0.0,-0.02399133896828995,74.0,98.0,10.0,4.0,6.0,88.0,1.0,0.0,0.0,0.0,1.0,0.0,0.0,0.0,0.0,0.0,0.0,Good
86.0,244.0,3.0,103.16854965458971,28.0,-0.06287910316050116,0.0,100.0,43.942828289227975,7.006278705532614,8.0,11.0,1.7037672244145883,7.0,4.394788816527962,0.0,-0.013157382806686574,4.0,65.36602682476433,3.0,0.6578088294509948,0.3135582674934527,25.0,1.0,0.0,0.0,0.0,1.0,0.0,1.0,0.0,1.0,0.0,0.0,Good
79.39276218826207,74.0,6.0,53.45331768483577,19.014154245385544,-0.01044932342186966,0.0,100.0,38.630308319733984,6.788998235398281,8.0,17.0,1.0,29.0,9.0,0.0,0.0,17.0,61.0,2.0,2.1353434676820107,1.0,45.0,1.0,0.0,0.0,0.0,0.0,0.0,0.0,0.0,0.0,0.0,0.0,Good
60.0,256.0,4.0,79.69581750499005,28.0,0.23765370936238517,0.0,90.0,4.0,4.1977231952572485,6.0,30.0,2.0,30.0,4.0,1.0,1.0,60.0,100.0,8.0,3.0,2.0,85.0,0.0,0.0,0.0,0.0,0.0,0.0,0.0,0.0,0.0,0.0,0.0,Good
58.803398321171116,117.0,18.0,73.0,7.0,1.0,0.38127051727581085,50.0,17.0,4.183294835989991,2.0,8.0,0.5793945927388613,50.0,0.0,0.050152113422304856,0.0,76.0,58.0,1.0,3.0,1.0,80.0,0.0,0.0,0.0,0.0,0.0,0.0,0.0,0.0,0.0,0.0,0.0,Bad
81.0,271.0,23.0,82.0,23.0,-0.016933250971582048,0.0,100.0,40.149673746967665,7.0,8.0,26.0,1.4249300396662372,38.0,0.0,0.0,-0.013985231766896561,11.0,55.05547597586324,2.0,1.6491821135797042,0.0,44.0,1.0,0.0,0.0,0.0,0.0,0.0,1.0,0.0,0.0,0.0,0.0,Good
72.0,206.0,4.0,75.23251080653137,33.0,0.0,0.0,95.9806912257005,4.0,4.0,6.0,34.0,8.0,29.0,0.0,7.0,6.0,22.0,68.0,10.0,3.0,1.0,81.0,0.0,0.0,0.0,0.0,0.0,0.0,0.0,0.0,0.0,0.0,0.0,Bad
57.0,184.83937904963204,7.0,78.87791879560942,20.90426294251116,1.0,0.6586751457313568,88.0,3.0,4.0,6.0,14.366459785189381,1.0,19.0,1.538582521011112,2.0869857157333573,2.0,69.0,65.52337502197221,10.0,1.0,3.324189292959291,92.0,0.0,1.0,1.0,0.0,0.0,0.0,1.0,0.0,0.0,0.0,0.0,Bad
60.0,142.0,18.0,82.0,10.677273270234096,3.0,2.0,59.0,5.0,4.0,4.0,18.0,0.0,47.0,0.0,2.0,1.8815552626044685,2.0,19.0,1.0,2.0,-0.7038799175577677,75.0,0.0,0.0,0.0,0.0,0.0,0.0,0.0,0.0,0.0,1.0,0.0,Bad
83.0,281.0,2.0,59.0,13.0,0.0,0.0,101.05994446769557,42.64589771330313,7.0,8.0,14.0,2.456192407628264,43.0,1.0,2.0476643624691606,2.0,2.0,73.25622751136595,1.0,4.0,0.0,56.0,1.0,0.0,0.0,0.0,0.0,0.0,0.0,0.0,0.0,0.0,0.0,Good
77.0,166.27174447194565,17.0,71.0,15.051106176356111,0.0,0.0,95.0,6.0,4.364552676545426,6.0,16.66253541831586,0.0,32.0,8.0,0.0,0.0,1.0,84.0,2.0,2.877325825520668,0.0,86.0,0.0,0.0,0.0,0.0,0.0,0.0,0.0,0.0,0.0,0.0,0.0,Bad
75.0,191.0,18.0,106.0,13.0,1.0,0.5069807360827847,80.0,26.0,5.281858836248346,5.0,15.0,0.43214197862086134,33.723473855978895,0.0,0.05361310370619314,0.0,41.0,59.0,2.0,2.0,1.0,50.0,0.0,0.0,0.0,0.0,0.0,0.0,0.0,0.0,0.0,0.0,0.0,Bad
80.0,161.0,17.0,82.0,9.0,0.0,0.29282076798511913,100.0,36.88356079308409,6.0,7.0,10.0,0.0,70.0,6.0,0.0,0.0,13.27724422865127,62.095258819088215,0.0,1.0,-0.11803888564167897,50.0,1.0,0.0,0.0,0.0,0.0,1.0,1.0,0.0,0.0,1.0,0.0,Good
86.0,169.0,6.0,72.97917364114424,6.537202889619649,0.0,0.0,100.0,52.65608559771306,7.0,8.0,5.0,1.0,60.0,0.0,1.0,1.0,24.0,75.0,1.0,3.0,0.0,100.0,1.0,0.0,0.0,0.0,0.0,0.0,0.0,0.0,0.0,0.0,0.0,Bad
84.0,98.0,35.0,68.0,7.0,0.0,0.0,100.0,49.66681489104619,7.0,8.0,7.0,0.1854394168583502,29.0,3.9712537398304613,0.041349792165516264,0.0,12.0,45.94840673297838,2.0,0.9615596000770588,0.0,75.0,1.0,0.0,0.0,0.0,1.0,0.0,1.0,0.0,0.0,0.0,0.0,Good
58.0,163.0,2.0,53.72076940486798,23.0,1.0,0.0,81.0,3.0,4.100037259090326,5.0,27.0,4.0,52.0,0.0,5.0,4.852898923920476,40.0,79.0,7.0,5.0,1.0,93.0,0.0,0.0,0.0,0.0,0.0,0.0,0.0,0.0,0.0,0.0,0.0,Bad
60.0,162.0,32.0,81.0,7.931867600856585,2.0,2.0,78.0,2.0,3.7472847542935384,4.0,10.0,0.0,56.0,2.650378505573856,0.0,0.0,102.0,47.85891930922221,2.0,1.2067466015739703,1.0,67.0,0.0,1.0,0.0,0.0,0.0,0.0,1.0,0.0,1.0,0.0,0.0,Bad
89.0,243.0,7.0,116.0,6.0,0.0,-0.008477447868606158,100.0,56.944688901685254,7.522166475300454,8.0,6.0,0.5318114377166294,17.0,0.0,0.0,0.0,17.0,63.72614632348227,3.0,1.0,-0.2894797402701941,100.0,1.0,0.0,0.0,0.0,0.0,0.0,1.0,0.0,0.0,0.0,0.0,Good
65.0,209.0,10.0,103.0,12.0,11.0,11.0,81.0,48.0,5.0,2.0,19.657842846958513,2.0,21.78547804527457,1.425350572128409,2.0,2.0,40.0,65.63882380571576,3.0,0.6157612816004367,0.0,50.0,0.0,1.0,0.0,0.0,0.0,0.0,1.0,0.0,1.0,0.0,0.0,Bad
61.01966625827502,87.0,2.0,26.46407641301431,33.0,0.0,0.0,100.0,32.85302708979543,6.511645661775491,8.0,33.13429807309207,11.0,4.780955525381444,-1.2688192060004173,5.0,5.0,38.0,90.0,17.0,2.0,2.0,79.0,1.0,1.0,0.0,0.0,0.0,0.0,0.0,0.0,0.0,0.0,0.0,Bad
70.0,316.0,2.0,104.0,37.0,0.0,0.0,100.0,34.10571726685032,7.0,8.0,37.80610097906917,4.0,5.0,2.0,3.0,2.907653786135378,43.0,99.0,8.0,2.0,2.0,56.0,1.0,0.0,0.0,0.0,0.0,0.0,0.0,0.0,0.0,0.0,0.0,Good
82.0,271.0,2.0,88.0,31.0,0.0,0.0,97.0,12.0,6.0,6.0,33.397572001418325,4.0,18.0,0.0,1.0725368784619724,1.0,16.0,67.2784489979322,5.0,1.0,0.0,55.0,0.0,0.0,0.0,0.0,0.0,0.0,1.0,0.0,0.0,0.0,0.0,Good
85.74156363716264,245.0,2.0,98.0,11.239207854265175,-0.010335640652928024,0.0,100.0,45.8946456767637,7.0,8.0,8.0,1.0540512563415518,41.00521324718572,21.0,0.0,0.0,11.0,79.0,2.0,2.0,0.0,80.0,1.0,0.0,0.0,0.0,0.0,0.0,0.0,0.0,0.0,0.0,0.0,Good
79.0,373.0,16.198797383508705,136.0,16.103704172714263,1.0,0.0,80.63285956794792,14.0,6.0,5.0,15.0,0.0,13.0,0.0,3.0,3.0,1.0,48.40014131080197,2.0,1.0,0.0,38.0,0.0,0.0,0.0,0.0,0.0,0.0,1.0,0.0,0.0,0.0,0.0,Bad
86.0,70.0,11.457685415291635,57.892898768526265,10.0,0.0,0.0,99.48392860108568,46.37201159083028,7.0,8.0,8.534601538962828,1.4806483087275435,10.0,0.0,0.0,0.0,0.0,62.87424250301591,1.0,1.0,-0.31258977619223516,22.0,1.0,0.0,0.0,0.0,0.0,0.0,1.0,0.0,0.0,0.0,0.0,Bad
54.0,35.0,14.0,22.0,6.0,1.0,0.6680971788028061,83.0,6.0,4.2068523208579265,6.0,6.0,0.0,67.0,0.6793895265009193,2.0,1.936335231405894,79.0,69.1499306974958,1.0,3.0,1.0,100.0,0.0,1.0,0.0,0.0,0.0,0.0,0.0,0.0,0.0,0.0,0.0,Bad
90.26986601495246,521.0,8.0,154.28412272089645,8.0,0.0,0.0,100.0,44.717384863257905,7.006608322831292,8.0,8.0,1.0,0.0,4.797115527954894,0.0,0.0,3.0,53.91615790746261,2.0,-0.4559476857391561,0.0,33.0,1.0,1.0,0.0,0.0,0.0,0.0,1.0,0.0,1.0,0.0,0.0,Good
68.0,293.0,2.0,85.39512520177277,15.0,2.0,2.0,100.0,38.576167740789515,6.0,8.0,16.0,3.0,50.0,0.0,1.0,0.0,86.0,61.0,5.0,2.0,3.0,88.0,1.0,0.0,0.0,0.0,0.0,0.0,0.0,0.0,0.0,0.0,0.0,Bad
62.0,89.0,22.0,61.0,21.64815287768606,0.0,0.0,87.03989063975081,31.0,6.0,6.0,25.0,0.0,36.0,11.0,0.0,0.0,70.0,56.87593042815193,4.0,1.0,2.0,63.0,0.0,0.0,0.0,0.0,0.0,0.0,1.0,0.0,0.0,0.0,0.0,Good
77.0,269.0,15.0,54.0,10.0,0.0,0.0,97.36554916015166,39.846784150559756,7.0,8.0,11.0,0.0,60.0,0.0,1.0,0.9608316505267976,27.0,75.0,2.0,2.0,1.0,80.0,1.0,0.0,0.0,0.0,0.0,0.0,0.0,0.0,0.0,0.0,0.0,Bad
81.00768943648461,315.0,23.0,112.0,20.0,-0.017729141128000503,0.0,100.0,39.38388274801204,7.0,8.0,21.04184029412497,0.0,25.0,0.0,0.0,0.0,35.0,11.0,2.0,1.8655465196966143,1.0,40.0,1.0,0.0,0.0,0.0,0.0,0.0,0.0,0.0,0.0,0.0,0.0,Bad
60.0,160.714329593725,32.0,79.0,8.0,2.0,0.0,72.5029461102865,5.0,3.0,5.0,10.0,0.0,10.0,0.0,0.0,0.0,112.0,43.072935279855244,3.0,0.00974333906780478,1.0,60.0,0.0,0.0,0.0,0.0,0.0,0.0,1.0,0.0,1.0,0.0,0.0,Bad
80.0,113.0,5.0,48.0,13.0,0.20652263973996687,0.0,86.0,26.0,6.0,6.0,14.0,2.0,23.579657492799242,4.0,1.0,1.0,0.0,67.20418172604137,0.0,1.0,0.0,17.0,0.0,0.0,0.0,0.0,0.0,0.0,1.0,0.0,0.0,0.0,0.0,Bad
84.0,184.0,6.718386518011815,71.77196066758135,18.0,0.0,0.0,102.03489900625331,48.00875121950281,7.0,8.0,18.0,4.0,33.0,0.0,0.0,0.0,6.0,70.56961004035442,2.0,1.0,1.0,50.0,1.0,0.0,0.0,0.0,0.0,0.0,1.0,0.0,0.0,0.0,0.0,Good
91.0,196.6034085734052,7.0,97.0,19.0,0.0,0.0,100.0,51.860187908695934,7.0,8.0,0.0,1.0,47.0,4.080777311311312,1.0,1.0,0.0,68.05316515420847,2.0,1.0,0.0,75.0,1.0,1.0,1.0,0.0,0.0,0.0,1.0,0.0,0.0,0.0,0.0,Good
72.9673579157784,293.0,7.0,101.0,18.0,0.11485681710444506,0.0,95.0,22.0,6.0,6.0,19.0,1.549675586433903,21.0,0.0,0.0,-0.024882537997928986,32.0,63.21757079125831,5.0,1.0,1.443555793623588,46.0,0.0,0.0,0.0,0.0,0.0,0.0,1.0,0.0,0.0,0.0,0.0,Bad
67.37814654217249,124.0,1.0,54.0,20.0,0.0,0.0,95.0,36.0,6.0,6.0,21.16778801271903,2.0,5.0,3.0,4.0,4.0,54.0,72.36200897213186,7.0,0.6993028996113391,2.0,64.0,0.0,0.0,0.0,0.0,0.0,0.0,1.0,0.0,1.0,0.0,0.0,Bad
73.0,212.17241722614173,7.0,74.0,32.0,1.0,0.6502746375729974,85.80950187864246,21.0,6.0,2.0,34.13745019275619,3.0,21.0,0.0,1.0,0.9350921730283107,24.0,66.15550313446414,8.0,1.0,1.0,56.0,0.0,0.0,0.0,0.0,0.0,0.0,1.0,0.0,0.0,0.0,0.0,Bad
75.0,266.2994776706394,5.0,102.0,30.0,0.0,0.0,100.0,38.83872778183755,7.0,8.0,29.78826391381001,2.4318286227405865,13.0,0.0,1.0,1.0,39.0,95.0,7.0,2.0,2.1895569667547283,53.0,1.0,0.0,0.0,0.0,0.0,0.0,0.0,0.0,0.0,0.0,0.0,Bad
69.0,225.0,12.0,103.0,20.0,0.0,0.0,85.0,10.0,4.0,6.0,20.0,0.0,25.0,0.0,0.0,0.0,28.0,47.0,7.0,2.5520364033531973,1.286833386175986,90.0,0.0,0.0,0.0,0.0,0.0,0.0,0.0,0.0,0.0,0.0,0.0,Good
85.0581326827994,235.02700612747492,19.0,95.0,26.670276007203174,0.0,0.0,101.99600474622369,41.5222977764916,7.0,8.0,26.529758765207927,0.0,21.0,17.0,0.0,0.0,4.0,51.78957624330456,4.0,2.020407585160532,0.6300245458259823,38.0,1.0,0.0,0.0,0.0,0.0,0.0,0.0,0.0,0.0,0.0,0.0,Good
80.0,252.73520813881737,12.0,97.45366648400498,31.4318057143111,0.0,0.0,100.0,40.87343057839033,7.0,8.0,36.0,0.0,26.0,0.0,3.0,3.0,32.0,61.0,6.0,2.0,0.0,57.0,1.0,0.0,0.0,0.0,0.0,0.0,0.0,0.0,0.0,0.0,0.0,Good
64.0,120.0,8.0,38.0,8.0,0.0,0.03335355331458828,100.0,36.20159706552374,7.0,8.0,8.0,1.0,45.72590703257839,10.0,0.016816020662915994,0.0,93.0,67.0,4.0,3.0,4.0,100.0,1.0,0.0,0.0,0.0,0.0,0.0,0.0,0.0,0.0,0.0,0.0,Bad
71.0,211.0,2.0,74.0,29.129197018280685,0.0,0.0,93.0,4.0,4.0,6.0,30.0,2.4429473058484943,20.0,3.0,2.0,2.0,12.0,82.0,7.0,2.0,1.024024020723199,60.0,0.0,0.0,0.0,0.0,0.0,0.0,0.0,0.0,0.0,0.0,0.0,Good
84.0,251.64060918029122,10.0,94.73131899093939,32.0,-0.01163577951740713,0.0,100.0,46.4885841767514,7.0,8.0,35.0,2.0,23.0,0.0,0.0,0.0,19.0,89.0,5.0,1.0,0.0,50.0,1.0,0.0,0.0,0.0,0.0,0.0,0.0,0.0,0.0,0.0,0.0,Good
72.0,173.6815091913954,7.0,64.0,19.0,0.20402275318204355,0.1894397866475661,100.0,33.36014037385817,7.0,8.0,19.0,2.1390929409999933,26.0,7.0,0.030394715460959103,0.0,25.0,67.66029254431798,5.0,1.0,1.4421400343966373,50.0,1.0,0.0,0.0,0.0,0.0,0.0,1.0,0.0,0.0,0.0,0.0,Bad
64.82443316913003,57.0,2.0,37.0,10.0,2.0,1.0,83.0,10.0,4.0,5.0,13.0,1.0,33.0,0.0,0.0,0.0,22.0,45.0,3.0,2.460316481047397,0.22252566013463393,71.0,0.0,0.0,0.0,0.0,0.0,0.0,0.0,0.0,0.0,0.0,0.0,Bad
84.0,247.0,5.0,84.0,18.719623675470057,0.0,0.0,100.0,45.987147646346074,6.0,7.0,22.0,2.0,41.21786087755447,2.945044079224178,2.0,2.0,25.0,90.0,4.0,2.0,0.29660224040473215,86.0,1.0,1.0,0.0,0.0,0.0,0.0,0.0,0.0,0.0,0.0,0.0,Good
67.43555327076824,153.0,4.0,81.0,17.0,0.0,0.0,89.0,29.0,6.0,6.0,19.0,3.0,37.210593410811406,1.0,1.0,1.0,60.0,71.87455239711086,4.0,2.0,1.4474376690699362,86.0,0.0,0.0,0.0,0.0,0.0,0.0,1.0,0.0,0.0,0.0,0.0,Bad
91.0,290.0,6.0,108.22047658438105,12.0,-0.09692822798368317,-0.08636809018652439,100.0,46.36133584702435,7.0,8.0,12.0,1.0,17.0,3.8997723947638794,1.0,1.0,0.0,61.95679576476684,1.0,-0.1357732825371496,0.0,13.0,1.0,1.0,0.0,0.0,0.0,0.0,1.0,0.0,1.0,0.0,0.0,Good
80.30214263354685,169.0,29.0,94.0,13.0,1.0,1.0,93.0,32.0,6.0,2.0,15.0,0.0,33.0,4.236804094348159,0.0,0.0,0.0,46.72364757825314,1.0,1.0,-0.6773338109275606,50.0,0.0,0.0,0.0,0.0,1.0,0.0,1.0,0.0,0.0,0.0,0.0,Bad
88.0,193.0,17.0,93.86663328902841,12.0,0.0,0.0,100.0,53.29362739942252,7.510511339260026,8.0,14.0,0.0,33.0,3.205223035312365,2.0,2.0,17.0,58.192308429990575,2.0,1.0,-0.13108216884268664,75.0,1.0,1.0,0.0,0.0,0.0,0.0,1.0,0.0,0.0,0.0,0.0,Good
63.0,135.0,36.0,86.02896271565656,7.0,0.9252848270824015,0.0,55.0,1.0,4.0,5.0,11.0,-0.1221382645202036,45.63901972577385,8.0,0.0,0.0,23.0,33.0,1.0,3.0,-0.2013933305937181,80.0,0.0,0.0,0.0,0.0,0.0,0.0,0.0,0.0,0.0,0.0,0.0,Good
60.0,104.68841591361289,1.0,38.458021958489496,14.0,0.0,0.0,94.0,35.0,6.0,6.0,16.0,3.0,50.73941570855877,-0.32919620059486476,4.0,4.0,101.0,79.0,3.0,3.2391741425512164,1.0,100.0,0.0,1.0,0.0,0.0,0.0,0.0,0.0,0.0,0.0,0.0,0.0,Bad
77.11989314981565,212.0,36.0,96.0,11.0,0.0,0.06396187469222037,100.0,44.67479522354324,7.0,8.0,13.0,0.0,15.0,4.0,1.0,1.0,50.0,41.66289767750034,4.0,0.4953746514454809,1.5767954028353133,71.0,1.0,0.0,0.0,0.0,0.0,0.0,1.0,0.0,0.0,0.0,0.0,Bad
72.0,224.0,23.0,94.66356094532266,23.0,1.0,0.0,96.0,49.0,6.0,5.0,23.925956149212464,0.0,29.0,0.0,0.0,0.0,48.0,60.0,3.0,2.414301412396729,0.0,56.0,0.0,0.0,0.0,0.0,0.0,0.0,0.0,0.0,0.0,0.0,0.0,Good
66.0,135.0,1.0,68.0,24.0,0.0,-0.37790408589247726,67.0,10.0,4.0,6.0,27.0,2.0,19.0,0.0,1.0499835502768888,1.0,16.0,68.84604753830247,5.0,2.0,0.0,44.0,0.0,0.0,0.0,0.0,0.0,0.0,1.0,0.0,0.0,0.0,0.0,Bad
67.0,182.0,2.0,54.82212406593921,9.401310676699481,1.0,1.0,100.0,28.67173737676589,6.0,8.0,7.0,3.0,36.6466566268559,10.0,1.0,0.0,41.0,73.57852830375418,2.0,1.4547969343352458,1.0,75.0,1.0,0.0,0.0,0.0,0.0,0.0,1.0,0.0,0.0,0.0,0.0,Bad
79.0,163.0,1.0,70.0,12.0,0.0,-0.02276420478644084,100.0,44.770415944872354,7.0,8.0,14.0,3.0,43.0,0.0,2.0,2.0,32.0,78.0,3.0,3.0,0.5324729774459334,75.0,1.0,0.0,0.0,0.0,0.0,0.0,0.0,0.0,0.0,0.0,0.0,Bad
92.0,255.0,10.0,78.0,7.0,0.0,-0.0024825153487166296,100.0,53.91538995666289,7.0,8.0,9.714723143453424,1.0,13.0,0.0,0.0,0.0,6.0,62.04636156102005,1.0,-0.12668102841783047,0.0,33.0,1.0,0.0,0.0,0.0,0.0,0.0,1.0,0.0,1.0,0.0,0.0,Good
77.0,130.0,5.0,66.0,23.723328082016014,2.0,0.0,92.0,31.0,6.0,5.0,32.0,3.0,50.98230771664021,1.7882294532036451,3.0605084704161136,3.0,8.0,100.0,1.0,3.0,0.0,71.0,0.0,1.0,0.0,0.0,0.0,0.0,0.0,0.0,0.0,0.0,0.0,Good
89.0,154.0,8.0,78.0,6.0,0.0,0.0,100.0,51.74484105313789,7.0,8.0,6.0,1.0,17.0,0.0,0.0,0.0,9.0,64.89355506295536,1.0,1.0,-0.46605607456621145,50.0,1.0,0.0,0.0,0.0,0.0,0.0,1.0,0.0,0.0,0.0,0.0,Good
81.0,125.0,29.0,79.0,10.0,0.0,0.0,100.0,47.01428628240774,6.973155087104052,8.0,10.0,0.3216460299133903,35.370599106160526,3.806469349910722,0.0,0.0,25.0,51.038338963511066,3.0,1.262529934507893,1.0,80.0,1.0,0.0,0.0,0.0,1.0,0.0,1.0,0.0,0.0,0.0,0.0,Good
60.0,330.0,10.0,162.0,18.0,2.0,1.3677820608505065,83.0,2.0,3.0,5.0,23.0,0.6329998262995638,34.0016140530572,0.0,1.0,1.0,70.0,57.86949301404155,7.0,2.0,2.0,91.0,0.0,0.0,0.0,0.0,0.0,0.0,0.0,0.0,0.0,0.0,0.0,Bad
79.0,272.0,19.0,103.24602448812915,24.0,0.0,0.0,100.0,40.10466253777139,7.0,8.0,24.0,1.2374701856381485,13.0,7.0,0.0,-0.02335028090757907,34.0,53.184913759373295,4.0,1.0,1.0,42.0,1.0,0.0,0.0,0.0,0.0,0.0,1.0,0.0,0.0,0.0,0.0,Good
70.0,164.0,3.0,55.0,14.0,3.790310152537071,4.0,100.0,43.04485415619337,6.0,8.0,15.0,2.1032705956072406,20.0,0.0,3.0,3.0,60.0,29.0,5.0,2.0,0.0,88.0,1.0,0.0,0.0,0.0,0.0,0.0,0.0,0.0,0.0,0.0,0.0,Bad
86.0,143.0,12.564114026915462,60.0,15.0,-0.11661494451348009,-0.06841454316973143,101.08491224698898,44.44235654891483,7.0,8.0,16.0,1.7255124303115972,7.0,4.0,1.0,0.9815635049372833,0.0,60.3232853213829,0.0,-0.2163915502308319,0.0,0.0,1.0,0.0,0.0,0.0,0.0,0.0,1.0,0.0,1.0,0.0,0.0,Bad
64.69760460694641,260.63169809632393,1.0,84.0,59.0,0.0,0.0,97.0,13.0,4.931819980976654,6.0,60.0,6.0,30.35945038325473,1.0,5.0,4.0,42.0,73.92951012604387,6.0,3.0,2.023534351071802,39.0,0.0,0.0,0.0,0.0,0.0,0.0,0.0,0.0,0.0,0.0,0.0,Bad
76.0,119.0,10.0,51.0,21.0,0.0,0.0,100.0,39.92485476350771,7.0,8.0,21.0,1.8536430145035943,33.0,9.0,0.015601833912470959,0.0,31.0,65.0,1.0,3.0,0.0,80.0,1.0,0.0,0.0,0.0,0.0,0.0,0.0,0.0,0.0,0.0,0.0,Bad
86.0,350.0,19.0,121.0,15.0,0.0,0.0,100.0,43.68729751859047,7.0,8.0,16.0,0.9071361569394973,44.0,0.0,1.0,1.0,12.0,55.18528682496685,2.0,0.9702126405778766,0.3532236235546513,33.0,1.0,0.0,0.0,0.0,0.0,0.0,1.0,0.0,1.0,0.0,0.0,Good
70.14768651608686,159.78146036654553,0.0,59.437881240549174,12.096845437820033,0.0,0.0,92.0,36.10394627548837,6.0,6.0,13.0,4.0,29.83174403623964,0.0,2.0,2.0,41.0,76.68632847147713,6.0,1.715444370269724,0.9877228768082884,100.0,0.0,0.0,0.0,1.0,0.0,0.0,1.0,0.0,1.0,0.0,0.0,Bad
84.0,213.0,7.0,62.0,19.0,0.0,0.0,100.0,44.22933054110234,7.0,8.0,21.0,1.0,32.0,2.8841493976102464,2.0,1.9311157183359027,13.0,67.72819701763306,4.0,2.0,0.529032449471623,50.0,1.0,1.0,0.0,0.0,0.0,0.0,0.0,0.0,0.0,0.0,0.0,Good
89.0,112.0,23.0,83.00738916717378,17.36826383287987,0.0,0.0,100.0,50.69495422658366,7.447535178640451,8.0,15.0,0.7353550831279225,33.988595306943246,4.482353804464861,0.0,-0.02229239020307422,1.0,48.0,2.0,2.22130978651795,0.0,50.0,1.0,1.0,0.0,0.0,0.0,0.0,0.0,0.0,0.0,0.0,0.0,Good
74.0,371.0,6.0,79.0,40.0,0.0,0.0,100.0,32.30284349698343,7.0,8.0,43.0,4.0,23.0,0.0,0.054583393367804,0.0,28.0,13.0,6.0,3.342525325432148,2.0,47.0,1.0,0.0,0.0,0.0,0.0,0.0,0.0,0.0,0.0,0.0,0.0,Good
66.0,187.6586334683921,11.74834291383749,78.0,16.396895773896723,2.0,2.0,94.70889826932698,34.83256943954771,6.0,8.0,18.314577047073147,1.5828551344373043,36.0,0.0,1.0,1.0,86.0,64.0,4.0,2.50114525870666,1.0,86.0,1.0,0.0,0.0,0.0,0.0,0.0,0.0,0.0,0.0,0.0,0.0,Bad
77.0,145.0,10.723289845137938,64.16880574537441,10.914493585109991,-0.020838787829423833,0.0,100.0,42.815818110758045,7.0,8.0,8.0,1.8608652165957889,25.0,3.0,3.0,3.0,42.0,65.32351158038779,1.0,2.0,0.0,60.0,1.0,0.0,0.0,0.0,0.0,0.0,1.0,0.0,0.0,0.0,0.0,Good
81.0,274.0,1.0,87.0,36.0,0.0,0.04642057633307467,103.83367613372343,38.51750898630996,6.750566380063097,8.0,37.5261943090365,3.1441888744405766,27.0,0.0,3.0,3.0,3.0,87.0,2.0,4.0,0.0,43.0,1.0,0.0,0.0,0.0,0.0,0.0,0.0,0.0,0.0,0.0,0.0,Good
61.0,205.0,5.810080715468558,78.0,22.0,0.0,0.0,95.0,1.0,4.0,6.0,22.298890324732852,1.7862369827253968,23.0,0.0,0.0,0.0,70.0,75.0,4.0,2.0,3.0,46.0,0.0,0.0,0.0,0.0,0.0,0.0,0.0,0.0,0.0,0.0,0.0,Bad
84.0,337.0,1.0,84.0,36.0,0.0,0.0,100.0,44.676709034854866,7.134741796100744,8.0,44.0,3.0,16.0,0.0,2.0,2.0,3.0,70.47094778260633,6.0,2.0,0.6211251302855958,53.0,1.0,0.0,0.0,0.0,0.0,0.0,0.0,0.0,0.0,0.0,0.0,Good
81.11933393306194,121.0,7.0,42.0,15.0,0.6247141580022118,0.48374762476957256,94.0,76.0,6.0,5.0,16.0,1.0,19.0,0.0,0.04247086293514826,0.0,4.0,72.39362487565441,5.0,1.0,0.0,55.0,0.0,0.0,0.0,0.0,0.0,0.0,1.0,0.0,0.0,0.0,0.0,Good
73.0,200.0,-2.270456367923149,74.0,70.0,0.0,0.0,99.0,39.0,5.971275208357116,6.0,71.0,4.0,66.0,1.0,8.0,8.0,9.0,82.26850275812946,4.0,9.0,0.2730465499632002,82.0,0.0,0.0,0.0,0.0,0.0,0.0,0.0,0.0,0.0,0.0,0.0,Good
70.07149296178437,161.0,20.287182126635095,84.0,7.0,0.35218185679089586,0.16551925910807597,85.43718070077176,51.0,6.0,6.0,9.758441415335964,1.0,54.03025013998524,3.0,1.0,1.0,65.0,61.38569668422985,2.0,2.0,1.0270733481154652,100.0,0.0,0.0,0.0,0.0,0.0,0.0,1.0,0.0,0.0,1.0,0.0,Good
61.0,165.0,2.0,65.0,24.0,0.0,0.0,93.59534879130491,24.0,6.0,6.0,27.0,6.0,26.0,0.1812685969143577,3.0813748056953827,3.0,68.0,99.0,14.0,3.0,3.0,85.0,0.0,1.0,0.0,0.0,0.0,0.0,0.0,0.0,0.0,0.0,0.0,Good
75.0,235.0,13.0,139.0,18.55579421779057,1.0,0.8411017691054509,100.0,26.176906937080673,6.0,8.0,18.080248109710556,0.0,35.0,3.8603639847653954,0.0,0.0,13.0,57.22209490733241,2.0,1.0,0.0,57.0,1.0,1.0,0.0,0.0,0.0,0.0,1.0,0.0,0.0,0.0,0.0,Bad
72.0,166.0,-2.800646877078936,58.0,29.0,0.0,0.0,100.0,31.885418672924857,6.563467809265662,8.0,33.0,5.0,20.0,2.317913898599278,1.1794979013477933,1.1583213067866318,34.0,90.0,4.0,2.0,1.0,33.0,1.0,1.0,0.0,0.0,0.0,0.0,0.0,0.0,0.0,0.0,0.0,Good
83.0,256.0,28.0,113.07620392530198,31.0,0.0,0.0,100.9573753799416,40.84815902989328,7.0,8.0,34.0,0.0,26.0,21.0,0.0,0.0,14.0,44.016817840224576,3.0,1.6856366523093982,1.0,56.0,1.0,0.0,0.0,0.0,0.0,0.0,1.0,0.0,0.0,0.0,0.0,Bad
68.08121068401057,110.27074469233017,3.0,38.0,16.0,0.0,0.0,100.0,39.82181089816984,7.0,8.0,18.0,5.0,35.05270101838113,-2.2078319508234854,8.0,8.0,53.0,78.30669378421841,5.0,1.0,1.0,86.0,1.0,1.0,0.0,0.0,0.0,0.0,0.0,0.0,0.0,0.0,0.0,Bad
81.0,356.0,12.0,125.27098644339604,32.0,1.0,0.7306789832124795,94.0,53.0,6.0,4.0,34.0,0.0,24.53911058871546,0.0,1.0,0.9457482703995376,5.0,59.649626622137575,7.0,3.0,0.0,56.0,0.0,0.0,0.0,0.0,0.0,0.0,1.0,0.0,0.0,0.0,0.0,Good
87.0,177.0,10.0,82.0,9.0,0.0,0.0,100.0,48.895431194392955,7.229780958647659,8.0,9.0,1.0,22.0,4.745121916027447,0.0,0.0,4.0,3.0,2.0,1.0,0.0,75.0,1.0,0.0,0.0,0.0,1.0,0.0,0.0,0.0,0.0,0.0,0.0,Good
70.0,263.48986445305263,3.0,93.0,30.0,0.0,0.0,84.0,10.0,4.0,6.0,32.0,3.0,13.55860553359948,24.0,-0.0025161429964274916,0.0,15.0,62.154857108890226,9.0,1.0,1.5569326884031596,61.0,0.0,0.0,0.0,0.0,0.0,0.0,1.0,0.0,0.0,0.0,0.0,Good
80.14958046377505,159.0,3.0,98.0,28.0,0.0,0.0,100.0,43.987123556304624,7.0,8.0,28.38903519782788,2.0022002427276324,36.0,0.0,4.091327656636914,4.0,28.0,71.47873801813529,1.0,2.0,0.08310822891493586,75.0,1.0,0.0,0.0,0.0,0.0,0.0,1.0,0.0,0.0,0.0,0.0,Good
85.0,273.0,12.0,113.0,15.0,0.0,0.0,100.0,42.84949092448443,7.0,8.0,16.0,0.0,19.0,0.0,0.0,0.0,1.0,58.37721591561136,4.0,1.0,0.0,56.0,1.0,0.0,0.0,0.0,0.0,0.0,1.0,0.0,0.0,0.0,0.0,Good
72.0,164.0995679134018,5.0,79.0,20.0,0.07577052644030813,0.0,101.17263411151399,38.24058411829506,7.0,8.0,0.0,3.0,56.130436000302325,4.0,1.0,0.9463094437038491,61.0,76.0,3.0,7.0,1.0,91.0,1.0,0.0,1.0,0.0,0.0,0.0,0.0,0.0,0.0,0.0,0.0,Good
72.97922943816101,212.4063392718216,2.0,74.33022447077744,27.0,0.0,0.0,100.0,35.6487074376177,7.0,8.0,30.0,2.9785194731217297,7.0,0.45262516132347397,5.120043250144246,5.0,32.0,70.30774570254957,7.0,1.0,3.0,47.0,1.0,1.0,1.0,0.0,0.0,0.0,1.0,0.0,0.0,0.0,0.0,Good
54.84636363161416,220.38459731452755,13.0,96.0,19.0,2.0,2.0,80.0,6.0,4.0,2.0,20.0,0.0,26.937083034307733,2.697729965396037,0.0480233323423069,0.0,92.0,60.01424646565057,8.0,1.0,4.0,91.0,0.0,1.0,0.0,0.0,0.0,0.0,1.0,0.0,0.0,0.0,0.0,Bad
85.0,181.0,6.0,169.0,25.456804803427968,0.0,0.0,100.0,40.12307446400459,7.0,8.0,25.0,2.0,4.0,4.2115344823069645,1.0,0.0,7.0,58.6151652501881,3.0,0.40168174790104627,0.0,36.0,1.0,1.0,0.0,0.0,0.0,0.0,1.0,0.0,1.0,0.0,0.0,Bad
76.0,112.0,5.143942324133821,54.0,19.0,0.0,0.0,90.0,71.0,6.0,6.0,20.0,3.0,40.0,8.0,0.0,0.0,15.0,83.0,4.0,2.0,0.0,67.0,0.0,0.0,0.0,0.0,0.0,0.0,0.0,0.0,0.0,0.0,0.0,Bad
64.12610846117867,81.0,3.0,50.75852486356548,19.0,0.18208625013200042,0.0,89.0,8.0,4.0,6.0,20.0,2.0,28.976574808316812,2.915358634309721,0.0,0.0,36.0,71.61053524634788,7.0,1.0,1.0,89.0,0.0,1.0,0.0,0.0,0.0,0.0,1.0,0.0,0.0,0.0,0.0,Bad
66.0,99.0,6.0,58.0,25.0,1.0,0.0,85.0,21.0,5.0,5.0,26.0,1.8517415902765055,62.0,0.0,1.1663779112855763,1.1090427144646042,49.0,47.0,3.0,3.701459816869842,2.0,64.0,0.0,0.0,0.0,0.0,0.0,0.0,0.0,0.0,0.0,0.0,0.0,Bad
65.69485114003045,158.0,3.0,70.21375871560454,30.10290170478819,2.0,0.0,83.50928884450865,22.0088279269456,5.188137440106617,5.0,32.362528042110654,2.741255905948048,28.322096061761034,0.0,2.0,2.0,40.0,55.0,8.0,3.0227738951960212,1.0,63.0,0.0,0.0,0.0,1.0,0.0,0.0,0.0,0.0,0.0,0.0,0.0,Bad
81.0,293.70946931791843,10.0,114.50054725714939,31.0,0.0,0.0,94.0,11.0,4.0,6.0,33.0,1.0,50.0,4.834740763424172,1.0,0.0,19.0,34.0,2.0,5.0,0.0,64.0,0.0,0.0,0.0,0.0,1.0,0.0,0.0,0.0,0.0,0.0,0.0,Good
52.0,158.0,4.0,39.0,25.0,0.0,-0.1471665179394419,88.0,11.0,4.0,6.0,28.26777632982557,9.0,50.0,0.0,7.0,6.0,82.0,79.62925697542649,7.0,4.0,2.0,92.0,0.0,0.0,0.0,0.0,0.0,0.0,0.0,0.0,0.0,0.0,0.0,Bad
80.0,306.0,3.0,79.0,16.0,-0.033665165875152336,0.0,100.0,41.933662834492935,7.0,8.0,19.0,3.0,13.0,9.0,0.01812661565023469,0.0,19.0,67.44237223803354,4.0,1.0,2.0,50.0,1.0,0.0,0.0,0.0,0.0,0.0,1.0,0.0,0.0,0.0,0.0,Bad
79.0,193.0,9.988436318751141,69.0,18.0,0.0,0.0,100.0,46.243997011276804,7.138161923673613,8.0,18.0,0.0,33.0,1.0,2.0,2.0,49.0,66.31510022438914,4.0,3.0,0.0,88.0,1.0,0.0,0.0,0.0,0.0,0.0,0.0,0.0,0.0,0.0,0.0,Good
73.0,209.0,11.0,84.0,22.0,1.0,0.6183491562987794,86.65794105981294,29.0,6.0,5.0,23.0,1.0,43.0,0.0,1.0,1.0,6.0,84.0,2.0,2.534660215430458,1.0,31.0,0.0,0.0,0.0,0.0,0.0,0.0,0.0,0.0,0.0,0.0,0.0,Good
80.0,245.0,3.0,88.0,44.0,0.0,-0.02524505420025347,98.0,58.0,6.0,6.0,45.0,2.0,27.0,5.0,0.0,0.0,21.0,81.0,4.0,3.0,0.11979907614019103,100.0,0.0,0.0,0.0,0.0,0.0,0.0,0.0,0.0,0.0,0.0,0.0,Good
74.0,235.0,12.0,120.0,34.0,0.0,-0.07103615218364358,100.0,35.88789814565979,6.665891119768578,8.0,34.0,0.0,32.0,0.0,0.04978192538041154,0.0,52.0,58.0,13.0,3.0,3.8623832058493357,74.0,1.0,0.0,0.0,0.0,0.0,0.0,0.0,0.0,0.0,0.0,0.0,Bad
71.0,174.0,5.0,57.21110095441509,27.51324951603269,0.0,-0.16506531292673088,96.0,12.0,6.0,6.0,25.0,8.0,20.0,4.0,2.0,2.0,12.0,68.0,3.0,2.846058809252722,0.0,29.0,0.0,0.0,0.0,0.0,0.0,0.0,0.0,0.0,0.0,0.0,0.0,Bad
60.0,186.0,3.0,71.0,19.0,1.0,0.0,70.0,11.0,4.0,5.0,21.941591635478837,1.0,42.8720078344622,18.0,0.0,0.0,53.0,22.0,4.0,4.0,1.0,89.0,0.0,0.0,0.0,0.0,0.0,0.0,0.0,0.0,0.0,0.0,0.0,Good
86.0,215.91406613585448,11.0,98.0,13.691358262330386,0.0,0.0047522427187659255,100.0,45.90951449472351,7.0,8.0,0.0,1.0545116784868176,9.0,16.0,0.8664290164275992,0.7881044308182139,20.0,57.41941565901725,3.0,1.0,0.0,38.0,1.0,0.0,1.0,0.0,0.0,0.0,1.0,0.0,0.0,0.0,0.0,Good
61.812951867342115,6.0,3.0,5.0,2.0,1.0,1.0,100.0,37.075557110215755,6.0,8.0,2.0,2.0,46.60355758119581,0.0,3.07242151802102,3.0,101.0,81.42653455296751,1.0,1.0,1.9100464676766282,100.0,1.0,0.0,0.0,0.0,0.0,0.0,1.0,0.0,0.0,0.0,0.0,Bad
65.35694109220705,141.99581487617925,6.0,59.0,6.0,1.0,1.0,100.0,39.25631916494092,6.0,8.0,6.0,3.0,17.0,0.0,0.03398025927434824,0.0,97.0,71.98819677830718,3.0,1.0,2.156508949197095,100.0,1.0,0.0,0.0,0.0,0.0,0.0,1.0,0.0,0.0,0.0,0.0,Bad
81.0,327.0,2.0,116.0,17.26248103083202,0.0,-0.02032811665951212,100.0,40.9780593026816,7.0,8.0,5.0,4.0,15.0,1.0,2.0,2.0,7.0,88.0,5.0,3.0,1.0,42.0,1.0,0.0,0.0,0.0,0.0,0.0,0.0,0.0,0.0,0.0,0.0,Good
75.0,301.0,11.0,111.0638971329784,14.0,0.0,0.0,93.0,7.0,4.0,6.0,10.0,1.0,20.0,4.190089061531159,0.0,0.0,15.0,56.59158151420859,5.0,1.0,0.0,75.0,0.0,0.0,0.0,0.0,1.0,0.0,1.0,0.0,0.0,0.0,0.0,Good
57.0,136.04926645768444,2.0,37.0,30.0,0.0,0.0,94.0,19.0,6.0,6.0,37.0,3.0,48.0,0.0,7.0,7.0,39.0,77.99593521950989,10.0,3.7226397568659335,2.809640901789372,78.0,0.0,0.0,0.0,0.0,0.0,0.0,0.0,0.0,0.0,0.0,0.0,Bad
65.82864184255584,204.0,14.0,118.0,17.0,0.0,0.0,78.0,1.0,4.058701063113892,6.0,18.0,0.563023736462636,56.0,0.0,0.0,0.0,48.0,51.0,6.0,1.0,0.0,88.0,0.0,0.0,0.0,0.0,0.0,0.0,0.0,0.0,0.0,0.0,0.0,Bad
59.0,185.0,6.0,81.0,47.0,0.4121068729399635,0.0,90.0,29.0,6.0,5.0,47.611104166747396,3.305260450978644,43.0,2.0,3.0,3.0,61.0,87.0,6.0,3.0,3.0,60.0,0.0,0.0,0.0,0.0,0.0,0.0,0.0,0.0,0.0,0.0,0.0,Bad
86.0,220.0,7.0,79.0,18.39301522423164,0.0,0.0,100.0,44.472565660553585,7.0,8.0,19.0,1.0,0.0,0.0,0.0,0.021628067318074956,2.0,62.85594470483272,3.0,-0.06764561271384467,0.0,21.0,1.0,0.0,0.0,0.0,0.0,0.0,1.0,0.0,1.0,0.0,0.0,Good
73.0,354.0,7.0,86.0,26.0,0.0,0.0,100.0,37.74770797634196,7.0,8.0,26.0,3.0,39.74710729656101,0.0,1.0,1.0,49.0,82.0,4.0,3.196181412111782,2.0,70.0,1.0,0.0,0.0,0.0,0.0,0.0,0.0,0.0,0.0,0.0,0.0,Good
73.0,284.0,11.0,90.79452275115767,15.0,0.0,0.0,100.0,39.40851315669997,7.0,8.0,15.0,1.0,40.0,0.0,0.0,0.0,74.0,58.0,3.0,4.0,2.0,78.0,1.0,0.0,0.0,0.0,0.0,0.0,0.0,0.0,0.0,0.0,0.0,Good
68.22875563300163,157.7591304179743,5.0,54.0,23.63873331124869,0.0,0.005368053803055273,100.32809282365542,38.33336087502326,7.0,8.0,27.0,2.559773286349184,26.0,0.0,3.0,3.0,70.0,68.0,5.0,3.0,3.0,80.0,1.0,0.0,0.0,0.0,0.0,0.0,0.0,0.0,0.0,0.0,0.0,Bad
89.0,283.0,13.0,113.86372378268065,30.0,0.0,-0.003186617633278821,100.0,45.88718297271444,7.0,8.0,32.0,0.0,19.0,0.0,1.0,0.0,4.0,33.0,3.0,2.0,0.0,50.0,1.0,0.0,0.0,0.0,0.0,0.0,0.0,0.0,0.0,0.0,0.0,Good
73.0,191.70973025484986,51.0,115.0,6.0,1.0,0.3368967043148936,50.0,27.0,5.058488961985698,5.0,8.0,0.0,50.0,1.0,4.0,3.7750932505963313,13.0,29.084986086771785,1.0,1.0,-1.0404398518035651,100.0,0.0,0.0,0.0,0.0,0.0,0.0,1.0,0.0,0.0,1.0,0.0,Bad
78.0,287.82321021197225,5.593206230593161,115.0,24.0,0.0,0.0,100.63107513806553,35.546480227671765,6.499978889391545,8.0,25.0,3.0,44.0,0.0,1.0,1.0,17.0,96.0,4.0,5.0,1.0,64.0,1.0,0.0,0.0,0.0,0.0,0.0,0.0,0.0,0.0,0.0,0.0,Good
85.0,162.0,49.0,106.94791014840366,6.0,0.0,0.0,100.0,48.085375422559906,7.0,8.0,5.449626166304668,0.0,33.0,4.510190817823842,0.0,0.0,10.0,9.0,2.0,2.0,-0.2762596814491083,80.0,1.0,0.0,0.0,0.0,1.0,0.0,0.0,0.0,0.0,0.0,0.0,Bad
45.31659454476478,324.0,2.0,100.0,39.0,0.09519665179761327,0.0,95.0,15.0,6.0,6.0,42.0,2.003566103173978,14.0,0.0,4.144163625015942,4.0,94.0,72.43298288500543,20.0,1.0,18.0,85.0,0.0,0.0,0.0,0.0,0.0,0.0,1.0,0.0,0.0,0.0,0.0,Bad
68.0,138.59286176969636,7.0,51.0,15.0,0.0,0.0,100.0,35.93736992997958,7.0,8.0,15.0,4.0,33.0,0.0,0.0,0.012074988989296494,47.0,92.0,5.0,2.638833395389173,1.0,78.0,1.0,0.0,0.0,0.0,0.0,0.0,0.0,0.0,0.0,0.0,0.0,Bad
69.0,101.36610066001177,9.0,38.0,11.0,1.0,1.0,100.0,33.851728514705684,7.0,8.0,12.0,1.0,55.0,0.0,0.0,0.0,39.0,69.0,2.0,3.0,1.0,63.0,1.0,0.0,0.0,0.0,0.0,0.0,0.0,0.0,0.0,0.0,0.0,Bad
59.55477481177377,154.0,9.0,68.0,19.0,1.0,0.0,75.0,3.0,4.0,5.0,20.0,1.7066147557263136,40.285903217172205,0.0,0.0,0.0,55.0,92.0,5.0,2.945834766556148,2.0,80.0,0.0,0.0,0.0,0.0,0.0,0.0,0.0,0.0,0.0,0.0,0.0,Bad
73.0,212.0,7.0,78.81400249013821,42.0,0.0,0.0,100.0,39.565912342088495,7.0,8.0,45.0,3.0,32.0,1.0,2.0,1.9221802566156678,52.0,83.0,4.0,2.0,4.0,55.0,1.0,0.0,0.0,0.0,0.0,0.0,0.0,0.0,0.0,0.0,0.0,Good
64.99552607092045,215.0,14.0,88.27179778524881,18.44412514223822,0.0,0.0,89.0,4.0,4.0,6.0,18.0,0.0,27.598845043743747,0.0,2.079207155217583,2.0,45.0,58.240620957023225,5.0,1.0,2.0,67.0,0.0,0.0,0.0,0.0,0.0,0.0,1.0,0.0,0.0,0.0,0.0,Bad
67.0,164.0,1.0,56.0,39.0,0.15939032343607362,0.0,98.0,72.0,6.0,6.0,40.0,3.2723747579312965,50.0,0.0,3.099055287213586,3.0,61.0,18.0,3.0,4.308214854072813,2.0,78.0,0.0,0.0,0.0,0.0,0.0,0.0,0.0,0.0,0.0,0.0,0.0,Bad
85.33471347616097,154.0,45.0,159.0,4.0,0.0,0.0,100.0,52.99716293771198,7.0,8.0,2.536916022987427,-1.6608691367836066,50.0,4.387015212721714,0.0,-0.024163917351198272,53.0,34.28290044919075,1.0,1.1704895786111758,0.0,100.0,1.0,0.0,0.0,0.0,1.0,0.0,1.0,0.0,1.0,0.0,0.0,Bad
74.0,297.0,6.0,140.0,24.0,1.7057266776392956,1.0,89.0,72.0,6.0,2.0,28.0,2.0,21.0,0.0,0.0,0.0,42.0,67.83434503575342,9.0,1.072159764316786,2.0,69.0,0.0,0.0,0.0,0.0,0.0,0.0,1.0,0.0,1.0,0.0,0.0,Bad
64.0,283.0,18.0,94.0,30.0,2.0,0.0,88.0,3.0,3.0,5.0,33.0,0.0,33.0,0.0,2.0,1.0,31.0,86.0,10.0,3.0991000881963022,1.0,75.0,0.0,0.0,0.0,0.0,0.0,0.0,0.0,0.0,0.0,0.0,0.0,Bad
59.0,367.0,60.84424241265431,263.0,-0.07689123403051212,2.0,1.0,50.0,1.0,2.6469418986559576,5.0,4.0,-2.6212953225393933,25.0,0.0,1.0,1.0,4.0,5.848095365055045,1.0,0.1458566259186067,-0.34338798326776554,100.0,0.0,0.0,0.0,0.0,0.0,0.0,1.0,0.0,1.0,1.0,0.0,Bad
73.0,139.08436680820733,14.0,62.0,12.44049112326041,1.0,1.0,100.0,30.71037135206683,6.065105736100454,8.0,15.0,0.0,60.0,2.0770650405395075,2.0,1.8944460099475187,17.0,66.0,1.0,3.0,0.009210277255042199,80.0,1.0,1.0,0.0,0.0,0.0,0.0,0.0,0.0,0.0,1.0,0.0,Good
65.0,115.0,4.237168476630437,43.0,19.0,0.0,0.0,90.0,1.0,4.0,6.0,20.0,1.0,50.0,3.025516539224197,0.0,0.0,52.0,77.0,5.0,3.2204825593873743,0.0,85.0,0.0,1.0,0.0,0.0,0.0,0.0,0.0,0.0,0.0,0.0,0.0,Bad
63.0,73.0,33.0,53.0,1.0,1.0,0.494004276443309,50.0,5.0,4.0,5.0,2.0,0.0,53.84588055308505,13.0,0.0,0.0,37.508500514595895,44.9874117245096,-0.6185188488208344,0.00525332979259141,-0.336786500278871,75.6708970137881,0.0,0.0,0.0,0.0,0.0,1.0,1.0,1.0,1.0,1.0,1.0,Bad
66.0,66.0,8.0,33.0,16.0,0.0,0.0,94.0,2.0,4.0,6.0,16.0,1.0,38.685355487643875,3.0,1.0,0.9548941736558042,22.0,42.0,2.0,2.694942369529997,0.0,57.0,0.0,0.0,0.0,0.0,0.0,0.0,0.0,0.0,0.0,0.0,0.0,Good
66.0,81.69140363208412,3.0,21.0,13.0,0.0,0.0,92.0,30.403928569471702,6.0,6.0,13.0,6.0,23.0,0.0,4.0,4.0,33.0,61.0,5.0,3.0,0.0,73.0,0.0,0.0,0.0,1.0,0.0,0.0,0.0,0.0,0.0,0.0,0.0,Good
82.0,191.0,9.0,77.0,29.091283765107345,0.0,0.0,90.0,22.0,6.0,6.0,31.0,1.0,31.79175928597669,0.0,1.0,1.0,7.0,82.0,4.0,2.6302043533529504,0.0,42.0,0.0,0.0,0.0,0.0,0.0,0.0,0.0,0.0,0.0,0.0,0.0,Good
85.0,186.0,7.0,72.0,6.0,0.0,0.015913288762504724,100.0,48.49723415779616,7.0,8.0,8.003586810181028,1.0,42.07726415113554,0.0,3.0688327406818274,3.0,17.0,46.0,1.0,2.0,0.0,75.0,1.0,0.0,0.0,0.0,0.0,0.0,0.0,0.0,0.0,0.0,0.0,Bad
72.0,172.0,4.515400632825262,76.0,23.0,1.0,0.5782182061808124,96.0,12.0,6.0,6.0,25.0,4.0,36.0,0.0,3.0,3.0,22.0,69.43517051587474,3.0,3.0,1.0,46.0,0.0,0.0,0.0,0.0,0.0,0.0,1.0,0.0,0.0,0.0,0.0,Good
78.0,176.0,2.0,64.0,27.0,1.0,0.0,93.0,15.0,6.0,5.0,28.953837063146313,2.5105232312492145,24.0,0.0,3.0,2.881665615925957,12.0,94.0,4.0,2.0,0.32175032413896343,40.0,0.0,0.0,0.0,0.0,0.0,0.0,0.0,0.0,0.0,0.0,0.0,Good
75.0,185.0,9.446717438168019,66.0,25.0,-0.10989805534969799,0.0,100.0,39.128725948306595,7.0,8.0,26.0,2.0,23.0,1.0,2.0,2.0,26.0,67.0,1.0,2.0,0.14193463153677843,75.0,1.0,0.0,0.0,0.0,0.0,0.0,0.0,0.0,0.0,1.0,0.0,Good
61.0,195.46199223857258,5.0,67.21866847361157,29.702539919976456,0.0,0.0,97.0,10.0,4.0,6.0,35.0,2.0,31.0,0.0,2.0,2.0,59.0,70.0684033091462,5.0,1.0,2.0,55.0,0.0,0.0,0.0,0.0,0.0,0.0,1.0,0.0,0.0,0.0,0.0,Bad
76.37603517164605,78.0,2.0,39.0,29.0,0.0,0.0,102.43649116778346,41.028669391325764,6.812476587808648,8.0,30.0,3.0,23.0,0.0,2.0,2.0,16.0,84.0,5.0,3.155394576010313,0.0,77.0,1.0,0.0,0.0,0.0,0.0,0.0,0.0,0.0,0.0,0.0,0.0,Bad
68.54498490378188,199.0,3.0,84.0,24.0,1.0,1.0,100.0,36.012400455104114,6.0,8.0,24.0,2.0,33.0,0.0,1.140911063339556,1.1079072450371215,81.0,85.0,3.0,3.0,2.034500595453212,86.0,1.0,0.0,0.0,0.0,0.0,0.0,0.0,0.0,0.0,0.0,0.0,Bad
52.0,296.0,7.0,95.0,43.0,2.0,0.0,89.0,3.0,4.0,5.0,47.0,1.0,62.200000006102826,0.0,1.0,1.0,69.0,69.24628415955621,6.0,10.0,3.0,85.0,0.0,0.0,0.0,0.0,0.0,0.0,0.0,0.0,0.0,0.0,0.0,Bad
55.609187506485654,184.0,3.0,71.53452350424227,9.0,4.0,2.0,67.53031914455806,12.0,6.0,2.0,14.0,1.0,38.0,0.0,4.0,4.0,82.0,70.51356244566031,2.0,2.0,2.0,100.0,0.0,0.0,0.0,0.0,0.0,0.0,1.0,0.0,0.0,0.0,0.0,Bad
84.0,220.0,4.0,79.0,24.0,0.0,0.0,100.0,48.634230143644345,7.0,8.0,24.0,1.0,50.0,0.0,0.0,0.0,36.0,84.0,4.0,4.0,0.0,80.0,1.0,0.0,0.0,0.0,0.0,0.0,0.0,0.0,0.0,0.0,0.0,Bad
72.09441114620387,139.0,11.0,80.0,7.0,0.0,0.0,100.0,45.60820392198721,7.0,8.0,8.0,1.0,25.0,0.0,0.0,0.0,86.0,66.20685504455666,2.0,1.0,2.0,100.0,1.0,0.0,0.0,0.0,0.0,0.0,1.0,0.0,0.0,0.0,0.0,Bad
87.0,302.0,14.0,151.0,20.0,0.0,0.0,100.0,45.584519658390604,7.063872196556693,8.0,20.0,0.6595129982011345,27.504804877469297,0.0,0.0,0.0,18.0,55.83867977507916,3.0,2.0,0.0,50.0,1.0,0.0,0.0,0.0,0.0,0.0,1.0,0.0,0.0,0.0,0.0,Good
84.0,320.0,2.0,121.0,24.0,0.0,-0.01646833982359225,100.0,40.71221194909495,7.0,8.0,25.0,2.0,28.0,3.1213151116006963,2.0,2.0,6.0,67.07006644814477,4.0,2.0,1.0,50.0,1.0,1.0,0.0,0.0,0.0,0.0,1.0,0.0,0.0,0.0,0.0,Good
62.0,340.0,11.0,117.1794443865614,18.0,4.0,1.0,52.0,14.0,6.0,4.0,24.0,1.0,39.0,8.0,0.014027340870389971,0.0,68.0,83.0,3.0,2.8097982715533596,2.0,78.0,0.0,0.0,0.0,0.0,0.0,0.0,0.0,0.0,0.0,0.0,0.0,Bad
69.79217575992455,199.20955354001848,7.0,75.51616356867127,24.0,0.0,0.0,100.0,36.417427253769745,7.0,8.0,24.0,1.0,30.16077787905735,0.0,3.0,3.0,64.0,50.0,8.0,3.0,2.9136824691490406,79.0,1.0,0.0,0.0,0.0,0.0,0.0,0.0,0.0,0.0,0.0,0.0,Bad
80.0,251.0,7.0,95.15385265719478,46.0,0.0,0.0,100.0,34.92652103851029,6.0,7.0,44.0,2.4147934424294135,40.0,7.0,0.039338915402951716,0.0,20.0,67.06004536933176,6.0,3.0,0.0,47.0,1.0,0.0,0.0,0.0,0.0,0.0,0.0,0.0,0.0,0.0,0.0,Good
84.9141442112263,167.0,18.56205797333422,92.0,16.0,-0.01295320212097728,0.0,100.0,43.43437067629594,7.0,8.0,16.0,0.0,38.96841665662346,0.0,0.0,-0.016364306795939976,1.0,44.0,1.0,2.0,0.0,60.0,1.0,0.0,0.0,0.0,0.0,0.0,0.0,0.0,0.0,0.0,0.0,Good
62.0,116.0,9.0,70.0,13.895044755873672,6.0,4.0,65.0,23.0,6.0,2.0,20.0,1.0,25.0,0.23341671205783454,4.0,4.0,8.0,60.0,2.0,2.5672954465224134,0.0,67.0,0.0,1.0,0.0,0.0,0.0,0.0,0.0,0.0,0.0,0.0,0.0,Bad
67.0,163.7439334658966,6.0,53.52264784774202,36.0,0.0,0.0,100.0,30.062461078248162,7.0,8.0,38.0,4.0,35.679382736843834,0.0,2.0,2.0,25.0,87.0,6.0,3.0,1.5263441946615877,69.0,1.0,0.0,0.0,0.0,0.0,0.0,0.0,0.0,0.0,0.0,0.0,Good
78.0,172.0,13.0,73.0,13.842091857341636,0.0,0.06825359197705766,100.0,37.1461953212326,6.387725820921103,8.0,13.0,0.0,57.0,14.0,0.8698219716699965,0.830760138346855,21.0,80.0,3.0,2.0,1.0,83.0,1.0,0.0,0.0,0.0,0.0,0.0,0.0,0.0,0.0,0.0,0.0,Good
65.0,340.0,0.0,95.0,21.0,3.0,1.0,85.0,65.0,6.0,5.0,26.0,3.0,81.0,2.0740643745138763,0.0,0.0,36.0,81.81747415622165,2.0,6.0,0.5982485951463643,89.0,0.0,0.0,0.0,0.0,1.0,0.0,0.0,0.0,0.0,1.0,0.0,Good
65.0,147.0,8.0,62.600453824498146,14.194114648073162,4.0,4.0,82.0,35.0,6.0,2.0,19.239857843115654,2.0,91.0,7.0,0.0,0.0,64.0,75.55363099501979,1.0,4.0,0.0,100.0,0.0,0.0,0.0,0.0,0.0,0.0,0.0,0.0,0.0,0.0,0.0,Good
68.0,13.0,13.0,24.77170555714447,1.0,0.0,0.0,100.0,40.05036901112646,7.0,8.0,1.0,0.0,100.0,0.0,1.0,0.9678015815536136,65.47987887466515,76.69803561104564,-0.9364851629668536,1.0,0.7658481491228653,100.0,1.0,0.0,0.0,0.0,0.0,1.0,1.0,1.0,0.0,1.0,0.0,Bad
78.0,193.0,20.105918356710667,100.0,18.0,0.0,0.0,100.0,43.85307625033869,7.0,8.0,18.0,0.0,33.0,3.724222229785091,0.0,0.0,63.0,55.99533488587449,4.0,2.0,2.0,55.0,1.0,0.0,0.0,0.0,1.0,0.0,1.0,0.0,0.0,0.0,0.0,Good
86.0,200.0609097182048,7.0,77.0,19.3206145190524,-0.15560103219487065,-0.07241989402056363,102.8668621097687,49.18619065363578,7.0,8.0,18.0,2.0,28.0,4.027539555917459,0.0,0.0,7.0,88.0,4.0,2.0,0.0,60.0,1.0,0.0,0.0,0.0,1.0,0.0,0.0,0.0,0.0,0.0,0.0,Good
78.0,230.9052535442596,1.0,81.0,24.0,0.05523820890389208,0.0,100.0,39.831663608599115,7.0,8.0,26.0,5.0,15.0,0.0,3.0,3.0,12.0,71.95011595408714,5.0,2.0,0.0,44.0,1.0,0.0,0.0,0.0,0.0,0.0,0.0,0.0,0.0,0.0,0.0,Good
76.05059216118767,337.0,20.980531472279477,115.0,27.0,0.0,0.0,89.0,7.0,4.445009288671211,6.0,29.312127365809467,1.0,37.0,11.0,0.039678764582150965,0.0,3.0,3.0,2.0,2.0,0.0,42.0,0.0,0.0,0.0,0.0,0.0,0.0,0.0,0.0,0.0,0.0,0.0,Bad
88.0,292.0,12.862633212405601,105.0,20.0,-0.027661659622298274,0.0,100.0,47.16791032845612,7.0,8.0,21.393402022763738,0.0,34.270185443070744,0.0,2.0,2.0,11.0,60.00424344634641,2.0,2.0,0.0,50.0,1.0,0.0,0.0,0.0,0.0,0.0,0.0,0.0,0.0,0.0,0.0,Good
54.0,298.0,5.0,102.18222932745034,5.0,7.0,6.0,38.0,2.0,2.0,2.0,13.0,3.0,15.0,0.0,0.0,0.0,44.0,29.0,3.0,2.0,0.0,83.0,0.0,0.0,0.0,0.0,0.0,0.0,0.0,0.0,0.0,0.0,0.0,Bad
83.0,222.69212658242566,18.557796926081682,95.34732207408118,19.0,0.0,0.0,100.0,40.446809559166866,7.0,8.0,19.0,0.0,32.0,0.0,0.0,0.0,5.0,34.0,3.0,2.0,0.0,56.0,1.0,0.0,0.0,0.0,0.0,0.0,0.0,0.0,0.0,0.0,0.0,Bad
66.31973461912399,129.0,13.0,63.0,24.0,1.0,0.0,83.64438823373408,20.0,6.0,5.0,25.0,0.0,24.0,3.1569312241816934,0.0,0.0,51.0,61.07774906629278,4.0,3.0,2.0,53.0,0.0,1.0,0.0,0.0,0.0,0.0,0.0,0.0,0.0,0.0,0.0,Bad
77.25051365228708,224.11535126557655,14.045218296856707,95.0,21.0,0.0,-0.04615594472673629,95.0,27.0,5.329736435132509,6.0,21.0,0.0,24.0,2.0,2.0737091454321197,2.0,9.0,57.638077944559754,3.0,1.0,0.0,50.0,0.0,0.0,0.0,0.0,0.0,0.0,1.0,0.0,0.0,0.0,0.0,Good
73.0,217.0,22.0,87.0,34.0,0.0,-0.01555585306111662,100.0,47.62996470955082,7.0,8.0,36.0,1.3193844384930413,17.0,0.0,1.0,1.0,91.0,57.104015082971074,7.0,2.056003655458815,3.0,100.0,1.0,0.0,0.0,0.0,0.0,0.0,1.0,0.0,1.0,0.0,0.0,Bad
72.0,195.0,10.149994272378581,73.78889208872546,16.0,0.0,0.0,78.0,66.0,4.0,6.0,18.0,2.0,50.0,0.0,1.0,1.0,11.0,78.0,4.0,1.0,0.0,83.0,0.0,0.0,0.0,0.0,0.0,0.0,0.0,0.0,0.0,0.0,0.0,Good
77.0,76.0,7.0,31.0,8.0,0.0,0.0,98.77199156682715,44.65559809216268,7.0,8.0,8.0,1.0,50.0,0.0,2.0,2.0,32.0,74.22577406693588,3.0,2.9589122832671504,0.0,100.0,1.0,0.0,0.0,0.0,0.0,0.0,0.0,0.0,0.0,0.0,0.0,Bad
89.0,219.0,2.0,75.0,11.0,0.0,0.0002048324000170354,100.0,51.11336521468914,7.0,8.0,12.0,1.0,17.0,0.0,0.0,0.0,4.0,69.5748011651431,3.0,1.0,0.0,57.0,1.0,0.0,0.0,0.0,0.0,0.0,1.0,0.0,0.0,0.0,0.0,Good
61.0,208.40374076608492,4.0,83.0,18.0,0.0,0.0,83.0,5.0,4.0,6.0,18.0,1.0,50.0,0.0,4.0,4.0,76.0,56.0,7.0,3.0,1.0,91.0,0.0,0.0,0.0,0.0,0.0,0.0,0.0,0.0,0.0,0.0,0.0,Bad
74.0,305.0,3.0,146.0,17.0,1.3069591965343543,1.0,94.0,4.0,3.6667660028030387,4.0,8.0,2.0,17.0,10.0,0.03659683882190733,0.0,1.0,46.0,2.0,2.0,-0.09084499892675812,31.0,0.0,0.0,0.0,0.0,0.0,0.0,0.0,0.0,0.0,0.0,0.0,Good
85.0,241.0,7.0,97.33441904859966,22.784816198656987,1.0,0.0,96.0,33.0,5.720440825275381,5.0,23.0,1.5462877576785208,39.0,3.0,1.0,0.9443800895378296,4.0,97.0,1.0,3.0,0.0,45.0,0.0,0.0,0.0,0.0,0.0,0.0,0.0,0.0,0.0,0.0,0.0,Bad
82.0,100.0,3.0,37.0,11.165014841861776,0.0,0.0,100.0,45.80987686534698,7.0,8.0,9.0,3.0,34.20184607485086,2.6815407839941456,1.0,1.0,0.0,99.0,3.0,1.0,-0.3787846956923988,67.0,1.0,1.0,0.0,0.0,0.0,0.0,0.0,0.0,0.0,0.0,0.0,Good
64.0,146.0,5.0,45.0,21.7660758705119,0.0,0.0,95.0,31.353708303395905,5.0,7.0,20.0,3.0,10.0,2.0,2.0,2.0,84.0,72.27309265848368,13.0,1.0,4.0,100.0,1.0,0.0,0.0,0.0,0.0,0.0,1.0,0.0,0.0,0.0,0.0,Bad
72.0,413.0,10.0,70.0,31.0,0.11593472701918106,0.0,97.0,54.0,6.0,6.0,31.0,2.0,74.0,0.0,1.0,1.0,25.0,72.59938485593545,2.0,3.022555186443569,1.0,43.0,0.0,0.0,0.0,0.0,0.0,0.0,1.0,0.0,0.0,0.0,0.0,Good
89.0,312.0,1.0,112.0,14.0,0.0,0.0,100.0,49.05704671840931,7.0,8.0,16.0,2.0,38.0,9.0,0.0,0.0,3.0,69.00989850556917,4.0,1.362976548192668,-0.11178775566114041,71.0,1.0,0.0,0.0,0.0,0.0,0.0,1.0,0.0,0.0,0.0,0.0,Good
72.0,282.8765935286497,18.0,131.0,10.0,1.0,0.0,92.0,66.0,6.0,5.0,11.252391095473651,1.302885771501332,23.0,0.0,2.081535353521957,2.0,67.0,57.65738976467132,2.0,1.0,1.0,43.0,0.0,0.0,0.0,0.0,0.0,0.0,1.0,0.0,0.0,0.0,0.0,Bad
85.0,177.0,4.0,63.0,11.0,0.0,0.0,100.0,47.051208970271404,7.1683315515572605,8.0,11.0,2.0,27.0,0.0,0.0,0.0,0.0,89.0,2.0,3.0,-0.4182060249238122,56.0,1.0,0.0,0.0,0.0,0.0,0.0,0.0,0.0,0.0,0.0,0.0,Good
86.0,97.0,14.0,68.0,24.0,0.0,0.0,100.0,42.8422154271243,7.0,8.0,33.0,0.0,12.0,4.438408582921188,0.0,-0.004158153482132998,2.0,58.78395309848358,1.0,1.0,0.0,25.0,1.0,1.0,0.0,0.0,0.0,0.0,1.0,0.0,0.0,0.0,0.0,Bad
58.0,146.0,3.0,48.0,25.13906502012145,1.0,0.5411327808323734,80.0,22.0,5.0,5.0,25.0,6.0,24.0,1.3114208568544288,1.0,1.0,61.0,85.0,10.0,2.0,1.0,80.0,0.0,1.0,0.0,0.0,0.0,0.0,0.0,0.0,0.0,0.0,0.0,Bad
71.0,410.0,4.0,53.0,19.0,0.0,0.0,84.0,22.0,6.0,6.0,23.0,2.5660475861414267,40.84167721712082,2.3368289338287336,2.0,1.9349124079605302,40.0,38.0,4.0,4.0,0.0,75.0,0.0,1.0,0.0,0.0,0.0,0.0,0.0,0.0,0.0,0.0,0.0,Good
66.0,358.0,7.0,116.0,26.0,2.0,1.4013346823949693,79.60777143910093,1.0,3.0,5.0,29.0,1.5731922168337737,38.0,3.0,1.0,0.9556961342023669,1.0,11.0,1.0,2.0,0.0,19.0,0.0,0.0,0.0,0.0,0.0,0.0,0.0,0.0,0.0,0.0,0.0,Good
71.0,308.0,7.0,104.0,39.0,0.0,-0.03218635166079198,98.0,73.0,6.0,6.0,39.884093436104706,3.0,30.0,0.0,0.0,0.0,75.0,73.16282584451145,11.0,1.0,5.0,81.0,0.0,0.0,0.0,0.0,0.0,0.0,0.0,0.0,0.0,0.0,0.0,Good
88.0,242.0,11.417339837725017,97.0,31.0,0.0,0.0,100.0,43.71490707841238,7.0,8.0,38.0,0.0,28.068609701439016,3.0,1.0,0.954902650849207,1.0,60.28512549295634,4.0,3.0,0.0,33.0,1.0,0.0,0.0,0.0,0.0,0.0,0.0,0.0,0.0,0.0,0.0,Good
82.44998200867074,277.0,6.0,89.59272078073532,18.0,0.0,0.0,99.82008178192328,44.41612203119885,7.0,8.0,18.0,2.0,39.79904457332163,0.0,0.03250865050591198,0.0,16.0,88.0,2.0,2.0,0.0,67.0,1.0,0.0,0.0,0.0,0.0,0.0,0.0,0.0,0.0,0.0,0.0,Bad
65.0,165.0,1.426323674412469,37.0,14.0,1.0,1.0,100.0,26.006502898952192,6.0,8.0,25.0,2.0,40.0,1.0,5.0,5.0,38.0,85.0,4.0,4.0,1.0,73.0,1.0,0.0,0.0,0.0,0.0,0.0,0.0,0.0,0.0,0.0,0.0,Good
64.0,166.93200479127614,1.0,58.11241608154583,26.102073923474173,1.0,1.0,88.0,26.0,5.113043138282405,6.0,28.316597447100687,3.0,38.0,1.0,5.0,5.0,29.0,77.0,4.0,3.0,2.0,58.0,0.0,0.0,0.0,0.0,0.0,0.0,0.0,0.0,0.0,0.0,0.0,Bad
82.0,258.0,22.0,104.0,7.0,0.0,0.0,100.0,51.52340201923684,7.0,8.0,7.0,0.0,43.0,0.0,0.0,0.0,60.0,56.170634486147826,2.0,1.0,0.0,100.0,1.0,0.0,0.0,0.0,0.0,0.0,0.0,0.0,0.0,0.0,0.0,Good
82.83676081090621,167.0,8.0,70.15603394274179,25.0,0.0,0.0,100.0,40.91542368481211,7.0,8.0,28.0,2.127534329907627,39.0,3.8268651314021507,0.01746068123846298,0.0,3.0,92.0,1.0,3.0,0.0,44.0,1.0,1.0,0.0,0.0,0.0,0.0,0.0,0.0,0.0,0.0,0.0,Good
63.0,103.0,-5.153090679274815,37.0,29.0,1.0,0.0,90.0,3.0,4.0,5.0,31.0,3.3826490504741384,37.0,6.0,0.0,0.0034126964296044976,32.0,95.0,8.0,3.145205437263132,0.0,57.0,0.0,0.0,0.0,0.0,0.0,0.0,0.0,0.0,0.0,0.0,0.0,Bad
60.0,236.46234876415298,60.0,135.0,11.0,1.0,0.4880408989940227,67.0,4.0,4.0,6.0,13.0,0.0,8.0,0.0,4.0,4.0,20.0,15.746102626263252,4.0,0.4813558309522419,1.0,67.0,0.0,0.0,0.0,0.0,0.0,0.0,1.0,0.0,1.0,0.0,0.0,Bad
84.0,308.0,10.0,125.0,25.229129106059517,0.14447194793424556,0.06689948377661076,100.0,42.66229053256646,7.015481227860235,8.0,27.0,1.3024866420303258,37.0,4.501596895904125,0.0,0.0,27.0,61.4256262688054,2.0,5.0,0.36550650879007485,70.0,1.0,1.0,0.0,0.0,0.0,0.0,0.0,0.0,0.0,0.0,0.0,Good
61.0,54.0,3.0,20.0,5.0,0.0,0.004440278892750671,93.82010488422786,36.13157446216695,7.0,8.0,5.0,2.0,20.0,0.0,1.143319050796113,1.11264827887551,93.0,94.0,4.0,1.0,3.0,100.0,1.0,0.0,0.0,0.0,0.0,0.0,0.0,0.0,0.0,0.0,0.0,Bad
91.0,195.0,29.0,135.0,5.0,0.0,-0.007006223837469072,100.0,52.701668297130425,7.0,8.0,5.0,0.0,0.0,0.0,0.0,0.0,3.0,42.166923343227054,2.0,-0.4690349539804738,0.0,50.0,1.0,0.0,0.0,0.0,0.0,0.0,1.0,0.0,1.0,0.0,0.0,Good
62.0,104.0,16.346342525307556,49.0,21.0,0.28162325777890374,0.17234648617520393,95.49000076220157,27.256053103026034,7.0,8.0,24.0,2.0,26.0,1.0,3.0,3.0,67.0,13.0,7.0,2.0,3.0,60.0,1.0,0.0,0.0,0.0,0.0,0.0,0.0,0.0,0.0,0.0,0.0,Bad
81.43537685177272,139.0,2.0,59.0,11.0,-0.0528016392971562,-0.03448580169823856,100.0,43.90462585762117,7.0,8.0,12.207870879091754,2.0015766611008923,0.0,3.64361357763076,-0.024432585950424954,0.0,6.0,69.26737624332942,5.0,0.45389068870368154,0.0,71.0,1.0,1.0,0.0,0.0,0.0,0.0,1.0,0.0,1.0,0.0,0.0,Good
61.45246615727287,155.0,8.0,37.0,23.275480096709718,1.0776335062552942,1.0,95.0,8.0,4.0,6.0,21.0,1.0,38.0,0.0,2.0,2.0,49.0,87.0,5.0,5.0,1.0,67.0,0.0,0.0,0.0,0.0,0.0,0.0,0.0,0.0,0.0,0.0,0.0,Bad
75.0,250.95033478019423,12.0,103.6666922240709,16.0,1.0,1.0,82.44109870771734,7.0,4.0,3.0,18.0,0.0,33.0,11.0,0.022937150162639648,0.0,13.0,45.0,3.0,3.0,0.0,60.0,0.0,0.0,0.0,0.0,0.0,0.0,0.0,0.0,0.0,0.0,0.0,Good
69.0,172.0,1.0,63.0,13.0,1.0,0.0,87.0,41.0,6.177674689623509,5.0,15.343185872615532,3.0,25.298004864638113,0.0,0.0,0.0,80.0,74.75749203862924,3.0,1.0,2.0,50.0,0.0,0.0,0.0,0.0,0.0,0.0,1.0,0.0,0.0,0.0,0.0,Bad
62.0,107.79427802708707,3.0,33.0,21.0,0.0,-0.1766703103438287,86.0,6.0,4.0,6.0,21.0,3.0,76.0,3.0,1.0,1.0,53.0,88.0,2.0,6.0,1.0,73.0,0.0,0.0,0.0,0.0,0.0,0.0,0.0,0.0,0.0,0.0,0.0,Bad
75.0,142.60047214696544,5.0,55.0,21.0,0.0,0.0,101.7369299857877,43.071424924721924,7.0,8.0,10.0,4.0,14.0,2.4739462074712404,1.0,1.0,42.0,71.67500282250934,9.0,1.0,0.0,69.0,1.0,1.0,0.0,0.0,0.0,0.0,1.0,0.0,0.0,0.0,0.0,Bad
83.0,182.0,6.0,79.0,40.0,0.07064735433177693,0.037368184975122065,100.0,40.330813150725504,7.0,8.0,40.0,2.0,43.0,6.0,0.0347501819912141,0.0,3.0,69.27630066533979,3.0,3.0,0.0,46.0,1.0,0.0,0.0,0.0,0.0,0.0,0.0,0.0,0.0,0.0,0.0,Good
77.0,156.0,1.0,73.0,20.0,1.0,0.0,91.0,15.0,6.0,5.0,23.0,4.0,46.02427774060351,5.0,1.044752842755804,1.0,11.0,64.0,3.0,5.0,0.0,67.0,0.0,0.0,0.0,0.0,0.0,0.0,0.0,0.0,0.0,0.0,0.0,Good
71.0,223.6888533651972,26.681177851458273,105.0,9.0,0.3586870120099883,0.0,78.0,11.0,4.0,6.0,9.0,0.0,44.0,3.893711618549611,0.0,0.0,39.0,12.0,2.0,2.0,0.5435338555058142,67.0,0.0,0.0,0.0,0.0,1.0,0.0,0.0,0.0,0.0,0.0,0.0,Good
66.0,71.0,8.0,43.95112487883972,5.606288874914016,2.0,1.6204111580081517,86.0,64.0,6.0,2.0,7.0,1.0,71.0,3.0,1.0,0.9022861788327871,54.0,57.0,1.0,3.0,0.4310771245060998,100.0,0.0,0.0,0.0,0.0,0.0,0.0,0.0,0.0,0.0,1.0,0.0,Bad
85.43351788042193,398.0,36.0,127.0,9.0,0.0,0.0,100.0,45.020530696584785,7.0,8.0,12.0,0.0,22.0,0.0,5.0,4.756533864910993,0.0,38.02939327457018,1.0,0.1579927487818874,-0.32344652472668134,50.0,1.0,0.0,0.0,0.0,0.0,0.0,1.0,0.0,0.0,1.0,0.0,Bad
70.0,226.0,5.0,79.1105627385256,22.0,0.530850434394111,0.37418029990143287,93.66145185533762,66.0,6.0,6.0,22.0,1.0,32.0,2.6655136458732582,0.0,0.0,61.0,94.0,5.0,2.282194240392002,2.0,64.0,0.0,1.0,0.0,0.0,0.0,0.0,0.0,0.0,0.0,0.0,0.0,Bad
60.0,155.0,15.0,53.0,16.0,1.1862129344559635,1.0,83.38039307391213,5.0,4.0,6.0,18.72320962880595,0.0,33.48154274125012,5.0,0.0,0.0,79.0,60.870327572445596,5.0,1.0,2.0,86.0,0.0,0.0,0.0,0.0,0.0,0.0,1.0,0.0,0.0,0.0,0.0,Bad
57.0,86.0,19.290623489285434,55.22369762278926,6.482536493201696,3.0,1.0,31.0,13.0,6.0,5.0,14.0,0.0,92.0,0.0,3.0,3.0,0.0,59.0,0.0,4.0,-0.9640673598102949,80.0,0.0,0.0,0.0,0.0,0.0,0.0,0.0,0.0,0.0,1.0,0.0,Bad
54.0,246.0,3.0,102.0,32.0,0.0,0.0,88.0,1.0,4.0,6.0,34.0,1.0,24.0,0.0,3.0,3.0,65.0,67.61873159637281,10.0,1.0,3.0,79.0,0.0,0.0,0.0,0.0,0.0,0.0,1.0,0.0,0.0,0.0,0.0,Good
62.0,153.0,18.700803331140715,40.0,5.0,0.0,0.0,20.0,7.0,4.0,6.0,12.0,0.0,81.44272721866562,1.8574948601434476,0.0,0.0,42.72801732024202,75.0,-1.1011931980183296,2.0,-0.7552761903776868,100.0,0.0,1.0,0.0,0.0,0.0,1.0,0.0,1.0,0.0,1.0,0.0,Bad
69.0,280.0,11.0,125.0,27.390190200302055,1.0,1.0,88.0,6.0,0.0,2.0,27.680945409445844,1.0,24.0,0.0,0.0,-0.026868401428771782,45.0,64.0,4.0,2.0,0.0,43.0,0.0,0.0,0.0,0.0,0.0,0.0,0.0,0.0,0.0,0.0,0.0,Bad
91.0,252.0,24.0,114.0,11.0,0.0,0.0,100.0,50.399169922454575,7.0,8.0,11.397897342278867,0.28808911263520987,27.0,4.750537746770158,0.0,-0.020809479261414784,4.0,49.40749680896259,3.0,1.6444380749406982,0.0,56.0,1.0,1.0,0.0,0.0,0.0,0.0,0.0,0.0,0.0,0.0,0.0,Good
71.21997080907599,170.8369904223658,7.0,71.0,14.716864171667929,1.0,0.7113149334524577,79.0,33.0,4.736334129744732,2.0,14.0,1.0,36.0,0.0,1.0662547309556238,1.0,22.0,67.9896643064777,4.0,1.2644535746468646,0.0,63.0,0.0,0.0,0.0,0.0,0.0,0.0,1.0,0.0,0.0,0.0,0.0,Bad
85.0,336.0,11.0,124.0,17.0,0.0,0.0,100.0,40.42698342622319,7.0,8.0,18.289531981113676,1.3682109718941415,35.0,4.107110261082163,0.0,0.0,1.0,87.0,2.0,2.0,0.0,44.0,1.0,1.0,0.0,0.0,0.0,0.0,0.0,0.0,0.0,0.0,0.0,Good
73.0,219.0,6.405501784886265,82.0,28.0,0.12602451455954444,0.0,93.0,13.0,6.0,6.0,28.607476169858714,2.0,14.0,1.0,1.0,0.9425579392935014,28.0,63.66125594076942,7.0,1.0,0.0,50.0,0.0,0.0,0.0,0.0,0.0,0.0,1.0,0.0,0.0,0.0,0.0,Good
85.0,59.0,21.0,90.0,9.0,0.0,0.0,100.0,44.852097823773704,6.901625525415525,8.0,19.0,0.0,56.0,3.964264738763999,0.0,0.0,0.0,57.747148263726565,0.0,2.0,-0.7805153526668804,67.0,1.0,0.0,0.0,0.0,1.0,0.0,0.0,0.0,0.0,1.0,0.0,Bad
56.0,173.16503071901985,21.996717538847772,87.36389234484888,3.0,1.0,1.0,75.0,0.0,3.2560315479078445,2.0,4.0,0.0,29.934012996447827,2.5725066317971232,0.0,0.0,101.0,52.433252889863354,4.0,0.8303736876587184,2.0,100.0,0.0,1.0,0.0,0.0,0.0,0.0,1.0,0.0,1.0,0.0,0.0,Bad
77.0,73.98287868621968,27.0,37.0,4.0,0.0,0.0,75.0,28.0,6.0,6.0,4.0,0.0,50.0,3.0944903833745827,0.0,0.0,0.0,53.09860308394694,0.0,1.0,0.0,33.0,0.0,0.0,0.0,0.0,1.0,0.0,1.0,0.0,0.0,0.0,0.0,Good
76.0,196.0,3.0,69.0,13.317998365507169,0.0,-0.20038071810283598,86.0,37.0,6.0,6.0,14.0,3.0,36.0,2.2513632241453583,2.0,2.0,31.0,67.0,3.0,2.0,0.0,83.0,0.0,1.0,0.0,0.0,0.0,0.0,0.0,0.0,0.0,0.0,0.0,Good
81.88848371697809,217.98980951711312,5.0,71.0,35.79552953426585,0.0,0.0,96.0,81.0,7.913246422695461,6.0,47.0,3.0066109917798127,13.0,0.0,2.0,1.9205431143628318,29.0,72.56081474722325,3.0,1.0,0.8088680818917116,36.0,0.0,0.0,0.0,0.0,0.0,0.0,1.0,0.0,0.0,0.0,0.0,Good
79.0,543.0,1.0,65.0,26.6097393883322,0.0,0.0,100.0,45.50601700627328,7.0,8.0,35.275476717528235,6.0,29.0,10.0,0.0,0.010393554944752512,46.0,72.7637400720529,6.0,2.0,0.0,73.0,1.0,0.0,0.0,0.0,0.0,0.0,0.0,0.0,0.0,0.0,0.0,Bad
67.45101618128425,168.0,2.0,85.0,23.0,0.007107090723081466,-0.1456451553373488,96.0,13.0,6.0,6.0,24.0,3.0,17.0,0.0,0.051188239652937215,0.0,40.0,95.0,7.0,2.0,1.9484986762166976,64.0,0.0,0.0,0.0,0.0,0.0,0.0,0.0,0.0,0.0,0.0,0.0,Bad
79.0,171.0,7.0,72.56718964038113,40.0,0.0,0.0,100.0,39.69030849280031,7.0,8.0,39.462629916332034,2.82045725336957,17.0,3.0,1.1331637953863438,1.0937267154846535,16.0,79.0,4.0,2.9850899600762215,0.0,46.0,1.0,0.0,0.0,0.0,0.0,0.0,0.0,0.0,0.0,0.0,0.0,Good
81.0,201.32467301601451,2.0,75.0,21.306506133894715,0.0,0.021667872681231826,100.79136808819194,42.4213844113215,7.0,8.0,21.536450070672533,1.0,15.0,0.0,1.0,1.0,17.0,82.0,3.0,2.0,1.0,50.0,1.0,0.0,0.0,0.0,0.0,0.0,0.0,0.0,0.0,0.0,0.0,Good
88.49801777208542,279.8961661594462,15.0,113.95129510765462,29.0,0.011066107563214356,0.0,100.0,41.78145840407876,7.0,8.0,29.0,0.0,10.659917270299225,5.0,0.0,0.0,0.0,53.33550546142341,0.0,0.39671468559955103,0.0,0.0,1.0,0.0,0.0,0.0,0.0,0.0,1.0,0.0,1.0,0.0,0.0,Good
83.0,204.0,6.0,98.0,14.0,0.0,-0.03357240858946309,100.0,43.88406979535614,7.0,8.0,14.0,3.0,21.0,6.0,0.0,0.0,27.0,65.38810544339029,2.0,1.0,0.0,25.0,1.0,0.0,0.0,0.0,0.0,0.0,1.0,0.0,0.0,0.0,0.0,Good
91.0,265.9555414997787,4.0,103.0,25.983408471803088,0.0,0.0,100.0,49.81452356223201,7.0,8.0,26.0,2.0,77.0,3.0,1.0,0.9593584026574454,4.0,73.03028942665883,2.0,5.0,0.0,64.0,1.0,0.0,0.0,0.0,0.0,0.0,0.0,0.0,0.0,0.0,0.0,Bad
78.92532409899394,215.0,8.628051494669489,63.0,20.0,0.0,-0.03302808028028986,96.0,31.0,5.649687110679488,6.0,25.0,0.0,23.752166580734333,0.0,1.0,0.9464915880601448,0.0,63.91867972798728,1.0,1.0,0.0,20.0,0.0,0.0,0.0,0.0,0.0,0.0,1.0,0.0,0.0,0.0,0.0,Bad
82.0,181.0,10.0,79.53116883203204,12.253862767766066,0.0,0.0,90.0,71.0,6.0,6.0,10.0,1.6297190426176793,30.0,3.0,1.0,0.9481731863744147,5.0,67.46319162826524,2.0,1.0,0.0,60.0,0.0,0.0,0.0,0.0,0.0,0.0,1.0,0.0,0.0,0.0,0.0,Bad
72.0,140.0,13.0,44.0,9.567924435852058,0.0,0.0,100.0,41.97703988233047,7.0,8.0,11.740536793636897,0.0,51.52083242873609,3.013159221066289,0.0,0.0,82.0,69.0,2.0,2.868370654149662,1.0,100.0,1.0,1.0,0.0,0.0,0.0,0.0,0.0,0.0,0.0,0.0,0.0,Bad
75.52718644390268,239.8589516940952,13.0,89.0,49.0,0.0,0.0,100.0,35.21218153318881,7.0,8.0,50.0,0.0,64.0,0.0,1.0533229375298963,1.0,43.0,55.0,7.0,7.0,1.0,83.0,1.0,0.0,0.0,0.0,0.0,0.0,0.0,0.0,0.0,0.0,0.0,Bad
68.0,108.0,4.0,50.0,15.0,0.0,0.006702344951930561,100.0,39.329637998951625,7.0,8.0,18.0,3.0,44.0,4.0,4.0,4.0,66.0,60.0,6.0,2.0,2.0977025484824297,100.0,1.0,0.0,0.0,0.0,0.0,0.0,0.0,0.0,0.0,0.0,0.0,Bad
63.0,260.0,8.0,91.0,28.0,1.0,1.0,82.088549980061,3.0,3.265760680884563,3.0,31.0,2.2816558260121425,27.0,12.0,0.0,0.0,28.0,89.0,7.0,2.0,0.0,53.0,0.0,0.0,0.0,0.0,0.0,0.0,0.0,0.0,0.0,0.0,0.0,Good
72.0,174.2459455208435,2.0,57.0,30.0,0.0,0.0,103.47379645157915,38.97927807195981,7.0,8.0,31.0,2.0,36.70574450097125,2.0,1.0,1.0,50.0,91.0,7.0,4.0,3.0,73.0,1.0,0.0,0.0,0.0,0.0,0.0,0.0,0.0,0.0,0.0,0.0,Good
63.67627927742302,146.0,5.0,60.0,21.0,0.0,0.0,91.0,2.0,4.0,6.0,22.0,2.0,68.0,0.0,4.0,4.0,34.0,73.09065955372391,2.0,4.0,2.0,75.0,0.0,0.0,0.0,0.0,0.0,0.0,0.0,0.0,0.0,0.0,0.0,Bad
84.0,199.0,24.08296626465882,101.18527254416357,17.0,0.0,0.0,100.0,45.84984438456382,7.0,8.0,15.98246055178991,0.0,18.0,4.595998522617885,0.04391691542966529,0.0,37.0,19.0,2.0,2.0,0.0,50.0,1.0,0.0,0.0,0.0,1.0,0.0,0.0,0.0,0.0,0.0,0.0,Good
58.0,162.0,8.0,65.0,21.0,1.0,1.0,100.0,-11.686768627165861,0.0,8.0,22.0,1.0,33.0,0.0,1.0,1.0,44.0,54.0,4.0,3.0,1.0,78.0,1.0,0.0,0.0,0.0,0.0,0.0,0.0,0.0,0.0,0.0,0.0,Bad
74.32766905421238,230.0,21.0,113.0,17.0,0.017907708936471867,0.0,100.0,41.15264548926291,6.746279645277813,8.0,17.241861113692526,0.0,41.0,10.0,0.0,0.0,75.0,54.96093299365823,7.0,1.3699950568775905,2.0,89.0,1.0,0.0,0.0,0.0,0.0,0.0,1.0,0.0,0.0,0.0,0.0,Good
74.0,455.0,14.21172376287275,194.0,20.0,0.0,0.0,89.09317270272888,43.0,6.0,6.0,20.0,2.0,29.104338926415352,6.0,0.0,0.0,43.0,96.0,7.0,3.0,1.0,71.0,0.0,0.0,0.0,0.0,0.0,0.0,0.0,0.0,0.0,0.0,0.0,Bad
80.0,187.0,4.0,71.0,39.0,0.0,-0.00949915408599164,100.0,36.712229247062055,7.0,8.0,38.07014507765784,1.0,15.0,3.5161728555018903,1.0,1.0,4.0,77.0,8.0,2.665923634465487,0.0,48.0,1.0,1.0,0.0,0.0,0.0,0.0,0.0,0.0,0.0,0.0,0.0,Good
64.0,294.2392391183604,6.0,130.0,5.0,1.0,1.0,83.0,2.0,0.0,2.0,6.0,1.0,0.0,0.0,0.0,0.0,10.0,57.716510150733434,1.0,-0.3801093721666655,0.0,40.0,0.0,0.0,0.0,0.0,0.0,0.0,1.0,0.0,1.0,0.0,0.0,Bad
69.0,125.0,2.7984097276673587,60.0,7.0,2.0,2.0,80.0,38.0,6.0,3.0,10.0,2.0065086718053697,30.0,0.0,5.0,4.821559826093141,52.0,93.0,2.0,1.0,1.0,75.0,0.0,0.0,0.0,0.0,0.0,0.0,0.0,0.0,0.0,0.0,0.0,Bad
84.0,275.25130058887686,15.592548489430687,77.0,15.0,0.16068559504341984,0.0,100.0,40.17585938657854,6.796145135326446,8.0,57.0,0.0,20.0,19.0,0.0,0.0,15.0,31.0,5.0,2.0,0.0,58.0,1.0,0.0,0.0,0.0,0.0,0.0,0.0,0.0,0.0,0.0,0.0,Good
87.0,257.0,8.0,91.58744615579212,18.0,-0.004242052747085889,0.0,100.0,46.81493592845328,7.0,8.0,18.759223598878645,2.0,28.204315417070397,0.0,1.08101886124581,1.037466355049419,1.0,87.0,3.0,2.0,0.0,38.0,1.0,0.0,0.0,0.0,0.0,0.0,0.0,0.0,0.0,0.0,0.0,Good
78.0,167.0,0.0,72.0,46.0,0.0,0.0,98.0,78.0,6.0,6.0,45.88322020145682,3.0,41.0,0.0,4.0,4.0,13.0,60.0,7.0,8.0,1.0154283712275713,75.0,0.0,0.0,0.0,0.0,0.0,0.0,0.0,0.0,0.0,0.0,0.0,Good
69.0,190.0,47.0,128.0,25.0,0.0,-0.21296260478505666,88.0,14.0,5.0,6.0,25.0,0.0,16.0,8.0,0.0,0.0,87.0,29.42667271722651,9.0,1.0,5.0,100.0,0.0,0.0,0.0,0.0,0.0,0.0,0.0,0.0,0.0,0.0,0.0,Bad
48.0,177.20520511113338,9.0,75.9697474652129,27.826691289363815,1.0,1.0,83.0,3.0,0.0,2.0,8.0,3.0,48.0,1.0,2.0,2.0,74.0,75.0,17.0,7.0,6.0,89.0,0.0,0.0,0.0,0.0,0.0,0.0,0.0,0.0,0.0,0.0,0.0,Bad
50.0,211.0,15.0,98.0,15.0,3.0,1.0,48.0,2.0,4.0,5.0,21.0,1.8684871046273952,19.0,1.2782782139728517,1.0,1.0,23.0,23.0,2.0,1.6575117317306518,0.0,31.0,0.0,1.0,0.0,0.0,0.0,0.0,0.0,0.0,0.0,0.0,0.0,Bad
89.0,169.0,8.0,56.0,13.0,0.0,0.0,100.0,49.09406509272591,7.0,8.0,14.0,1.0,14.0,17.0,0.0,0.0,11.0,62.652256353195035,1.0,-0.05476973657026524,0.0,20.0,1.0,0.0,0.0,0.0,0.0,0.0,1.0,0.0,1.0,0.0,0.0,Good
80.0,138.0,1.0,52.0,11.0,0.0,0.0,97.54336793746106,47.51172908325023,7.0,8.0,12.0,2.0,25.0,0.0,2.0,2.0,32.0,87.0,1.0,2.0,0.011494508800952374,75.0,1.0,0.0,0.0,0.0,0.0,0.0,0.0,0.0,0.0,1.0,0.0,Good
77.0,159.0,15.0,94.0,15.0,0.0,0.0,91.72037805180776,40.0,6.0,6.0,9.0,0.0,20.129629279474013,14.0,0.0,0.0,60.0,56.763357942318116,4.0,0.3023833686860462,2.0,50.0,0.0,0.0,0.0,0.0,0.0,0.0,1.0,0.0,0.0,0.0,0.0,Bad
73.0,176.0,13.355247905737826,47.0,14.0,0.0,0.0,100.0,44.146698494430495,7.0,8.0,14.0,0.0,7.0,3.322637138830444,0.0,0.0,62.0,63.05182273322124,7.0,0.9763852602160603,4.0,100.0,1.0,1.0,0.0,0.0,0.0,0.0,1.0,0.0,1.0,0.0,0.0,Bad
79.0,198.0,41.0,83.0,14.0,0.0,0.0,98.59007028207769,46.14927302741191,7.0,8.0,17.0,0.0,29.0,3.8760068988640035,0.0,0.0,53.0,40.35655033687924,4.0,1.0,1.5656283784742202,71.0,1.0,1.0,0.0,0.0,0.0,0.0,1.0,0.0,0.0,0.0,0.0,Bad
86.0,267.65605321948277,4.0,93.0,38.0,0.0,0.0,100.0,43.0241779122656,7.0,8.0,39.0,2.201834191512887,5.0,4.876518099521073,0.0,0.0,9.0,51.0,7.0,2.1778354979961327,1.242899118459615,36.0,1.0,1.0,1.0,0.0,0.0,0.0,0.0,0.0,0.0,0.0,0.0,Bad
68.79965906398084,273.0,5.0,62.0,28.821194390640244,0.0,0.0,100.0,33.91742580070874,6.6181475788038915,8.0,32.42698736634701,4.0,59.0,1.627143363438671,2.052723022468161,2.0,57.0,88.0,7.0,4.0,3.0,85.0,1.0,1.0,0.0,0.0,0.0,0.0,0.0,0.0,0.0,0.0,0.0,Good
61.0,264.0,6.0,74.0,34.0,0.6790091090571124,0.4221397536722502,89.0,1.0,4.0,6.0,35.0,3.0,49.0,1.0,1.0,1.0,21.0,69.23910343494852,5.0,4.0,1.1292393232930387,64.0,0.0,0.0,0.0,0.0,0.0,0.0,0.0,0.0,0.0,0.0,0.0,Good
64.60595596731062,191.66017048561622,4.0,55.0,52.0,0.13017086674690814,0.05078171996012404,98.0,3.0,4.0,6.0,52.82986909082476,3.0,33.0,0.0,2.0,2.0,15.0,51.0,9.0,4.426568133035607,2.0,60.0,0.0,0.0,0.0,0.0,0.0,0.0,0.0,0.0,0.0,0.0,0.0,Bad
82.20612159895285,119.0,10.0,55.0,7.0,0.0,0.0,100.0,43.74809399950584,6.901849648669266,8.0,7.0,1.0,57.0,0.0,3.0,2.0,0.0,90.0,0.0,2.0,0.0,67.0,1.0,0.0,0.0,0.0,0.0,0.0,0.0,0.0,0.0,0.0,0.0,Good
71.62928144048185,210.0,11.734338861495115,108.0,57.0,0.12980920453775502,0.07224659880518458,109.03574837254948,36.37116062737857,7.0,8.0,61.0,3.0,57.19799307348834,0.0,4.0,4.0,51.0,51.0,7.0,9.0,4.0,84.0,1.0,0.0,0.0,0.0,0.0,0.0,0.0,0.0,0.0,0.0,0.0,Bad
71.04808601927934,83.0,7.0,48.0,9.942877086341637,1.0,0.6560212922661836,88.0,40.0,6.0,5.0,8.0,1.0,13.0,2.0,1.0,1.0,38.0,68.0526099165537,3.0,1.0,0.0,67.0,0.0,0.0,0.0,0.0,0.0,0.0,1.0,0.0,0.0,0.0,0.0,Bad
89.51535582260337,454.0,89.0,173.0,9.0,0.0,0.0,100.0,47.87001338747979,6.838876340260434,8.0,9.0,0.0,33.0,0.0,1.0664017658844058,1.0,1.0,-5.22937363915274,1.0,0.47925761662939637,0.0,33.0,1.0,0.0,0.0,0.0,0.0,0.0,1.0,0.0,1.0,0.0,0.0,Bad
61.0,210.0,-0.6749991289909367,64.0,28.0,0.0,0.0,90.63317574752182,9.0,4.0,6.0,28.0,2.702040938568298,46.0,0.0,0.0,0.0,52.0,95.0,10.0,3.47179840356313,2.7973931895821016,86.0,0.0,0.0,0.0,0.0,0.0,0.0,0.0,0.0,0.0,0.0,0.0,Bad
55.826469225818016,219.0,3.0,51.0,40.0,1.0,1.0,87.0,1.0,3.79621679580662,4.0,45.0,4.0,58.0,0.0,1.247956389917061,1.2017610651767352,75.0,85.0,5.0,4.3282845203368066,2.0,63.0,0.0,0.0,0.0,0.0,0.0,0.0,0.0,0.0,0.0,0.0,0.0,Bad
82.0,297.0,38.0,130.0,11.0,0.0,0.0,96.17250053780384,43.8833388796962,6.920485447780864,8.0,11.0,0.0,18.0,0.0,0.0,0.0,32.0,37.28040836043689,4.0,1.0,1.1732732922840197,56.0,1.0,0.0,0.0,0.0,0.0,0.0,1.0,0.0,0.0,0.0,0.0,Good
63.0,153.0,3.0,48.0,17.0,0.0,0.0,88.0,4.0,4.3479654321029315,6.0,18.165233817171828,1.0,47.0,0.0,3.077232933513681,3.0,44.0,94.0,3.0,3.0,0.0,50.0,0.0,0.0,0.0,0.0,0.0,0.0,0.0,0.0,0.0,0.0,0.0,Bad
72.0,157.0,1.0,66.0,44.21887804289425,0.16894523201719736,0.0,96.0,22.0,6.0,6.0,53.0,6.0,17.0,0.0,1.0,1.0,16.0,87.0,5.0,3.502284100292663,2.0,39.0,0.0,0.0,0.0,0.0,0.0,0.0,0.0,0.0,0.0,0.0,0.0,Good
73.69315866880792,248.0,23.0,110.83137802413806,21.098213022517285,2.0,1.0,88.0,21.0,6.0,2.0,24.0,0.0,29.0,4.042009258418544,0.0,-0.027502985228243126,25.0,49.18004221586335,3.0,2.0,0.0,56.0,0.0,1.0,0.0,0.0,0.0,0.0,1.0,0.0,0.0,0.0,0.0,Bad
66.0,464.0,7.999813215132367,126.93846425845614,23.0,0.0,0.0,96.0,15.0,6.0,6.0,26.0,2.0,31.0,0.0,2.0,2.0,79.0,62.098155376582255,6.0,2.0,3.0,80.0,0.0,0.0,0.0,0.0,0.0,0.0,0.0,0.0,0.0,0.0,0.0,Bad
77.0,264.0,4.0,88.28362095215672,35.0,0.0,0.0,100.0,33.55637090276676,6.512662106832851,8.0,35.0,2.6238447275139745,22.550073659967588,0.0,2.0,1.0,11.0,68.70925511525081,6.0,2.0,1.1950496915493605,47.0,1.0,0.0,0.0,0.0,0.0,0.0,1.0,0.0,0.0,0.0,0.0,Bad
66.34149424075329,148.0,4.0,71.0,13.0,0.0,0.0,92.0,43.0,6.0,6.0,13.0,1.0,54.0,3.0,1.0527020272208643,1.0,92.0,70.0,3.0,3.0,2.0,100.0,0.0,0.0,0.0,0.0,0.0,0.0,0.0,0.0,0.0,0.0,0.0,Bad
77.0,154.0,7.971442970581556,71.0,27.0,0.0,0.0,100.0,40.81128068974306,7.0,8.0,28.0,2.0,29.0,0.0,0.04087841682314835,0.0,39.0,66.0,5.0,2.6406104952295797,0.0,62.0,1.0,0.0,0.0,0.0,0.0,0.0,0.0,0.0,0.0,0.0,0.0,Good
55.0,241.0,5.0,89.0,11.0,3.0,2.099627226977831,71.6949667434196,2.0,4.0,3.0,14.0,1.0,41.89129428233612,0.0,1.0,0.9626015195462309,78.0,75.0,3.0,2.0,1.0,83.0,0.0,0.0,0.0,0.0,0.0,0.0,0.0,0.0,0.0,0.0,0.0,Bad
61.0,84.0,13.0,31.0,9.0,0.0,0.0,89.0,20.0,6.0,6.0,9.0,0.0,33.0,5.0,0.04018070372705618,0.0,81.0,65.61774727885285,5.0,1.0,2.3263537348561627,100.0,0.0,0.0,0.0,0.0,0.0,0.0,1.0,0.0,0.0,0.0,0.0,Bad
63.0,60.556488514326574,19.567159731931916,34.0,3.0,1.0,1.0,100.0,34.132455056602396,6.117344591028885,8.0,4.0,0.0,0.0,0.0,1.1662262548750524,1.113088391089529,68.0,59.13266876697169,3.0,0.0766304953675368,1.6500855596056863,100.0,1.0,0.0,0.0,0.0,0.0,0.0,1.0,0.0,1.0,1.0,0.0,Bad
83.08706197393528,157.58494596261204,10.0,75.29311543245257,11.0,0.0,0.0,100.0,43.02198524613851,7.0,8.0,0.0,1.0,29.169289120357405,0.0,3.0,3.0,0.0,64.85832814093186,1.0,1.0,0.0,50.0,1.0,0.0,1.0,0.0,0.0,0.0,1.0,0.0,0.0,0.0,0.0,Good
81.08608084504537,210.97313935974245,10.0,81.0,28.0,-0.001414870143606084,0.0,100.0,40.55731249584079,7.0,8.0,28.710415585399954,1.0,29.0,0.0,1.0,1.0,12.0,64.6426956246239,3.0,2.0,1.0,46.0,1.0,0.0,0.0,0.0,0.0,0.0,1.0,0.0,0.0,0.0,0.0,Bad
81.35783404243634,182.23073952331671,4.630459797977366,62.0,24.0,0.0,-0.012797119031873111,100.0,42.301887964251165,7.0,8.0,25.0,3.0,25.0,22.0,0.0,0.0,17.0,67.19580923098407,3.0,2.0,0.0,56.0,1.0,0.0,0.0,0.0,0.0,0.0,0.0,0.0,0.0,0.0,0.0,Good
85.0,223.0,2.0,98.0,28.597856651053814,-0.007664119806236602,0.0,96.0,44.53768652844525,6.484855100227544,6.0,29.13985566730985,3.0,25.0,2.0,1.0,0.9404154865999981,6.0,66.0,4.0,2.6024441634774065,0.0,50.0,0.0,0.0,0.0,1.0,0.0,0.0,0.0,0.0,0.0,0.0,0.0,Good
49.929037532167456,197.30560211225603,1.0,73.0,35.0,0.0,-0.10210933249884102,91.04996641941085,0.0,4.0,6.0,37.57094298837782,4.0,66.0,-5.3752804940101075,13.0,12.0,103.0,97.0,5.0,5.0,4.0,71.0,0.0,1.0,0.0,0.0,0.0,0.0,0.0,0.0,0.0,0.0,0.0,Bad
75.0,100.0,4.0,48.0,17.000586336375118,0.0,0.0,100.0,40.21817629329095,7.0,8.0,18.0,1.0,44.0,0.0,0.0,-0.012130395647883985,49.0,36.0,3.0,2.0,2.0,71.0,1.0,0.0,0.0,0.0,0.0,0.0,0.0,0.0,0.0,0.0,0.0,Good
67.0,147.0,-1.9807044279304797,64.9012042765227,32.0,1.7965784067903419,1.372388411074711,85.92243128751451,7.0,1.0,3.0,33.75371173117445,4.0,38.431252912424114,7.0,0.0,0.0,34.0,94.0,5.0,3.3713791563725293,0.0,64.0,0.0,0.0,0.0,0.0,0.0,0.0,0.0,0.0,0.0,0.0,0.0,Good
83.0,183.0,16.0,81.0,18.0,0.0,0.0,100.0,39.693537527124136,7.0,8.0,32.0,0.0,61.0,7.0,0.007261863386432435,0.0,3.0,67.0,1.0,4.0,0.0,63.0,1.0,0.0,0.0,0.0,0.0,0.0,0.0,0.0,0.0,0.0,0.0,Good
78.0,56.0,2.0,32.0,13.627298259963103,-0.051396295286961546,0.0,100.0,43.92746539216918,7.0,8.0,14.019925441076518,3.0,22.0,0.0,1.0502246122020424,1.0,23.0,19.0,4.0,2.0,0.0,86.0,1.0,0.0,0.0,0.0,0.0,0.0,0.0,0.0,0.0,0.0,0.0,Bad
89.0,400.0,30.0,141.0,15.0,0.0,0.0,100.0,46.736106837312235,7.0,8.0,15.0,0.015223571470116326,27.0,4.836166099293848,0.0,0.0,7.0,41.81252074778536,2.0,0.6501660172796381,0.09490193256635493,43.0,1.0,0.0,0.0,0.0,1.0,0.0,1.0,0.0,0.0,0.0,0.0,Good
92.0,233.0,25.0,112.91751357404506,28.47687974323327,-0.08550205404300337,0.0,103.1735830591128,53.43198613214935,7.449959536851823,8.0,36.0,0.0,11.0,5.215415054348087,0.0,0.0,0.0,47.26414706339898,2.0,1.0,0.0,38.0,1.0,0.0,0.0,0.0,1.0,0.0,1.0,0.0,0.0,0.0,0.0,Good
77.84771373258208,265.0,21.0,143.0,35.73125864323917,0.07151963471460698,0.0,100.0,40.70184901787002,7.0,8.0,38.0,0.0,12.886031737724721,2.0,3.0,3.0,47.0,50.288125055799185,10.0,1.0,1.0,63.0,1.0,0.0,0.0,0.0,0.0,0.0,1.0,0.0,0.0,0.0,0.0,Good
69.37546514508267,74.0,15.0,43.0,13.0,0.0,0.0,100.0,39.33922637608322,7.0,8.0,12.869232252046967,1.478018046847954,23.0,2.8322243736945345,0.0,0.0,68.0,64.0,5.0,1.0,3.0,75.0,1.0,1.0,0.0,0.0,0.0,0.0,0.0,0.0,0.0,0.0,0.0,Good
74.0,158.0,3.0,65.0,33.04523128077612,0.0,0.0,98.45502800924046,37.16756028869315,6.14235789137119,6.0,33.372910581801094,2.0,40.0,0.0,0.05402667268242074,0.0,48.0,74.33303082982296,7.0,6.0,1.0,81.0,0.0,0.0,0.0,1.0,0.0,0.0,0.0,0.0,0.0,0.0,0.0,Bad
83.13048444254736,265.0,11.0,102.77337164989756,46.0,0.04739890300956828,0.0,100.0,38.715816613200104,6.535565918268785,8.0,48.0,1.0,69.0,17.0,0.0,0.0,13.0,79.0,5.0,3.0,0.0,75.0,1.0,0.0,0.0,0.0,0.0,0.0,0.0,0.0,0.0,0.0,0.0,Good
62.97032218258718,71.0,12.0,41.0,18.0,-0.0759131069093204,-0.0596339802538548,100.0,35.13427928518689,7.0,8.0,18.0,0.0,22.0,0.0,1.0,1.0,92.0,25.0,11.0,2.0,4.2160098647024915,100.0,1.0,0.0,0.0,0.0,0.0,0.0,0.0,0.0,0.0,0.0,0.0,Bad
81.0,336.0,11.156398541899367,68.0,6.0,0.0,0.0,100.0,49.95842710340935,7.0,8.0,10.0,0.0,50.0,18.0,-0.014317720442981144,0.0,73.0,63.95578987391509,1.0,1.5508535267034507,0.0,100.0,1.0,0.0,0.0,0.0,0.0,0.0,1.0,0.0,0.0,0.0,0.0,Bad
56.0,447.0,3.0,145.0,14.0,2.873035242298803,2.0,78.0,1.0,4.0,2.0,18.0,1.0,22.0,0.0,1.0,1.0061822672120173,32.0,61.147362769220216,3.0,0.78299305414735,1.0,43.0,0.0,0.0,0.0,0.0,0.0,0.0,1.0,0.0,1.0,0.0,0.0,Good
73.0,151.05307715188223,12.0,54.0,10.0,0.0,0.0,92.0,3.0,4.0,6.0,19.0,0.0,15.0,4.265768547824514,0.0,-0.014239967763548786,1.0,22.0,1.0,2.0,0.0,57.0,0.0,1.0,1.0,0.0,0.0,0.0,0.0,0.0,0.0,0.0,0.0,Bad
67.73403049033762,123.0,8.0,53.0,17.0,0.0,0.008447674008157768,94.0,29.261265614724664,6.0,6.0,18.0,2.0,39.0,2.4566288622051293,1.0,0.9496254738950858,53.0,39.0,6.0,3.0,2.0,82.0,0.0,1.0,0.0,1.0,0.0,0.0,0.0,0.0,0.0,0.0,0.0,Bad
79.0,246.0,1.0,84.01885708372855,21.0,0.0,-0.004511180036976564,100.0,41.662886411239754,7.0,8.0,22.0,2.0,18.0,1.0,1.1132806107955113,1.0737036542908873,18.0,70.95345046862295,7.0,1.0,2.0,62.0,1.0,0.0,0.0,0.0,0.0,0.0,1.0,0.0,0.0,0.0,0.0,Bad
69.0,88.0,23.0,62.0,5.0,0.3226520814542768,0.0,80.0,5.0,4.0,6.0,5.0,0.0,40.0,0.0,0.0,0.0,0.0,53.10449416275115,0.0,1.0,0.0,50.0,0.0,0.0,0.0,0.0,0.0,0.0,0.0,0.0,0.0,0.0,0.0,Good
87.0,236.0,7.0,95.82985990886085,44.0,0.0,0.0,100.0,45.176825800446466,7.134682220674149,8.0,44.0,2.1665512487901295,18.0,8.0,0.0,0.0,2.0,71.0,3.0,3.0,0.0,40.0,1.0,0.0,0.0,0.0,0.0,0.0,0.0,0.0,0.0,0.0,0.0,Good
70.0,137.0,32.0,87.0,17.899891603784692,0.0,0.0,82.81914278664613,4.0,4.0,6.0,21.0,0.0,15.0,3.837615683571595,0.0,0.0,10.0,40.94544004624338,2.0,1.0,0.0,50.0,0.0,0.0,0.0,0.0,1.0,0.0,1.0,0.0,0.0,0.0,0.0,Good
76.59851226654322,123.64607857903172,1.0,40.0,12.0,0.0,0.01797699478320111,100.0,44.36870076906615,7.0,8.0,14.0,4.0,36.0,2.0,1.1330158510107726,1.1130808840906956,19.0,97.0,5.0,2.0,0.0,88.0,1.0,0.0,0.0,0.0,0.0,0.0,0.0,0.0,0.0,0.0,0.0,Good
72.0,298.0,8.889447530366212,92.57149066616245,28.0,0.0,0.0,93.0,22.0,6.0,6.0,28.0,4.0,25.0,0.0,0.0,0.0,16.0,36.0,5.0,4.0,0.0,50.0,0.0,0.0,0.0,0.0,0.0,0.0,0.0,0.0,0.0,0.0,0.0,Good
86.0,349.0,5.0,120.0,30.442840241706172,0.0,0.0,97.0,19.0,6.0,6.0,35.0,1.1634474969238715,34.0,5.057747974229329,0.0,0.0,7.0,61.96832616330195,4.0,2.0,0.0,50.0,0.0,0.0,0.0,0.0,1.0,0.0,1.0,0.0,0.0,0.0,0.0,Good
87.80342655658899,296.9650270413169,27.0,137.0,18.45413913029116,0.0,0.03137435880631495,100.0,44.65489976822923,7.0,8.0,16.0,0.0,23.96908214177896,0.0,0.05347669928578916,0.0,1.0,45.45991910681367,2.0,1.0,0.02944158001082231,38.0,1.0,0.0,0.0,0.0,0.0,0.0,1.0,0.0,0.0,0.0,0.0,Good
86.0,268.0,6.0,87.0,25.0,0.0,0.0,96.0,36.0,6.0,6.0,27.0,1.0,20.0,0.0,2.0496829944011408,2.0,0.0,64.06851067687009,1.0,0.7942294364737166,0.0,13.0,0.0,0.0,0.0,0.0,0.0,0.0,1.0,0.0,1.0,0.0,0.0,Good
71.0,88.95586803454742,3.0,30.0,20.0,0.013489194575641239,0.0,100.0,38.50403400953522,7.0,8.0,14.0,4.0,45.0,1.8636261125114513,1.1373883993889868,1.1186087093589299,40.0,94.0,6.0,4.0,0.0,91.0,1.0,1.0,0.0,0.0,0.0,0.0,0.0,0.0,0.0,0.0,0.0,Good
72.0,324.0,11.0,97.99032187101703,25.3610876689577,0.0,0.0,100.0,26.585077242869232,6.016761334338714,8.0,27.608995371408827,1.0,35.0,8.0,1.0269891769806563,1.0,43.0,64.0,3.0,4.0,1.0,64.0,1.0,0.0,0.0,0.0,0.0,0.0,0.0,0.0,0.0,0.0,0.0,Good
68.05300469662528,122.88802580686516,24.0,66.83984189175895,5.0,1.0,1.0,100.0,43.440572632902644,7.0,8.0,5.0,0.0,80.0,2.4551498651389374,0.0,0.0,99.0,63.107994886606456,1.0,1.0,2.063708342731964,100.0,1.0,1.0,0.0,0.0,0.0,0.0,1.0,0.0,0.0,1.0,0.0,Good
67.0,36.0,4.0,14.0,6.0,0.0,0.0,92.71060244826654,32.45338501676409,7.0,8.0,7.926412899472082,3.0,67.0,0.0,0.08980068106922823,0.0,41.0,80.26968796028326,1.0,3.0,0.526112026392884,80.0,1.0,0.0,0.0,0.0,0.0,0.0,0.0,0.0,0.0,1.0,0.0,Bad
89.0,223.0,17.0,92.0,22.0,0.0,0.0,102.25760242871561,51.36632747592239,7.0,8.0,22.775102102125985,0.0,30.0,4.749618428509505,0.0,0.0,12.0,57.580683400241526,2.0,2.0,-0.1660221171471301,67.0,1.0,0.0,0.0,0.0,1.0,0.0,1.0,0.0,0.0,0.0,0.0,Good
57.0,14.0,5.724762556610269,8.0,3.0,0.0,0.0,100.0,33.51089242033339,7.0,8.0,4.709096011982255,2.7565089363933097,33.0,0.0,6.0,5.0,96.0,77.53217009034421,2.0,1.0,2.2659560382201707,100.0,1.0,0.0,0.0,0.0,0.0,0.0,1.0,0.0,0.0,0.0,0.0,Bad
77.0,337.0,22.0,121.19328530912726,13.0,0.0,0.0,92.0,14.0,4.561685223846665,6.0,14.0,0.0,41.27621280735082,9.0,0.028167174938877604,0.0,0.0,48.52460424029121,1.0,1.791153165545924,1.0,75.0,0.0,0.0,0.0,0.0,0.0,0.0,1.0,0.0,0.0,0.0,0.0,Good
68.8115417808785,296.0,9.0,122.0,11.0,1.5332909316863679,1.0,82.0,24.0,0.0,6.0,46.0,1.0,64.0,3.0,0.9964398205643535,1.0,29.0,61.0,2.0,4.0,1.0,75.0,0.0,0.0,0.0,0.0,0.0,0.0,0.0,0.0,0.0,0.0,0.0,Good
65.0,241.0,37.0,95.0,15.0,0.0,0.0,76.0,0.0,4.0,6.0,17.0,0.0,38.3305452594134,2.90486852580278,1.0,1.0,51.0,43.0,3.0,1.0,1.0,80.0,0.0,1.0,0.0,0.0,0.0,0.0,0.0,0.0,0.0,0.0,0.0,Bad
65.0,26.0,2.0,10.0,6.0,1.0,1.0,100.0,31.2122307533173,6.0,8.0,7.0,5.0,14.0,0.0,1.25053433456709,1.2413011876050009,25.0,77.73333304409321,4.0,1.1475642923816398,0.0,83.0,1.0,0.0,0.0,0.0,0.0,0.0,1.0,0.0,0.0,0.0,0.0,Bad
61.0,116.30502806462394,3.0,44.0,12.357708835590625,2.0,1.6145021098724062,86.0,9.0,0.0,5.0,10.0,4.0,43.0,1.9438765285842892,2.0,1.0,18.0,60.0,2.0,3.0,0.0,71.0,0.0,1.0,0.0,0.0,0.0,0.0,0.0,0.0,0.0,0.0,0.0,Good
60.12775923758246,229.0,21.0,114.0,20.0,3.0,1.0,72.58770290374821,8.0,4.0,4.0,25.0,0.0,36.0,0.0,2.0,2.0,63.0,86.0,6.0,3.0,1.0,90.0,0.0,0.0,0.0,0.0,0.0,0.0,0.0,0.0,0.0,0.0,0.0,Bad
75.0,241.0,3.0,104.0,35.0,0.0,0.0,100.0,28.849786253704508,6.1684725266609455,8.0,36.0,1.0,35.74427376486581,3.267677658711196,1.0244514693452684,0.9724129617765583,29.0,84.0,3.0,3.0,1.2630132367764646,44.0,1.0,0.0,0.0,0.0,1.0,0.0,0.0,0.0,0.0,0.0,0.0,Good
65.0,198.0,5.0,73.0,22.0,0.9668324588709385,0.6606535308157578,88.0,27.0,6.0,5.0,24.0,1.0,17.0,0.0,2.0,2.0,31.0,67.56419524089559,3.0,1.0,1.0,57.0,0.0,0.0,0.0,0.0,0.0,0.0,1.0,0.0,0.0,0.0,0.0,Good
76.0,282.0,3.0,64.0,39.0,0.0,0.0,100.0,35.184287699434634,7.0,8.0,40.0,3.0,28.0,3.6840798862713053,0.0,0.0,14.0,86.0,6.0,1.0,2.0,44.0,1.0,1.0,0.0,0.0,0.0,0.0,0.0,0.0,0.0,0.0,0.0,Good
62.0,22.0,1.0,11.76018018436249,11.2062265266727,0.25934137369435684,0.2388392394922041,100.0,33.96128309426874,7.0,8.0,9.0,5.0,22.0,9.0,0.0,0.0,59.0,88.0,5.0,2.65050379881123,0.0,100.0,1.0,0.0,0.0,0.0,0.0,0.0,0.0,0.0,0.0,0.0,0.0,Bad
51.0,104.40480562044175,2.7132572911589037,44.35227931094603,7.0,2.7474312741433926,2.0,75.0,3.0,3.0631842971333154,2.0,9.0,2.215117538179682,48.029370983167766,0.0,4.0,4.0,76.0,89.0,3.0,2.0,1.0,100.0,0.0,0.0,0.0,0.0,0.0,0.0,0.0,0.0,0.0,0.0,0.0,Bad
63.0,95.0,2.8933558315715224,46.54867860100272,17.0,0.11427010279474681,0.0,94.0,1.0,4.261587220263946,6.0,17.0,2.0,53.90332458336194,9.0,0.0,0.0,68.0,89.0,3.0,3.6127615978426335,1.3505298216640136,100.0,0.0,0.0,0.0,0.0,0.0,0.0,0.0,0.0,0.0,0.0,0.0,Bad
66.0,174.0,6.0,82.18819009407456,29.0,3.0,2.0,87.0,16.0,4.358918585054959,4.0,32.0,2.0,19.0,0.0,1.0,0.0,37.0,87.0,9.0,2.0,4.0,65.0,0.0,0.0,0.0,0.0,0.0,0.0,0.0,0.0,0.0,0.0,0.0,Bad
76.41595943629338,219.0,2.0,77.35973461176683,27.281591306954677,0.9957717753583446,1.0,100.55648147248712,30.301408109060134,6.0,8.0,28.986209011282007,2.103277922943848,37.86298167516402,1.0,2.0,2.0,10.0,28.0,2.0,4.0,2.0,43.0,1.0,0.0,0.0,0.0,0.0,0.0,0.0,0.0,0.0,0.0,0.0,Good
84.0,290.0,2.0,91.2378694193041,16.0,0.0,0.0,100.0,43.55839004163414,7.0,8.0,19.0,1.0,21.0,0.0,8.0,8.0,0.0,97.0,1.0,2.0,0.0,44.0,1.0,0.0,0.0,0.0,0.0,0.0,0.0,0.0,0.0,0.0,0.0,Good
75.0,158.49074681145441,22.0,79.0,6.0,0.0,0.0,83.0,25.0,6.0,6.0,7.0,0.0,14.0,0.0,5.0,5.0,59.0,51.51911176789863,2.0,0.7802311649619507,0.0,100.0,0.0,0.0,0.0,0.0,0.0,0.0,1.0,0.0,1.0,0.0,0.0,Bad
86.0,348.0,43.0,170.0,11.0,0.0,-0.026471135473775415,96.07147719942756,47.15858857897649,7.007338982371426,8.0,11.0,0.0,18.0,0.0,1.0,1.0,23.0,30.40302966956753,4.0,1.0,0.8048186037299501,63.0,1.0,0.0,0.0,0.0,0.0,0.0,1.0,0.0,0.0,0.0,0.0,Bad
90.0,256.77029307738843,8.0,102.0,22.0,0.0,0.0,100.0,47.8209818558403,7.0,8.0,22.0,1.5009219993418386,36.0,8.0,0.0,-0.014315218064643198,0.0,93.0,1.0,2.1775284999195623,-0.36560875834066486,33.0,1.0,0.0,0.0,0.0,0.0,0.0,0.0,0.0,0.0,0.0,0.0,Good
74.0,319.0,3.0,54.0,32.0,0.0,0.0,105.01905272457603,45.56286499943076,7.0,8.0,37.145096983936625,4.0,31.0,0.0,4.0,4.0,69.0,33.0,6.0,3.0,2.0462750200269495,90.0,1.0,0.0,0.0,0.0,0.0,0.0,0.0,0.0,0.0,0.0,0.0,Bad
76.0,132.0,6.0,56.0773063069295,15.0,0.021502757339923573,0.0,100.0,34.99448837854683,7.0,8.0,15.0,2.0,40.0,2.5702757496626663,1.0,1.0,13.0,70.71311754563345,2.0,1.4588219541932725,0.0,50.0,1.0,1.0,0.0,0.0,0.0,0.0,1.0,0.0,0.0,0.0,0.0,Good
86.51696436615832,125.0,48.0,104.20908086323281,7.0,0.0,0.0,100.0,52.65498407153038,7.017324062838249,8.0,6.415849691370536,-0.8582579039174032,14.0,4.656298275744939,0.0,-0.046916962117497435,4.0,31.195170840994386,2.0,1.0,0.0,100.0,1.0,0.0,0.0,0.0,1.0,0.0,1.0,0.0,0.0,0.0,0.0,Good
92.0,252.35789174973434,13.0,105.49215728200012,14.0,0.0,0.0,100.0,53.69620394449859,7.0,8.0,17.0,0.0,30.778647563015827,4.0,1.0,1.0,11.0,59.356928339178,2.0,1.0,-0.24027271959358076,60.0,1.0,0.0,0.0,0.0,0.0,0.0,1.0,0.0,0.0,0.0,0.0,Good
82.0,175.0,15.0,77.0,23.0,0.06647320895955611,0.0,96.0,46.0,6.0,6.0,23.0,0.0,35.235710021855134,0.0,3.0,3.0,5.0,50.0,2.0,2.4939225133364857,0.0,45.0,0.0,0.0,0.0,0.0,0.0,0.0,0.0,0.0,0.0,0.0,0.0,Good
70.03217679400113,126.0,8.0,58.0,3.0,2.0,2.0,75.0,70.0,6.125612862941473,2.0,5.0,2.0,78.2727018402948,0.0,1.0,1.0,51.52632435673216,50.0,-0.1050532176849881,2.0,-0.21700521352400726,100.0,0.0,0.0,0.0,0.0,0.0,1.0,0.0,1.0,0.0,1.0,0.0,Bad
85.0,218.613505913089,6.0,77.28225183222692,29.705019993280686,0.0,0.035461289202169316,105.57538689878314,46.518223786474834,7.0,8.0,30.618310775030846,4.0,43.0,0.0,2.0,2.0,2.0,80.0,3.0,3.1125688434007923,0.0,38.0,1.0,0.0,0.0,0.0,0.0,0.0,0.0,0.0,0.0,0.0,0.0,Good
61.0,218.0,2.0,87.0,60.0,0.0,0.0,98.0,14.0,6.0,6.0,18.0,8.0,38.0,0.0,7.0,7.0,74.0,81.0,11.0,7.0,3.5207833395858597,74.0,0.0,0.0,0.0,0.0,0.0,0.0,0.0,0.0,0.0,0.0,0.0,Bad
85.0,249.0,6.0,100.0,13.0,0.0,0.0,100.0,48.90309107944114,7.0,8.0,15.0,1.3083290901349693,47.92312899646232,0.0,2.0,2.0,29.0,68.97082769857937,1.0,3.0,0.0,80.0,1.0,0.0,0.0,0.0,0.0,0.0,0.0,0.0,0.0,0.0,0.0,Bad
74.04044135302456,311.0,32.0,118.0,15.0,0.0,0.0,83.9183622863954,5.0,4.0,6.0,15.0,-0.006593063212968708,53.0,0.0,0.0,0.0,6.0,42.81335654481899,2.0,1.0,-0.01779490226752589,50.0,0.0,0.0,0.0,0.0,0.0,0.0,1.0,0.0,0.0,0.0,0.0,Bad
71.0,270.0,10.0,101.0,11.0,4.0,4.0,92.0,40.0,6.0,6.0,15.817886878640582,1.0,58.0,0.0,3.0648991856763015,3.0,0.0,90.0,0.0,3.0,0.0,75.0,0.0,0.0,0.0,0.0,0.0,0.0,0.0,0.0,0.0,0.0,0.0,Bad
73.0,337.0,4.0,98.82027062139774,6.0,0.4804665302309874,0.0,67.0,26.0,5.266739593068021,5.0,9.0,2.0,67.0,0.0,1.0394294333096374,1.0,34.176589424162415,82.0,1.1233681363796024,3.0,-0.3997687143313702,100.0,0.0,0.0,0.0,0.0,0.0,1.0,0.0,1.0,0.0,1.0,0.0,Good
83.0,178.0,5.0,84.0,13.0,-0.01761935108889201,0.0,100.0,45.71027379555062,6.956119978237291,8.0,13.0,1.1787492704604547,46.0,3.829691187274235,0.0,-0.022211419849929637,18.0,70.33986920792456,2.0,1.0,0.0,75.0,1.0,0.0,0.0,0.0,1.0,0.0,1.0,0.0,0.0,0.0,0.0,Good
64.0,46.0,11.593958320553558,31.0,4.0,4.664279032989674,5.0,100.0,3.9923757881905146,0.0,8.0,5.0,1.0,20.0,2.0,1.0161514595492531,1.0,2.0,65.18894500884225,1.0,1.0,0.0,67.0,1.0,0.0,0.0,0.0,0.0,0.0,1.0,0.0,0.0,0.0,0.0,Good
81.0,148.0,7.629521861344852,72.0,16.0,0.0,-0.01672455680976126,94.0,62.0,6.79390892257461,6.0,18.0,2.0,39.0,0.0,1.1831876001241586,1.0882077566881103,0.0,94.0,0.0,2.5372658261999854,-1.0839822159283488,75.0,0.0,0.0,0.0,0.0,0.0,0.0,0.0,0.0,0.0,1.0,0.0,Good
64.5064612126353,93.0,17.639207924367714,59.0,10.0,0.0,-0.16775533383687924,80.0,8.0,4.0,6.0,10.0,0.0,30.0,2.5668959871883508,1.0,0.9450375433556195,51.0,33.0,1.0,1.719536193181331,1.0,50.0,0.0,1.0,0.0,0.0,0.0,0.0,0.0,0.0,0.0,0.0,0.0,Bad
64.0,246.0,1.0,84.0,45.00212833283031,1.0,1.0,100.0,4.784943484330981,0.0,8.0,45.0,9.0,27.0,0.0,1.2703346739938177,1.240219813561978,49.0,100.0,14.0,3.0,4.0,63.0,1.0,0.0,0.0,0.0,0.0,0.0,0.0,0.0,0.0,0.0,0.0,Bad
65.0,190.0,12.0,73.0,19.0,2.0,1.0,82.58396079829558,34.0,6.0,3.0,22.0,0.0,59.0,2.162570416818079,1.0,1.0,92.0,85.0,4.0,3.320433311703458,3.0,89.0,0.0,1.0,0.0,0.0,0.0,0.0,0.0,0.0,0.0,0.0,0.0,Bad
68.0,159.5880950366582,3.0,80.0,32.0,0.0,0.0,97.0,21.0,6.0,6.0,0.0,2.295502430954005,17.170929186045417,1.0,2.0,2.0,32.0,70.58389612909819,11.0,1.0,2.0,87.0,0.0,0.0,1.0,0.0,0.0,0.0,1.0,0.0,0.0,0.0,0.0,Bad
79.0,170.0,31.0,86.0,4.0,-0.043554807050476096,0.0,96.45427935146307,53.35772458474747,7.381862800875718,8.0,4.0,0.0,25.0,3.6301803531615016,0.0,0.0,71.0,48.40141683704742,3.0,1.0,1.0,100.0,1.0,0.0,0.0,0.0,1.0,0.0,1.0,0.0,0.0,0.0,0.0,Good
78.0,168.0,11.766050233462472,68.0,18.0,0.05938391533043719,0.052929719505536876,100.0,40.43213867385822,7.0,8.0,18.0,1.8203411258909816,33.0,0.0,0.03944957603630356,0.0,22.0,47.0,5.0,2.5402049035245122,0.0,70.0,1.0,0.0,0.0,0.0,0.0,0.0,0.0,0.0,0.0,0.0,0.0,Bad
82.0,150.0,9.0,49.0,12.0,0.0,0.0,100.0,38.465702644173945,6.6864618675818495,8.0,18.0,1.0,42.0,14.0,0.0,0.0,5.0,65.82438902453771,1.0,2.0,-0.19403488402248792,43.0,1.0,0.0,0.0,0.0,0.0,0.0,0.0,0.0,0.0,0.0,0.0,Good
81.0,263.0,2.0,78.0,44.0,0.0,0.0,100.0,38.88551965101237,7.0,8.0,38.0,4.0,32.65637145247664,1.0355271508314345,5.0,5.0,4.0,100.0,3.0,3.423619590161908,0.4079859534669805,25.0,1.0,1.0,0.0,0.0,0.0,0.0,0.0,0.0,0.0,0.0,0.0,Good
89.0,225.0,3.0,80.55149122609544,11.0,0.002950671762907753,0.0,100.0,51.89302465810766,7.0,8.0,13.988994515854028,2.0,73.0,1.0,3.0,3.0,6.0,75.49072397820663,1.0,3.4171518456028456,0.0,80.0,1.0,0.0,0.0,0.0,0.0,0.0,0.0,0.0,0.0,0.0,0.0,Good
74.0,156.0,2.0,51.0,16.32892571957919,0.0,0.0,100.0,39.97398005520239,7.0,8.0,18.652948943931925,3.0,47.0,0.0,4.0,4.0,31.0,69.0,3.0,2.0,0.5400888043556069,83.0,1.0,0.0,0.0,0.0,0.0,0.0,0.0,0.0,0.0,0.0,0.0,Good
86.0,187.0,22.24134417866055,87.45857511271078,23.0,0.0,0.0,100.0,44.14450680108922,7.0,8.0,46.0,0.0,42.9443095611649,8.0,0.0,0.0,2.0,17.0,2.0,2.0,-0.49777705611984535,80.0,1.0,0.0,0.0,0.0,0.0,0.0,0.0,0.0,0.0,0.0,0.0,Good
75.0,180.0,4.0,59.06690125198176,35.0,0.0,0.0702376660502953,102.97996077744216,43.70255421760106,7.0,8.0,36.0,5.0,44.0,0.0,1.249247915125362,1.2210420745926296,41.0,97.0,1.0,3.0,0.0,80.0,1.0,0.0,0.0,0.0,0.0,0.0,0.0,0.0,0.0,0.0,0.0,Good
73.0,238.0,6.971769352245744,101.0,44.0,1.6705847305476549,1.0,83.5588817914354,6.0,4.0,2.0,50.0,2.0,25.549492826868025,0.0,2.0,2.0,5.0,62.4005742787923,4.0,2.260020911910776,0.0,29.0,0.0,0.0,0.0,0.0,0.0,0.0,1.0,0.0,0.0,0.0,0.0,Good
64.0,176.0,19.449265996554452,76.0,9.0,0.16114227467696507,0.0,78.0,8.0,4.488318657089298,6.0,9.0,0.0,78.0,1.0,3.0,3.0,50.80220708913457,60.43904317571467,1.0,2.8161246198497802,0.5160746164934369,100.0,0.0,0.0,0.0,0.0,0.0,1.0,0.0,0.0,0.0,1.0,0.0,Bad
59.0,118.0,4.0,33.0,12.0,2.0,0.0,87.0,1.0,3.0,5.0,16.516047457873658,5.0,53.0,1.5365458323279628,1.0,1.0,18.0,87.0,1.0,3.4903942053466337,0.0,60.0,0.0,1.0,0.0,0.0,0.0,0.0,0.0,0.0,0.0,0.0,0.0,Bad
84.0,271.0,1.0,56.0,17.477286683278347,-0.020187271578916643,0.0,100.0,44.5223392267379,7.0,8.0,18.0,3.0,57.0,2.0,3.0,3.0,0.0,100.0,0.0,3.1393536213671274,0.0,50.0,1.0,0.0,0.0,0.0,0.0,0.0,0.0,0.0,0.0,0.0,0.0,Bad
80.0,194.0,9.0,96.0,20.0,0.0,0.005804360173479184,99.03449737424131,38.45200567463371,7.0,8.0,21.0,1.0,30.0,3.2505501724137695,1.0,1.0,16.0,66.0,5.0,1.0,0.0,55.0,1.0,1.0,0.0,0.0,0.0,0.0,0.0,0.0,0.0,0.0,0.0,Bad
67.0,150.0,3.0,80.0,22.0,1.0,1.0,88.0,21.0,4.725496005009746,4.0,25.0,1.3753446114965984,39.41916409768283,0.0,0.0,0.0,67.0,71.90248876010581,4.0,2.0,2.0,78.0,0.0,0.0,0.0,0.0,0.0,0.0,0.0,0.0,0.0,0.0,0.0,Bad
60.0,116.18508616866609,13.0,55.31084361212241,6.0,0.0,0.0,80.99003589998881,2.0,4.0,6.0,8.0,0.0,63.0,-0.1425957792498007,4.0,4.0,60.0,92.0,1.0,3.0,1.1199862341972808,80.0,0.0,1.0,0.0,0.0,0.0,0.0,0.0,0.0,0.0,1.0,0.0,Bad
81.51408107600179,133.0,2.0,68.0,43.0,0.0,0.0,106.16494304839763,43.459786689718186,7.050586603795374,8.0,47.0,6.0,34.0,0.0,0.0,0.0,2.0,86.0,2.0,3.0,0.0,31.0,1.0,0.0,0.0,0.0,0.0,0.0,0.0,0.0,0.0,0.0,0.0,Good
82.0,190.0,2.0,52.0,27.815448584623777,0.0,0.0,104.78040742499473,44.068066020482576,7.0,8.0,26.0,4.0,24.830366238953044,5.0,0.0,0.0,11.0,50.0,6.0,3.0,0.0,47.0,1.0,0.0,0.0,0.0,0.0,0.0,0.0,0.0,0.0,0.0,0.0,Good
75.0,213.0,6.033627099880878,96.0,38.0,0.0,0.0,95.34728936728143,29.506858520487327,6.0,6.0,41.0,5.0,22.0,3.224245540740798,1.2214854376923852,1.1756875967593226,11.0,61.0,2.0,3.0,0.0,44.0,0.0,1.0,0.0,1.0,0.0,0.0,0.0,0.0,0.0,0.0,0.0,Good
82.0,205.0,1.4334815367351048,86.0,30.0,0.0,0.0,97.0,39.0,6.0,6.0,31.0,4.0,19.0,0.0,1.14621244716009,1.0846642215104076,2.0,75.0,7.0,1.0,0.640236650166603,44.0,0.0,0.0,0.0,0.0,0.0,0.0,0.0,0.0,0.0,0.0,0.0,Good
70.0,200.86505483180932,3.0,69.0,24.0,1.0,1.0,88.0,36.0,5.0,2.0,33.0,2.6309286131614886,62.0,0.0,5.111661846052273,5.0,69.0,83.0,8.0,3.698222953893179,1.0,100.0,0.0,0.0,0.0,0.0,0.0,0.0,0.0,0.0,0.0,0.0,0.0,Good
74.72531872004161,271.0,6.406090555374185,85.0,19.0,0.0,-0.12141006570640822,95.0,16.0,6.0,6.0,21.448468580174243,3.0,33.0,4.0,1.0618080447572826,1.0,6.0,65.01354513577098,3.0,1.4130487071664035,1.0,36.0,0.0,0.0,0.0,0.0,0.0,0.0,1.0,0.0,0.0,0.0,0.0,Good
87.0,42.0,28.403107000714996,120.0,12.0,-0.00071356198004624,0.0,98.806467965866,52.60759190267413,7.0,8.0,7.81080754938003,0.0,33.0,4.285216864426795,0.0,0.0,41.0,48.642495743669414,1.0,0.46560247044664915,0.0,50.0,1.0,0.0,0.0,0.0,1.0,0.0,1.0,0.0,0.0,0.0,0.0,Good
61.0,131.0,1.3135375934253517,44.0,13.624068314685239,0.0,0.0,100.0,36.16760478146196,7.0,8.0,10.0,2.9888239889524293,40.0,0.0,6.0,6.0,94.0,92.0,5.0,4.0,4.0,100.0,1.0,0.0,0.0,0.0,0.0,0.0,0.0,0.0,0.0,0.0,0.0,Bad
84.0,356.0,23.0,178.0,16.0,0.0,0.0,100.0,40.87032130401937,7.0,8.0,16.0,0.0,31.0,4.544738752107515,0.038731517518871765,0.0,10.0,46.08103133785636,4.0,1.0,0.6148297530385305,67.0,1.0,0.0,0.0,0.0,1.0,0.0,1.0,0.0,0.0,0.0,0.0,Good
69.5361717264219,165.2237977121825,4.0,60.25872976411236,17.0,0.0,0.0,100.0,36.98383381282241,7.0,8.0,19.0,2.0362017837609754,26.0,2.4902819658145616,1.0,1.0,100.0,57.0,1.0,1.7854172092520377,1.0,50.0,1.0,1.0,1.0,0.0,0.0,0.0,0.0,0.0,0.0,0.0,0.0,Good
76.0,179.0,7.0,91.0,18.6130794049732,0.0,0.010450464260095133,98.88205616216337,38.8891916492546,7.0,8.0,18.567497015178336,1.0,45.0,3.348515877869884,0.020117408372823956,0.0,40.0,88.0,4.0,2.0,1.264231867096008,78.0,1.0,1.0,0.0,0.0,0.0,0.0,0.0,0.0,0.0,0.0,0.0,Good
71.2914708243087,243.0,4.0,101.0,24.0,0.0,0.0,96.0,5.0,4.0,6.0,25.0,2.0,4.0,0.0,0.012770160689843223,0.0,17.0,62.84607305577832,7.0,0.8752191522746395,0.0,54.0,0.0,0.0,0.0,0.0,0.0,0.0,1.0,0.0,1.0,0.0,0.0,Bad
73.90034348369775,407.0,1.0,90.0,27.0,1.0,0.0,94.0,18.0,6.0,5.0,31.0,3.0,16.0,0.0,1.0531318955069102,1.0,3.0,67.41340389165292,8.0,2.0,0.0,59.0,0.0,0.0,0.0,0.0,0.0,0.0,1.0,0.0,0.0,0.0,0.0,Good
59.0,242.14560328049345,2.0,81.0,34.0,0.0,-0.07879693771693302,94.0,3.0,4.0,6.0,41.0,3.0,46.0,8.0,0.0,-0.005025509779118337,56.0,71.77712845824482,7.0,3.0,3.0,67.0,0.0,0.0,0.0,0.0,0.0,0.0,0.0,0.0,0.0,0.0,0.0,Bad
66.0,210.0,5.0,74.0,29.075882451499982,1.0,1.0,97.0,25.022152465434772,6.0,6.0,34.0,3.0,67.0,0.0,1.0,1.0,30.0,90.0,3.0,2.0,0.0,56.0,0.0,0.0,0.0,1.0,0.0,0.0,0.0,0.0,0.0,0.0,0.0,Bad
71.0,190.12198188016828,14.0,80.31359758618758,21.0,1.0,1.0,95.0,50.0,6.0,6.0,22.43468480138061,0.0,41.0,3.0,2.0,2.0,71.0,79.0,1.0,2.0,1.8435306812631533,38.0,0.0,0.0,0.0,0.0,0.0,0.0,0.0,0.0,0.0,1.0,0.0,Good
57.0,423.9661303338776,12.0,197.0,8.0,1.0,0.8422906675101484,89.0,2.0,2.0,4.0,9.0,0.0,22.0,0.0,0.0,0.0,72.0,52.04352273167664,4.0,0.4902242324235905,1.0,80.0,0.0,0.0,0.0,0.0,0.0,0.0,1.0,0.0,1.0,0.0,0.0,Bad
65.30429202947668,263.0,16.0,88.0,21.0,2.0,0.0,69.0,1.0,3.999710072367047,5.0,55.0,0.0,25.026291001418993,2.0,1.0,0.9832630444479592,20.0,51.0,6.0,1.0,1.0,57.0,0.0,0.0,0.0,0.0,0.0,0.0,0.0,0.0,0.0,0.0,0.0,Bad
66.0,283.0,3.0,89.73490860720761,15.870646269244718,0.0,0.0,75.0,11.0,4.0,6.0,16.0,1.896773583815786,38.0,3.0,4.089970371629872,4.0,34.0,67.39822936545916,3.0,1.0,1.0,57.0,0.0,0.0,0.0,0.0,0.0,0.0,1.0,0.0,0.0,0.0,0.0,Bad
61.0,216.0,2.0,61.0,23.0,4.058747262342123,4.0,96.0,69.0,6.0,6.0,25.68526349414154,4.0,21.0,0.0,2.0,2.0,43.0,79.22603983676103,11.0,3.0,2.0,70.0,0.0,0.0,0.0,0.0,0.0,0.0,0.0,0.0,0.0,0.0,0.0,Bad
69.0,51.0,2.744485175659392,20.0,6.0,2.0,2.0,86.0,54.0,6.0,2.0,9.56563525209144,3.0,43.0,0.0,3.0,3.0,48.0,71.0,3.0,2.0,0.0,100.0,0.0,0.0,0.0,0.0,0.0,0.0,0.0,0.0,0.0,0.0,0.0,Bad
73.0,109.0,6.0,54.0,26.0,1.0,1.0,100.0,29.60905159498671,6.0,8.0,26.648462418747666,3.0,42.7815323421179,5.0,0.02444963831988948,0.0,2.0,75.0,2.0,3.0,0.0,63.0,1.0,0.0,0.0,0.0,0.0,0.0,0.0,0.0,0.0,0.0,0.0,Good
70.58499152470385,256.0,6.0,110.2783495259266,45.0,0.0,0.0,100.0,35.57078909638949,7.0,8.0,4.0,2.103626144503721,9.0,5.0,0.08640619812780712,0.0,57.0,58.0,13.0,2.0,4.084518131094763,57.0,1.0,0.0,0.0,0.0,0.0,0.0,0.0,0.0,0.0,0.0,0.0,Bad
70.0,284.0,1.0,64.0,13.52489718399125,1.0,0.6456554385664357,82.6191383210418,9.0,4.0,5.0,14.0,1.0,14.0,0.0,1.0,1.0,15.0,60.0,3.0,2.0,0.0,63.0,0.0,0.0,0.0,0.0,0.0,0.0,0.0,0.0,0.0,0.0,0.0,Good
84.0,203.7474611766145,35.0,104.0,12.969232692104782,0.0,0.0,100.0,44.49004061238148,7.0,8.0,12.0,0.0,58.0,0.0,2.0,0.0,4.0,46.50454912775958,1.0,2.0,0.0,75.0,1.0,0.0,0.0,0.0,0.0,0.0,0.0,0.0,0.0,0.0,0.0,Bad
61.0,178.0,-1.1378267354094156,45.0,43.917366421719336,0.0,0.0,100.0,22.77757079207467,7.0,8.0,49.0,4.165470989463347,20.0,0.0,2.0,1.9507408520648812,32.0,77.73378432627717,11.0,3.0,4.0,52.0,1.0,0.0,0.0,0.0,0.0,0.0,1.0,0.0,0.0,0.0,0.0,Good
56.0,81.0,2.0,33.0,11.22053159928789,0.4035388336775374,0.0,79.0,0.0,4.0,6.0,13.676975615033886,1.8721596901225848,47.36002751549462,0.0,0.0,0.0,76.0,75.37810244765461,3.0,3.0,1.0,100.0,0.0,0.0,0.0,0.0,0.0,0.0,1.0,0.0,0.0,0.0,0.0,Bad
71.12776721214465,175.0,4.0,48.0,27.0,0.0,0.0,101.61539026065222,40.620785618225426,7.0,8.0,28.351437800358664,4.0,28.0,0.0,1.0,1.0,54.0,75.06696616573942,7.0,3.0,1.0,83.0,1.0,0.0,0.0,0.0,0.0,0.0,0.0,0.0,0.0,0.0,0.0,Good
74.84203567331515,102.0,6.0,54.94104377961263,17.0,-0.01642574955147369,0.0,100.0,39.959179395094964,7.0,8.0,17.0,1.0,35.0,0.0,1.0,1.0,49.0,57.0,3.0,1.0,1.0,57.0,1.0,0.0,0.0,0.0,0.0,0.0,0.0,0.0,0.0,0.0,0.0,Bad
66.67543315168888,64.0,6.0,40.0,14.0,-0.018290219309486044,0.0,100.0,40.049946864567545,6.951298905519941,8.0,14.0,1.0,36.0,0.0,1.0,1.0,95.0,74.5153516388631,3.0,2.0,3.0,86.0,1.0,0.0,0.0,0.0,0.0,0.0,1.0,0.0,0.0,0.0,0.0,Bad
75.0,360.9389749257335,26.0,170.0,13.0,2.0,0.0,69.0,62.0,6.81590811059783,5.0,16.0,0.0,33.14930953157524,3.332555684224888,0.0,0.0,70.0,46.85981497378752,4.0,1.0,1.966324542331244,63.0,0.0,0.0,0.0,0.0,1.0,0.0,1.0,0.0,0.0,1.0,0.0,Good
68.0,119.0,5.0,77.0,15.294994047591754,0.08793034416522438,0.0,98.0,15.0,4.64765309192146,6.0,7.0,5.0,31.0,4.0,1.0,1.0,19.0,87.0,4.0,3.0,0.0,73.0,0.0,0.0,0.0,0.0,0.0,0.0,0.0,0.0,0.0,0.0,0.0,Good
76.0,280.0,12.0,77.0,25.0,0.0,0.0,98.09037076356162,31.63388061649843,7.0,8.0,25.0,0.0,40.0,0.0,0.0,0.0,17.0,62.81098110663228,2.0,4.0,0.6400393522000414,50.0,1.0,0.0,0.0,0.0,0.0,0.0,0.0,0.0,0.0,0.0,0.0,Good
80.0,191.0,4.0,146.0,59.0,0.0,0.0,100.0,36.17869973988013,7.0,8.0,64.0,2.612758374235966,27.0,2.985835440374133,3.0,3.0,17.0,74.0,6.0,4.011011604432953,1.4219399251653315,50.0,1.0,1.0,0.0,0.0,0.0,0.0,0.0,0.0,0.0,0.0,0.0,Good
77.87986793508807,320.0,4.556751150751857,81.0,27.0,0.013214776850638543,0.0,100.0,41.258991236891205,6.789441818658455,8.0,31.0,3.0,43.718420877151644,6.0,0.0,0.0,40.0,69.0,4.0,3.0,0.0,88.0,1.0,0.0,0.0,0.0,0.0,0.0,0.0,0.0,0.0,0.0,0.0,Good
91.0,283.0,9.0,140.0,7.0,-0.018893945864983053,-0.03821833864822957,98.6533681863869,51.52361533314598,7.0,8.0,7.0,1.0,29.0,4.567994139014919,0.0,0.0,11.0,60.015829909963394,2.0,0.4557276510629884,-0.22326356751705934,60.0,1.0,0.0,0.0,0.0,1.0,0.0,1.0,0.0,0.0,0.0,0.0,Good
78.0,353.7696469985341,1.0,138.0,31.059394772831855,0.11984377402234969,0.0,97.0,32.0,6.0,6.0,31.0,5.0,23.0,3.57934674712148,1.0,1.0,26.0,58.0,4.0,1.0,0.9279687599602524,32.0,0.0,1.0,0.0,0.0,0.0,0.0,0.0,0.0,0.0,0.0,0.0,Good
84.0,140.0,5.0,74.0,22.0,0.0,0.0,101.74928557357832,48.363843235950355,7.582282658496356,8.0,24.0,1.723796720968057,14.0,0.0,1.0625015618572207,1.0,36.0,22.0,1.0,2.0,0.0,30.0,1.0,0.0,0.0,0.0,0.0,0.0,0.0,0.0,0.0,0.0,0.0,Good
66.0,249.49605961420565,3.0,95.0,24.0,1.0,0.0,82.00629409816956,3.0,3.0,5.0,28.0,2.0,42.47417937505848,0.0,1.0,1.0,43.0,55.0,4.0,3.3220094209009443,1.0,78.0,0.0,0.0,0.0,0.0,0.0,0.0,0.0,0.0,0.0,0.0,0.0,Bad
69.77031599776075,196.56763735567512,1.0,74.0,22.0,1.3612704806377767,1.0,96.0,44.0,6.0,3.0,25.0,2.0,36.0,0.0,3.0,3.0,64.0,75.36117500543227,2.0,1.5255826917431956,1.0,50.0,0.0,0.0,0.0,0.0,0.0,0.0,1.0,0.0,0.0,0.0,0.0,Bad
66.0,107.0,7.0,49.0,10.64736977615297,0.0,0.0,90.0,50.0,6.0,6.0,10.0,2.0,47.203384738613316,0.0,0.0,0.0,97.0,44.0,3.0,3.0,2.049524172657078,100.0,0.0,0.0,0.0,0.0,0.0,0.0,0.0,0.0,0.0,0.0,0.0,Bad
63.0,260.0,2.0,91.0,19.0,1.0,1.0164737320985036,100.0,-8.138212632532714,0.0,8.0,21.79074814004691,4.0,44.05583987586867,2.28790303033079,2.0,2.0,31.0,70.7688033643089,3.0,3.176649753582977,0.0,75.0,1.0,1.0,0.0,0.0,0.0,0.0,0.0,0.0,0.0,0.0,0.0,Good
83.0,158.0,27.0,93.0,15.239794246445033,0.0,0.06058848906282199,100.0,41.972973041272496,7.0,8.0,15.0,0.0,33.0,0.0,0.0,0.0,1.0,50.4034158362181,1.0,1.1420121961228396,0.0,50.0,1.0,0.0,0.0,0.0,0.0,0.0,1.0,0.0,0.0,0.0,0.0,Good
68.0,262.342357671942,1.0,96.0,40.0,1.0,1.0,90.0,39.0,6.0,2.0,43.0,3.0,37.0,0.0,11.204628446949103,11.0,75.0,74.03534141499658,8.0,6.0,4.0,71.0,0.0,0.0,0.0,0.0,0.0,0.0,0.0,0.0,0.0,0.0,0.0,Good
73.0,211.0,3.0,116.0,23.0,0.24300464159985324,0.0,92.0,48.0,6.0,6.0,24.0,1.0,17.149576259841034,0.0,1.1087231864134959,1.052461270065067,41.0,68.5359631885292,8.0,1.0,2.0,64.0,0.0,0.0,0.0,0.0,0.0,0.0,1.0,0.0,0.0,0.0,0.0,Good
74.47029459036729,340.0,1.0,87.0,45.0,-0.03276308466372768,0.0,105.67698720770856,25.985047315654157,5.0,8.0,49.0,6.0,27.0,0.0,10.0,9.694492303615577,3.0,82.0,6.0,3.7023744458462007,0.0,44.0,1.0,0.0,0.0,0.0,0.0,0.0,0.0,0.0,0.0,0.0,0.0,Good
81.27325769657803,152.59735628924813,17.0,69.0,8.0,0.0,0.0,100.0,43.05909146125961,7.0,8.0,8.0,0.0,63.0,4.0,1.0,1.0,21.0,72.0,1.0,2.6698913285895816,0.0,67.0,1.0,0.0,0.0,0.0,0.0,0.0,0.0,0.0,0.0,0.0,0.0,Bad
74.0,215.0,11.670328809747591,99.0,28.37009735171714,1.0,0.8685442243563258,97.0,24.0,6.0,2.0,31.0,1.0,42.0,4.0,1.0,1.0,1.0,61.522347066267656,1.0,1.0,0.0,20.0,0.0,0.0,0.0,0.0,0.0,0.0,1.0,0.0,0.0,0.0,0.0,Good
79.0,254.6402924871885,5.0,86.0,39.23103956120627,0.0,0.0,100.0,35.44736326195064,6.627393734644484,8.0,49.0,2.0,55.0,0.0,0.0,0.0,23.0,82.0,3.0,5.0,0.0,57.0,1.0,0.0,0.0,0.0,0.0,0.0,0.0,0.0,0.0,0.0,0.0,Good
84.0,149.0,4.219240461186786,58.0,20.0,0.0,-0.22089037405691297,90.0,24.0,5.702627205813189,6.0,21.0,3.0,31.182326106616376,6.0,0.03838661774352493,0.0,3.0,68.3252186491826,2.0,1.5688304226527623,-0.7374790637475912,50.0,0.0,0.0,0.0,0.0,0.0,0.0,1.0,0.0,0.0,0.0,0.0,Good
70.0,196.00263123506696,10.99835548837201,80.7358737366935,18.0,1.0,0.0,90.0,80.0,6.0,5.0,20.0,1.0,15.0,0.0,0.0,0.0,77.0,68.29614228667045,6.0,1.4339555503374795,3.0,57.0,0.0,0.0,0.0,0.0,0.0,0.0,0.0,0.0,0.0,0.0,0.0,Bad
75.94755794755908,85.0,8.218997963827107,49.92845256164303,14.970551600648172,0.0,-0.0031434411465638135,100.0,43.20867762047786,7.0,8.0,15.0,1.0,60.0,12.0,0.0018948743444666613,0.0,52.0,82.0,3.0,4.0,0.0,100.0,1.0,0.0,0.0,0.0,0.0,0.0,0.0,0.0,0.0,0.0,0.0,Bad
88.0,206.0,2.0,108.0,33.977424237977715,0.06497671206840039,0.0,100.0,44.715117837197056,7.2168659075048405,8.0,38.0,1.0,19.0,4.234700072014741,1.0,1.0,1.0,66.77675254793735,4.0,3.0,0.0,44.0,1.0,1.0,0.0,0.0,0.0,0.0,0.0,0.0,0.0,0.0,0.0,Good
60.0,199.0,0.6157853093928267,53.0,23.0,0.0,0.0,74.0,2.0,4.0,6.0,23.0,1.0,17.0,0.0,1.0,1.0,36.0,88.0,11.0,3.0,1.0,70.0,0.0,0.0,0.0,0.0,0.0,0.0,0.0,0.0,0.0,0.0,0.0,Bad
69.0,74.0,72.0,73.0,2.0,1.0,1.0,100.0,39.04555775674825,6.0,8.0,3.690834737160568,0.0,100.0,0.0,0.0,0.0,59.1560187457389,4.0,-1.014297297576674,1.0,0.5283235928473717,100.0,1.0,0.0,0.0,0.0,0.0,1.0,0.0,1.0,0.0,1.0,0.0,Bad
72.97097086366074,158.0,1.0,71.0,29.0,0.0,0.0,100.0,39.90115549797707,6.853122080118142,8.0,30.0,6.0,36.920652771648356,0.0,2.069749511706097,2.0,39.0,94.0,5.0,3.3385602220875708,1.3104258097400883,67.0,1.0,0.0,0.0,0.0,0.0,0.0,0.0,0.0,0.0,0.0,0.0,Bad
86.0,209.1351088799632,4.0,69.0,39.0,0.0,0.0,100.0,44.085791742237035,7.0,8.0,42.0,2.40184090084705,49.0,4.431927029806232,0.0,0.0,1.0,76.0,4.0,3.0,0.0,54.0,1.0,1.0,0.0,0.0,0.0,0.0,0.0,0.0,0.0,0.0,0.0,Good
55.0,211.0,48.0,103.0,7.733303911762419,5.786357886066767,5.0,69.0,3.0,4.0,2.0,13.0,0.0,25.196291787216126,0.0,2.0499899163095936,2.0,1.0,29.77409497235265,1.0,0.941509083680645,0.0,50.0,0.0,0.0,0.0,0.0,0.0,0.0,1.0,0.0,1.0,0.0,0.0,Bad
73.0,255.0,-4.582654813553919,77.0,28.508512976542935,2.0,1.0,92.0,8.0,4.0,2.0,36.0,5.0,86.0,0.0,2.0,1.9453299904990022,11.0,96.0,2.0,5.373887643985677,0.0,87.0,0.0,0.0,0.0,0.0,0.0,0.0,0.0,0.0,0.0,0.0,0.0,Good
91.0,278.378680160893,26.11564580234954,127.0,18.0,-0.022191106849636544,0.0,100.0,51.3910952275086,7.228240497373028,8.0,18.0,0.0,23.429973575740412,4.883712535601973,0.0,0.0,5.0,46.41007037341702,1.0,0.855386862491649,-0.38835861316021747,50.0,1.0,0.0,0.0,0.0,1.0,0.0,1.0,0.0,1.0,0.0,0.0,Good
72.0,203.0,1.0,44.0,33.0,0.0,0.0,100.0,36.68853737771079,7.0,8.0,34.0,6.0,53.0,3.0,1.0,1.0,26.0,77.0,7.0,4.0,0.0,79.0,1.0,0.0,0.0,0.0,0.0,0.0,0.0,0.0,0.0,0.0,0.0,Good
66.0,166.10876379513437,6.256501584378043,65.12889097571701,33.0,1.0,1.0,97.0,18.26199959921736,4.640865347223148,6.0,33.0,1.0,55.0,0.0,4.0,4.0,23.0,79.0,2.0,4.0,0.0,75.0,0.0,0.0,0.0,1.0,0.0,0.0,0.0,0.0,0.0,0.0,0.0,Good
72.0,236.0,5.0,88.0,29.0,1.0,1.0,84.0,10.0,4.0,2.0,30.7761030804343,1.8625939605572057,13.0,0.0,3.0,3.0,2.0,3.0,2.0,1.0,0.0,23.0,0.0,0.0,0.0,0.0,0.0,0.0,0.0,0.0,0.0,0.0,0.0,Bad
43.0,137.0,2.0,49.41928015290128,5.0,5.0,3.0,55.0,3.0,3.0,2.0,11.513149239850968,2.009819341535487,55.0,0.0,3.0,3.0,94.0,75.67732723284924,2.0,2.0,2.0,80.0,0.0,0.0,0.0,0.0,0.0,0.0,0.0,0.0,0.0,0.0,0.0,Good
78.0,149.0,5.0,64.80115111407561,43.0,0.0,0.0,100.0,35.15185282779612,7.0,8.0,43.24033944072794,1.0,47.0,1.0,2.0,2.0,9.0,71.64401711401064,3.0,9.0,0.0,80.0,1.0,0.0,0.0,0.0,0.0,0.0,0.0,0.0,0.0,0.0,0.0,Good
70.0,206.0,3.0,96.0,18.0,3.0,0.0,59.0,11.0,4.624106374158924,5.0,21.743477366893135,1.0,41.0,0.0,2.0,2.0,10.0,66.35047252134085,4.0,1.0,0.0,50.0,0.0,0.0,0.0,0.0,0.0,0.0,0.0,0.0,0.0,0.0,0.0,Bad
85.0,240.6231077226691,2.2937108888517805,87.0,28.0,0.0,0.0,100.0,50.03450376420321,7.0,8.0,29.0,5.0,37.925390049061704,0.0,3.0,3.0,11.0,74.07384669709035,5.0,3.368585528253106,0.16104828918655256,73.0,1.0,0.0,0.0,0.0,0.0,0.0,0.0,0.0,0.0,0.0,0.0,Good
72.0,397.0,3.3149988522640577,116.0,53.84108130063916,0.0,0.0,104.8348145554069,24.082710025160395,5.820999979484398,8.0,60.0,1.0,-0.8793401112468437,4.0,1.0474044276422754,1.0,10.0,72.0,17.0,1.0,3.9501703375785624,56.0,1.0,0.0,0.0,0.0,0.0,0.0,0.0,0.0,0.0,0.0,0.0,Bad
59.0,183.0,2.0,73.14583681670968,28.0,1.0,1.0,90.0,2.0,0.0,2.0,31.0,2.0,32.0,0.0,10.0,10.0,66.0,62.0,5.0,2.6222373977733975,1.0,57.0,0.0,0.0,0.0,0.0,0.0,0.0,0.0,0.0,0.0,0.0,0.0,Bad
75.0,413.0,9.0,112.0,33.0,0.0,0.0,100.0,38.05834493342144,7.0,8.0,33.0,1.0,30.0,0.0,0.0,-0.01114317184671984,59.0,49.0,5.0,2.0,1.0,80.0,1.0,0.0,0.0,0.0,0.0,0.0,0.0,0.0,0.0,0.0,0.0,Good
72.0,140.0,13.0,61.0,13.0,0.0,0.0,100.0,34.50376272244608,6.5408225819653305,8.0,13.0,0.0,8.0,1.4741015373133837,3.0316997088503808,3.0,51.0,61.058552931118754,3.0,0.38900664505869076,1.0,60.0,1.0,1.0,0.0,0.0,0.0,0.0,1.0,0.0,1.0,0.0,0.0,Bad
74.0,248.00360046428352,2.0,97.0,15.0,1.724754939676157,1.0,79.74057552517485,28.0,6.0,2.0,18.024215449214612,2.0,28.210043556656927,4.015676753182099,0.0,0.0,18.0,7.0,5.0,2.0,0.0,70.0,0.0,1.0,0.0,0.0,0.0,0.0,0.0,0.0,0.0,0.0,0.0,Bad
72.0,209.0,5.0,97.0,24.0,0.0,0.0,96.0,40.0,6.0,6.0,23.611284043870487,2.0,21.0,5.0,0.0,-0.016994211000069315,38.0,67.63004626943987,7.0,1.0,0.0,67.0,0.0,0.0,0.0,0.0,0.0,0.0,1.0,0.0,0.0,0.0,0.0,Good
83.0,192.0,63.0,148.0,7.0,0.0,0.0843743921254193,88.28262313282005,50.84462187795424,7.0,8.0,7.0,0.0,71.0,0.0,1.0,1.0,34.8708215722626,24.24527070242131,0.3824333806220812,1.0,-0.13975025010009512,100.0,1.0,0.0,0.0,0.0,0.0,1.0,1.0,1.0,0.0,1.0,0.0,Bad
62.0,226.0,4.0,79.0,42.0,0.20853493257675781,0.0,98.0,76.0,6.0,6.0,42.0,6.0,21.0,0.0,1.0,1.0,50.0,81.0,13.0,3.0,4.0,80.0,0.0,0.0,0.0,0.0,0.0,0.0,0.0,0.0,0.0,0.0,0.0,Bad
63.0,308.0,24.0,105.0,18.995487613853992,1.0,0.0,70.0,3.0,3.0,5.0,20.0,0.0,60.0,0.0,0.0,-0.018637308458526458,42.0,51.63842597718367,4.0,4.0,1.0,73.0,0.0,0.0,0.0,0.0,0.0,0.0,0.0,0.0,0.0,0.0,0.0,Good
58.0,42.0,1.1208847537729731,21.0,8.0,0.21788935621531014,0.0,88.0,1.0,4.0,6.0,8.0,2.1874804378721544,44.58668377543688,0.0,0.03792166610960595,0.0,50.0,92.0,2.0,2.0,1.0,80.0,0.0,0.0,0.0,0.0,0.0,0.0,0.0,0.0,0.0,0.0,0.0,Bad
65.0,136.94925326018875,5.0,56.36039149072536,11.441014101720459,1.0,1.0,82.46845888117153,35.0,4.701567524067927,4.0,13.848017830535014,2.0,29.0,1.0,1.0,1.0,13.0,71.72163339576448,5.0,1.0,0.0,100.0,0.0,0.0,0.0,0.0,0.0,0.0,1.0,0.0,0.0,0.0,0.0,Good
76.36721622149241,170.70493398022614,7.0,86.0,15.0,0.35806325179137577,0.0,80.0,34.0,5.6333558087231665,6.0,0.0,1.0,47.0,1.0,2.0,2.0,0.0,51.0,1.0,3.0,0.0,80.0,0.0,0.0,1.0,0.0,0.0,0.0,0.0,0.0,0.0,0.0,0.0,Bad
84.0,170.0,19.612648848676706,87.0,10.0,0.0,0.0,99.47709341655862,46.31303599043221,7.0,8.0,11.749870400065944,1.0345758901829702,50.0,0.0,2.0,1.9590781283110008,10.0,59.36959443800373,2.0,1.4938359193490707,-0.15983966715777775,67.0,1.0,0.0,0.0,0.0,0.0,0.0,1.0,0.0,1.0,0.0,0.0,Good
77.33659443634632,264.0,2.0,81.0,42.0,1.0,1.0,104.44928182376148,39.566215235424266,7.0,8.0,44.0,3.0,29.376641352616872,0.0,3.0,3.0,15.0,50.0,6.0,3.0,1.0,50.0,1.0,0.0,0.0,0.0,0.0,0.0,0.0,0.0,0.0,0.0,0.0,Good
85.54312786505139,162.0,12.0,81.97470994994208,15.058662902082077,-0.0289717351361638,0.0,100.0,45.946007937613416,7.0,8.0,15.075399434179797,0.0,52.0,4.056416954989416,0.0,0.0,3.0,64.77756075435228,3.0,1.0,0.0,67.0,1.0,0.0,0.0,0.0,1.0,0.0,1.0,0.0,0.0,0.0,0.0,Good
82.0,172.0,3.2534233012646148,71.0,23.0,0.0,0.0,103.05293464432935,45.16619271074234,7.0,8.0,23.918779458133397,4.0,54.0,0.0,1.0,1.0,4.0,81.0,4.0,3.0,0.0,70.0,1.0,0.0,0.0,0.0,0.0,0.0,0.0,0.0,0.0,0.0,0.0,Good
60.0,98.68243523264312,3.0,31.0,14.0,0.214927103894754,0.1567755099050242,93.0,26.137044864626972,6.0,6.0,14.0,4.0,40.44564193909868,0.0,5.0,4.0,57.0,48.0,8.0,4.0,2.1826426463204007,100.0,0.0,0.0,0.0,1.0,0.0,0.0,0.0,0.0,0.0,0.0,0.0,Bad
66.60060982377402,29.224214481581434,6.35490648770114,9.0,2.0,0.0,0.0,100.0,43.63567692003684,7.0,8.0,4.40198432285389,1.9284834414603158,50.0,0.0,2.0,2.0,97.0,78.54507328896493,1.0,1.0,1.0,100.0,1.0,0.0,0.0,0.0,0.0,0.0,1.0,0.0,0.0,0.0,0.0,Bad
71.0,295.0,8.53995213629269,102.0,20.0,1.0,0.0,91.0,11.0,4.0888355323314824,2.0,22.0,1.2470312189807453,27.0,0.0,1.0,0.9425376188773303,53.0,58.0,2.0,2.0,0.0,67.0,0.0,0.0,0.0,0.0,0.0,0.0,0.0,0.0,0.0,0.0,0.0,Bad
64.0,58.0,4.0,24.0,2.0277219669833872,1.0,1.0,67.0,75.0,6.848387427924825,4.0,3.0,2.0,67.0,0.0,1.0,1.0,69.29027258328196,81.0,0.8860299221843602,2.0,0.7228739668667278,100.0,0.0,0.0,0.0,0.0,0.0,1.0,0.0,1.0,0.0,1.0,0.0,Bad
85.0,315.0,11.0,120.0,19.0,0.0,0.0,100.0,40.439892070245236,7.0,8.0,19.0,1.3436947712202683,23.79545079790745,10.0,0.0,0.0,2.0,57.0,4.0,2.0,0.0,40.0,1.0,0.0,0.0,0.0,0.0,0.0,0.0,0.0,0.0,0.0,0.0,Good
70.0,198.0,50.0,93.0,7.0,1.0,0.0,63.0,18.0,6.0,5.0,8.0,0.0,50.0,3.133915933433212,0.0,-0.03888016304232331,28.0,42.0,1.0,3.0,1.0,67.0,0.0,1.0,0.0,0.0,0.0,0.0,0.0,0.0,0.0,0.0,0.0,Bad
60.411414013131825,227.0,1.0,74.0,33.0,1.2327835662191606,1.0,98.0,23.0,0.0,5.0,43.0,3.4469068776628937,26.0,0.0,1.0,1.0,31.0,82.0,14.0,5.0,3.0,79.0,0.0,0.0,0.0,0.0,0.0,0.0,0.0,0.0,0.0,0.0,0.0,Bad
81.0,198.0,3.0,92.0,21.37620087721919,0.049398646434492655,0.0,100.0,43.31476552413116,7.0,8.0,20.0,1.0,30.0,0.0,2.0,2.0,34.0,76.0,2.0,4.0,0.6828183187792565,60.0,1.0,0.0,0.0,0.0,0.0,0.0,0.0,0.0,0.0,0.0,0.0,Good
77.750000645781,171.0,11.0,62.0,19.82951859869767,0.07253451452292303,0.0,95.91307899766532,69.0,6.0,6.0,20.0,1.0,35.0,3.3859199499032395,0.0,0.0,41.0,67.0,3.0,2.0,1.0,56.0,0.0,1.0,0.0,0.0,0.0,0.0,0.0,0.0,0.0,0.0,0.0,Bad
73.0,199.0,4.147428328396671,68.0,33.0,-0.048816211301430545,0.0,100.0,29.435963711827867,7.0,8.0,13.0,0.0,33.0,3.4312669796756112,0.0,0.0,26.0,88.0,3.0,3.0,1.3186416650883657,40.0,1.0,1.0,0.0,0.0,0.0,0.0,0.0,0.0,0.0,0.0,0.0,Good
84.0,137.0,6.356117982776784,73.0,49.0,0.019092300639557802,0.0,100.0,41.23028606126442,7.0,8.0,51.0,2.596027604148792,25.0,0.0,1.0,0.9566536855713809,1.0,68.76339087055241,1.0,2.0,0.0,17.0,1.0,0.0,0.0,0.0,0.0,0.0,1.0,0.0,0.0,0.0,0.0,Good
66.0,197.0,10.0,73.0,28.0,0.0,0.0,90.0,5.0,4.0,6.0,29.0,2.0,24.0,0.0,1.0,1.0,12.0,63.10943635799025,7.0,1.0,1.0,57.0,0.0,0.0,0.0,0.0,0.0,0.0,1.0,0.0,0.0,0.0,0.0,Good
72.15355449420674,215.0,4.0,88.0,22.0,1.0,0.0,88.0,1.0,4.0,5.0,26.0,1.7199371096479306,20.0,5.0,0.0,0.0,3.0,63.189899979839524,3.0,1.1480537015789207,0.0,33.0,0.0,0.0,0.0,0.0,0.0,0.0,1.0,0.0,1.0,0.0,0.0,Bad
83.76509053002925,311.0,7.0,144.0,27.0,1.0,1.0,96.0,47.0,5.326094217988346,2.0,27.128568290918327,2.0,29.0,6.0,0.05354307221911498,0.0,3.0,77.0,1.0,2.0,0.0,17.0,0.0,0.0,0.0,0.0,0.0,0.0,0.0,0.0,0.0,0.0,0.0,Bad
81.0,230.0,1.0,79.0,23.0,0.0,0.0,100.0,42.15188613085692,7.0,8.0,24.0,2.0,25.0,3.0,1.0089520934477858,1.0,18.0,71.37849742951674,4.0,1.3721843396105942,0.0,57.0,1.0,0.0,0.0,0.0,0.0,0.0,1.0,0.0,1.0,0.0,0.0,Good
86.35135899134212,293.0,20.0,94.0,36.0,0.0,0.0,100.0,43.55854035387836,7.0,8.0,37.0,0.0,38.0,4.86418075159451,0.0,-0.03310046628359137,1.0,63.0,2.0,3.3985844874469464,0.0,56.0,1.0,0.0,0.0,0.0,1.0,0.0,0.0,0.0,0.0,0.0,0.0,Good
72.0,174.0,16.131007767563823,81.69383905765001,8.0,1.0,1.0,70.0,53.0,6.0,4.0,10.71499900929092,1.0,50.0,1.5235746489221724,2.062563728475536,2.0,33.0,63.036940714771404,2.0,1.0,0.20026176683531993,75.0,0.0,1.0,0.0,0.0,0.0,0.0,1.0,0.0,0.0,0.0,0.0,Good
84.0,206.0,22.0,92.0,12.0,0.0,0.03962446999584285,100.0,38.83310368739268,7.0,8.0,12.0,0.0,67.0,21.0,0.0,0.0,0.0,53.808003308226866,0.0,2.0,-0.46167710729324396,50.0,1.0,0.0,0.0,0.0,0.0,0.0,0.0,0.0,0.0,0.0,0.0,Good
76.0,245.60470539880572,0.0,71.0,47.0,0.0,0.0,98.0,40.0,5.995307614241906,6.0,49.0,6.0,10.0,2.0,1.0,1.0,2.0,74.3710496606355,15.0,2.0,0.0,53.0,0.0,0.0,0.0,0.0,0.0,0.0,0.0,0.0,0.0,0.0,0.0,Good
65.0,157.2254046017909,2.0,49.0,29.457335737395066,0.0,0.0,96.0,25.58529018292606,6.0,6.0,31.504465555904613,6.0,42.27746039411174,0.0,2.0909209768120522,2.0,28.0,84.0,4.0,4.0,1.0,62.0,0.0,0.0,0.0,1.0,0.0,0.0,0.0,0.0,0.0,0.0,0.0,Bad
77.0,254.0,8.0,39.0,23.494450194611876,0.0,0.0,96.71947163345637,67.0,6.0,6.0,26.841790384456377,3.0,4.0,7.0,0.0,0.0,1.0,68.50021198975358,4.0,0.49440038605042236,1.0,19.0,0.0,0.0,0.0,0.0,0.0,0.0,1.0,0.0,1.0,0.0,0.0,Bad
75.0,140.0,9.950343088718611,58.0,34.0,0.0,0.0,97.0,23.0,6.0,6.0,34.0,0.0,50.0,0.0,0.0,0.0,0.0,52.0,1.0,3.0,0.0,33.0,0.0,0.0,0.0,0.0,0.0,0.0,0.0,0.0,0.0,0.0,0.0,Good
70.0,206.0,19.0,75.0,17.0,0.0,0.07332009364170122,100.0,35.029501550568085,7.0,8.0,17.96804062726496,0.0,28.0,0.0,1.0,1.0,58.0,58.34346301945736,4.0,1.0,2.174409517631299,60.0,1.0,0.0,0.0,0.0,0.0,0.0,1.0,0.0,0.0,0.0,0.0,Good
68.55607036587497,75.93530121396677,16.081838603731693,37.0,2.478101054164558,0.05792687150177489,0.10235970463994276,100.0,44.524152051705414,7.0,8.0,4.7424994441274695,0.0,25.0,0.0,3.0,3.0,95.0,64.73259410183022,3.0,0.7132813294720055,1.0,100.0,1.0,0.0,0.0,0.0,0.0,0.0,1.0,0.0,1.0,0.0,0.0,Bad
64.51034559411862,53.0,10.0,24.0,19.0,0.0,0.0,100.0,36.455433229641216,7.0,8.0,19.0,2.0,79.0,0.0,0.0336377764457487,0.0,104.0,86.0,2.0,8.0,2.0,91.0,1.0,0.0,0.0,0.0,0.0,0.0,0.0,0.0,0.0,0.0,0.0,Bad
68.0,361.5192464360317,1.0,131.0,74.0,0.7020285813589697,0.4529240770241184,95.0,3.0,4.0,6.0,78.0,3.0,59.0,0.0,5.0,4.843936283199319,2.0,22.0,3.0,6.618046940792006,0.11159841370974943,70.0,0.0,0.0,0.0,0.0,0.0,0.0,0.0,0.0,0.0,0.0,0.0,Good
66.0,216.30614762465518,4.0,76.0,34.48478028520162,0.0,0.0,100.0,28.2695570574013,7.0,8.0,34.02690602751754,3.0,17.0,3.0,1.0,0.972775115456189,37.0,98.0,9.0,3.0,2.8522897137858854,55.0,1.0,0.0,0.0,0.0,0.0,0.0,0.0,0.0,0.0,0.0,0.0,Good
61.5514687981621,106.0,13.196589213305273,51.0,18.0,1.0,1.0,79.62707835956203,2.0,0.0,2.0,19.598132310708046,1.4817768450095707,57.0,3.0,1.0,1.0,22.0,38.0,4.0,2.0,0.0,67.0,0.0,0.0,0.0,0.0,0.0,0.0,0.0,0.0,0.0,0.0,0.0,Good
69.94630983168415,43.0,1.0,21.0,9.0,0.0,0.0,98.58745438621159,42.07965882599595,7.0,8.0,10.440220014603046,3.0,9.0,0.0,2.0245896791280398,2.0,52.0,76.8612042994776,6.0,0.7447982888217335,1.6954904666040602,86.0,1.0,0.0,0.0,0.0,0.0,0.0,1.0,0.0,1.0,0.0,0.0,Bad
60.349187777210204,110.56084125541022,9.0,52.0,3.0,1.0,1.0,81.24192907026043,6.0,4.0,6.0,4.0,1.0,75.0,1.7023752930867393,1.0,1.0,71.0,71.28498792929132,1.0,1.0,0.0,100.0,0.0,1.0,0.0,0.0,0.0,0.0,0.0,0.0,0.0,0.0,0.0,Bad
72.0,224.0,2.0,66.0,31.729798925373185,0.0,0.0,100.0,33.307510785741414,7.0,8.0,33.0,3.0,24.0,0.0,0.0,0.005365449571192088,28.0,69.0,9.0,2.0,0.0,61.0,1.0,0.0,0.0,0.0,0.0,0.0,0.0,0.0,0.0,0.0,0.0,Good
84.0,159.0,13.0,80.0,21.105745794139697,0.0,0.0,100.0,42.23016072972297,7.0,8.0,20.73976568793337,0.0,23.419078296859965,0.0,2.0,2.0,1.0,60.87240097866841,2.0,1.0,1.0,30.0,1.0,0.0,0.0,0.0,0.0,0.0,1.0,0.0,0.0,0.0,0.0,Good
63.0,42.0,2.0,17.0,13.0,2.0,2.0,93.0,28.10399474949901,5.0,7.0,16.0,4.0,43.0,0.0,1.0,0.9929809498563509,52.0,80.27594002863803,6.0,4.0,1.0,91.0,1.0,0.0,0.0,0.0,0.0,0.0,0.0,0.0,0.0,0.0,0.0,Bad
66.0,229.0,3.0,91.0,44.41174520296312,0.0,0.0,100.0,39.64738793321976,7.0,8.0,58.0,3.0,21.0,0.0,1.0,1.0,90.0,86.0,10.0,2.0,8.0,86.0,1.0,0.0,0.0,0.0,0.0,0.0,0.0,0.0,0.0,0.0,0.0,Bad
63.0,329.0,2.0,148.0,27.0,4.0,3.0,85.0,44.0,6.0,4.0,33.0,4.0,35.33614589116391,2.0,5.098770383951948,5.0,37.0,70.43147634273899,7.0,3.2541623749704307,1.0,82.0,0.0,0.0,0.0,0.0,0.0,0.0,0.0,0.0,0.0,0.0,0.0,Good
73.0,69.0,24.0,42.0,7.0,0.0,0.0,96.76342361548775,39.28819839075783,6.801577913863968,8.0,7.0,0.0,36.60082368781868,2.699930434381755,1.0,0.0,54.0,57.71460079889306,5.0,2.0278836569536454,1.0,86.0,1.0,1.0,0.0,0.0,0.0,0.0,0.0,0.0,0.0,0.0,0.0,Bad
71.79648056629831,111.0,9.0,60.0,15.0,0.0,-0.0808520747259465,93.0,66.0,7.180392307091501,6.0,15.0,1.7179283903428058,51.052888597385945,0.0,0.0,0.0,61.0,43.0,5.0,3.0,1.5837814413654727,100.0,0.0,0.0,0.0,0.0,0.0,0.0,0.0,0.0,0.0,1.0,0.0,Bad
58.0,122.0,4.0,55.0,38.0,2.153735263828647,1.8960380953358067,98.0,2.0,1.0,3.0,41.0,5.0,44.0,0.0,3.0,3.0,4.0,94.0,3.0,3.0,0.0,46.0,0.0,0.0,0.0,0.0,0.0,0.0,0.0,0.0,0.0,0.0,0.0,Good
76.0,134.0,35.0,84.0,21.0,0.0,0.0,91.11682698189469,34.90052865302255,6.0,6.0,21.0,0.0,52.0,3.7658723188580763,0.0,0.0,38.0,46.88536440375654,1.0,1.0,0.0,67.0,0.0,1.0,0.0,1.0,0.0,0.0,1.0,0.0,0.0,0.0,0.0,Bad
92.0,490.55424537995987,10.0,176.0,25.0,0.0,-0.08960606465009363,100.0,46.98585649407315,7.0,8.0,68.0,1.0,28.0,5.394088409047159,0.0,0.0,3.0,54.67433392106952,2.0,1.5364936229268067,0.0,67.0,1.0,0.0,0.0,0.0,1.0,0.0,1.0,0.0,1.0,0.0,0.0,Good
68.0,261.0,2.0,63.0,13.0,0.0,0.0,88.92080083977939,25.0,6.0,6.0,14.0,5.0,32.53664576192113,0.0,2.0,2.0,32.0,73.39478182461818,7.0,3.0,0.0,83.0,0.0,0.0,0.0,0.0,0.0,0.0,0.0,0.0,0.0,0.0,0.0,Bad
82.0,215.0,41.0,101.0,18.0,0.0,0.06328439622656734,100.0,49.51702803064518,7.147004302586096,8.0,19.0,-0.05696407317823482,21.0,4.292763533929616,0.0,0.0,42.0,38.1102035741741,3.0,1.0,1.06579769280948,67.0,1.0,0.0,0.0,0.0,1.0,0.0,1.0,0.0,0.0,0.0,0.0,Bad
50.0,214.0,5.286518932547093,77.0,37.78032691158215,0.0,0.0,83.0,1.0,4.0,6.0,38.90810574976392,3.0,46.0,0.0,2.0,2.0,82.0,72.02060195668186,12.0,6.0,6.0,100.0,0.0,0.0,0.0,0.0,0.0,0.0,0.0,0.0,0.0,0.0,0.0,Bad
65.0,208.0,1.8734803625807395,65.0,37.0,0.025104963516319412,0.0,100.0,29.894171964526976,6.443165894065164,8.0,37.0,4.0,14.0,0.0,2.0,2.0,47.0,65.0,13.0,3.0,6.0,73.0,1.0,0.0,0.0,0.0,0.0,0.0,0.0,0.0,0.0,0.0,0.0,Bad
71.0,173.00092077946766,4.0,61.0,26.546241827461202,0.0,0.0,100.0,32.555824913973,7.0,8.0,23.0,3.0970973255373293,34.0,5.0,1.0,0.9726854323127037,32.0,71.0,7.0,4.0,0.0,65.0,1.0,0.0,0.0,0.0,0.0,0.0,0.0,0.0,0.0,0.0,0.0,Good
71.70425238910724,284.0,2.0,71.0,24.6991386608338,0.0,0.0,100.0,38.517608095891376,7.0,8.0,19.0,4.0,32.0,0.0,10.0,10.0,31.0,100.0,9.0,6.0,0.0,94.0,1.0,0.0,0.0,0.0,0.0,0.0,0.0,0.0,0.0,0.0,0.0,Good
79.55366078325164,101.0,3.0,55.0,22.812131427571032,0.0,0.0008381312188308898,100.0,40.74673094005476,7.0,8.0,23.0,1.0,27.416015876479705,0.0,1.0473481414052903,1.0,1.0,72.51453708604528,6.0,2.0,1.0,67.0,1.0,0.0,0.0,0.0,0.0,0.0,1.0,0.0,0.0,0.0,0.0,Good
65.0,182.0,11.0,53.0,12.0,1.0,1.0,100.0,29.354435126661656,6.0,8.0,12.0,1.0,8.0,2.0,2.051405783681396,2.0,46.0,64.16314773638422,5.0,1.0,2.0,86.0,1.0,0.0,0.0,0.0,0.0,0.0,1.0,0.0,0.0,0.0,0.0,Bad
76.0,100.0,18.0,63.67252410409996,9.0,0.0,0.0,100.0,41.18192926577731,6.802563822886704,8.0,9.0,0.0,22.0,11.0,0.0,0.0,54.0,65.0,1.0,1.524290054264632,1.0,63.0,1.0,0.0,0.0,0.0,0.0,0.0,0.0,0.0,0.0,0.0,0.0,Good
56.0,211.0,3.0,30.0,19.0,0.0,0.09302853378765613,95.0,5.0,4.0,6.0,2.0,1.0,26.0,1.0,2.0,2.0,58.0,97.0,4.0,2.766342218999044,1.9044871106281267,78.0,0.0,0.0,0.0,0.0,0.0,0.0,0.0,0.0,0.0,0.0,0.0,Bad
89.0,223.6554718474132,11.0,94.94694250078959,14.498514795457865,0.0,0.0,100.0,51.31457327867716,7.0,8.0,11.0,1.0172331220044635,27.0,10.0,0.0,0.0,10.0,83.0,3.0,1.0,0.030253701370659858,57.0,1.0,0.0,0.0,0.0,0.0,0.0,0.0,0.0,0.0,0.0,0.0,Good
58.0,101.0,8.0,52.0,33.0,0.0,0.0,100.0,33.05928450823319,7.0,8.0,34.0,2.2353755418747445,15.0,0.0,0.0,0.0,96.0,65.0,13.0,2.984512828039349,8.0,100.0,1.0,0.0,0.0,0.0,0.0,0.0,0.0,0.0,0.0,0.0,0.0,Bad
82.0,255.67812826457032,14.323937554726076,100.27301203106553,28.0,0.11305913236622045,0.09043321835863533,100.0,37.219577021422424,7.0,8.0,31.0,0.0,13.0,14.0,0.0,0.0,7.0,48.0,4.0,1.9870063451510833,0.0,43.0,1.0,0.0,0.0,0.0,0.0,0.0,0.0,0.0,0.0,0.0,0.0,Good
66.0,141.71565191834299,8.0,66.0,6.0,1.3848646116192982,0.8363497448894816,75.0,45.0,6.0,5.0,9.733880479401595,2.0,75.0,0.0,4.0,3.869853238454115,47.0,86.0,1.0,2.0,0.0,100.0,0.0,0.0,0.0,0.0,0.0,0.0,0.0,0.0,0.0,0.0,0.0,Bad
73.63019006548694,166.1850454183973,12.584806317444272,84.83152954860415,19.0,3.0,3.0,84.0,76.0,0.0,6.0,0.0,3.0,42.0,8.0,0.05557117649235541,0.0,22.0,73.0,1.0,1.8765927012516008,-0.009210804220605828,33.0,0.0,0.0,1.0,0.0,0.0,0.0,0.0,0.0,0.0,0.0,0.0,Bad
78.0,92.0,7.0,56.93409084546286,13.0,0.0,0.0,100.0,39.634384896714835,6.759778608361096,8.0,12.054403695342273,1.0,8.0,7.0,0.0,0.0,19.0,65.65644748128912,5.0,1.0,1.0061025818989808,55.0,1.0,0.0,0.0,0.0,0.0,0.0,1.0,0.0,0.0,0.0,0.0,Good
67.99651500382963,154.0,1.0,52.36828219640209,7.0,0.0,0.0,90.0,1.0,4.0,6.0,27.0,2.0,40.0,1.6341887906690267,3.0,2.0,14.0,71.58109734131062,3.0,1.0,0.0,80.0,0.0,1.0,0.0,0.0,0.0,0.0,1.0,0.0,0.0,0.0,0.0,Bad
69.0,39.0,4.0,45.74457510066418,7.0,1.0,0.0,88.0,14.0,4.808968108871078,5.0,8.0,2.0,18.88740583021051,0.0,8.0,7.76466855694411,19.0,69.09826989874917,3.0,0.5856342622004659,0.3027065614778848,50.0,0.0,0.0,0.0,0.0,0.0,0.0,1.0,0.0,1.0,0.0,0.0,Bad
85.0,173.0,16.0,51.0,9.0,0.0,0.0,100.0,52.671211965212194,7.381993619237287,8.0,28.0,0.0,0.0,0.0,1.0,1.0,13.0,58.442270028044,4.0,0.364023909119077,0.0,80.0,1.0,0.0,0.0,0.0,0.0,0.0,1.0,0.0,1.0,0.0,0.0,Good
65.0,604.0,13.0,194.0,43.0,0.0,-0.08659994194892795,91.0,2.0,4.0,6.0,45.0,0.0,25.05477038645636,0.0,1.0,0.9594814711977377,16.0,78.0,12.0,4.0,2.9425525259152385,74.0,0.0,0.0,0.0,0.0,0.0,0.0,0.0,0.0,0.0,0.0,0.0,Bad
67.0,235.0,5.0,92.0,27.0,0.0,0.0,97.64363116623386,28.655836227231248,7.0,8.0,27.0,2.0,24.064801257494473,13.0,0.0,0.0,53.0,84.0,8.0,2.377855782553459,2.0,65.0,1.0,0.0,0.0,0.0,0.0,0.0,0.0,0.0,0.0,0.0,0.0,Good
74.0,288.0,2.0,119.0,13.0,1.0,1.0,82.0,8.0,4.0,4.0,18.0,1.3039138938421129,41.0,1.0,4.079895417453179,4.0,0.0,59.0,2.0,3.0,0.0,83.0,0.0,0.0,0.0,0.0,0.0,0.0,0.0,0.0,0.0,0.0,0.0,Good
82.0,221.0,10.0,102.16002960835998,40.0,0.0,0.0,98.0,24.0,6.0,6.0,40.0,1.0,15.0,4.736630613076352,0.0,0.0,4.0,58.74140024733941,2.0,1.50841732416434,0.0,15.0,0.0,1.0,0.0,0.0,0.0,0.0,1.0,0.0,1.0,0.0,0.0,Bad
56.0,85.54457831507408,10.0,43.0,4.21516340636007,1.0,0.0,38.0,0.0,3.0,5.0,0.0,1.0,25.0,1.7799958322540541,0.0,0.0,26.0,61.91117850741275,2.0,1.0,0.0,57.0,0.0,1.0,1.0,0.0,0.0,0.0,1.0,0.0,0.0,0.0,0.0,Bad
69.0,118.48113526662974,3.1729108388157456,43.0,12.0,0.0,0.0,93.0,23.0,5.178633398070883,6.0,14.176275907821545,2.0,53.24351772733923,5.0,0.0,0.0,53.0,87.0,2.0,3.0,0.0,100.0,0.0,0.0,0.0,0.0,0.0,0.0,0.0,0.0,0.0,0.0,0.0,Bad
59.1268005258617,270.0,9.841520342640475,95.15341195781023,25.676311886715467,0.6173396683537549,0.19246514406208937,76.0,0.0,4.0,6.0,27.828427333686076,2.0,14.0,0.0,2.0,2.0,51.0,60.311509255525245,11.0,1.0,2.0,86.0,0.0,0.0,0.0,0.0,0.0,0.0,1.0,0.0,0.0,0.0,0.0,Bad
70.0,386.0,5.0,92.0,22.01348113641827,0.0,0.0,100.0,36.651373134334165,7.0,8.0,25.0,3.0,56.0,0.0,1.1626128828358875,1.1347841475571139,67.0,89.0,4.0,4.0,2.0,89.0,1.0,0.0,0.0,0.0,0.0,0.0,0.0,0.0,0.0,0.0,0.0,Bad
72.0,188.1682250762691,14.0,80.65564154380628,13.0,0.9293031988796103,1.0,100.0,26.362994741551574,5.563170371081615,8.0,13.0,0.0,8.0,10.0,0.0,-5.8692907723284504e-05,15.0,14.0,5.0,1.0,0.0,88.0,1.0,0.0,0.0,0.0,0.0,0.0,0.0,0.0,0.0,0.0,0.0,Good
86.0,130.0,-3.5706606806408026,55.868939325199605,17.0,0.0,0.0,100.0,48.06151619634386,7.0,8.0,17.0,1.0,24.0,0.0,0.0,0.0,7.0,132.0,1.0,4.0,-0.3242545557697014,50.0,1.0,0.0,0.0,0.0,0.0,0.0,0.0,0.0,0.0,0.0,0.0,Good
69.0,361.0,8.0,115.81903268302831,26.131950095378418,1.0,0.6763519616049684,89.0,1.0,4.0,5.0,28.0,1.0,34.70792539117352,3.987599276078256,0.0,0.0,29.0,57.0,5.0,2.9400826633606227,0.0,64.0,0.0,1.0,0.0,0.0,0.0,0.0,0.0,0.0,0.0,0.0,0.0,Bad
79.0,150.0,4.0,69.65026682160523,23.94202182367763,0.0,0.0,100.0,42.3015963904534,7.0,8.0,29.0,1.0,20.0,2.655790066561291,2.0,2.0,46.0,69.35385946185062,2.0,0.995918481722919,1.178699701341015,44.0,1.0,1.0,0.0,0.0,0.0,0.0,1.0,0.0,0.0,0.0,0.0,Good
68.0,226.0,1.0,98.0,24.0,2.0,2.0,80.0,28.0,4.332526860879774,3.0,30.0,2.0,57.0,8.0,0.0,0.0,28.0,92.0,1.0,3.1947213001728954,-0.057061591620258145,75.0,0.0,0.0,0.0,0.0,0.0,0.0,0.0,0.0,0.0,1.0,0.0,Bad
59.0,89.0,26.0,62.0,2.0,1.0,1.0,67.0,2.0,0.0,2.0,3.0,0.0,33.0,0.0,4.104065907042171,4.0,100.0,63.0,1.0,1.0,1.0,67.0,0.0,0.0,0.0,0.0,0.0,0.0,0.0,0.0,0.0,0.0,0.0,Bad
79.0,71.0,3.0,40.94696316395893,12.0,0.0,0.0,99.62638102435355,42.280807977547454,7.0,8.0,12.0,3.0,25.0,11.0,0.0,0.0,11.0,94.0,3.0,1.937711394895281,0.0,56.0,1.0,0.0,0.0,0.0,0.0,0.0,0.0,0.0,0.0,0.0,0.0,Good
66.215443879638,137.0,5.0,81.0,9.0,4.0,2.80416935590412,75.97039049894187,34.0,6.0,4.0,13.0,1.0,38.0,0.0,1.0,0.967641468460703,46.0,70.43748471919173,2.0,1.0,0.23050292191552213,100.0,0.0,0.0,0.0,0.0,0.0,0.0,1.0,0.0,0.0,0.0,0.0,Bad
87.0,263.0,3.0,73.0,21.0,0.0,0.0,100.0,47.7123105490694,7.0,8.0,23.004957810833186,3.0,28.31664354675922,9.0,0.0,0.0,13.0,62.0,3.0,2.176583225850097,0.0,42.0,1.0,0.0,0.0,0.0,0.0,0.0,0.0,0.0,0.0,0.0,0.0,Good
71.59842213547992,266.0,5.0,85.6857710598691,27.0,0.13395222495670334,0.0,97.0,10.0,4.0,6.0,31.0,2.0,42.0,0.0,0.03862011378614601,0.0,8.0,81.0,5.0,4.0,1.0,56.0,0.0,0.0,0.0,0.0,0.0,0.0,0.0,0.0,0.0,0.0,0.0,Good
58.0,92.0,6.0,40.0,34.0,1.0,1.0,96.78856245462683,-12.217261861930297,0.0,8.0,41.0,1.0,22.0,0.0,4.070510065219562,4.0,37.0,68.38283181563857,8.0,4.0,3.0,52.0,1.0,0.0,0.0,0.0,0.0,0.0,0.0,0.0,0.0,0.0,0.0,Bad
71.0,303.0,3.0,116.0,20.0,0.3108136311903813,0.0,86.0,20.0,6.0,6.0,21.0,1.0,24.0,2.0,1.0,1.0,43.0,20.0,4.0,2.0,0.0,75.0,0.0,0.0,0.0,0.0,0.0,0.0,0.0,0.0,0.0,0.0,0.0,Good
56.0,172.0,11.0,57.0,20.208203769277937,0.0,-0.03221184019593826,90.0,5.0,4.0,6.0,21.0,1.0,29.0,0.0,0.0,0.0,70.0,73.0,6.0,2.0,1.0,80.0,0.0,0.0,0.0,0.0,0.0,0.0,0.0,0.0,0.0,0.0,0.0,Bad
64.0,24.337944205526682,1.0,5.0,0.38201013370262205,0.07745770670125207,0.0,89.99283022181048,33.01170724660372,7.0,8.0,3.0,1.9800186840899254,67.0,0.0,0.0,-0.038981982296610304,60.0,83.38561939383486,1.0,1.0,0.8586307262914303,100.0,1.0,0.0,0.0,0.0,0.0,0.0,1.0,0.0,0.0,1.0,0.0,Bad
68.40309559045197,388.0,-3.9660968973303845,51.0,11.0,1.0,1.0,100.0,42.769510135820354,7.0,8.0,17.942343284344023,2.6145068006964234,42.0,0.0,1.1120196095138262,1.0911292334844116,80.0,95.0,6.0,1.0,2.0,100.0,1.0,0.0,0.0,0.0,0.0,0.0,0.0,0.0,0.0,0.0,0.0,Bad
69.06722508455088,122.59164098705583,9.0,39.0,23.0,0.0,0.0,100.0,40.320158347709054,7.0,8.0,24.0,2.1813755981833203,29.0,8.0,0.030264473902610486,0.0,73.0,70.35155893352497,8.0,1.0,2.0,83.0,1.0,0.0,0.0,0.0,0.0,0.0,1.0,0.0,0.0,0.0,0.0,Good
63.0,112.0,5.0,42.0,3.0,0.5793097645301994,0.5298251346469155,85.33192811322101,26.781323673680475,6.0,8.0,6.236732854620415,2.0,100.0,0.0,2.0,2.0,63.75129079864079,81.0,-0.3291340831076006,2.0,0.7032841905791801,100.0,1.0,0.0,0.0,0.0,0.0,1.0,0.0,1.0,0.0,1.0,0.0,Bad
63.0,84.0,2.0,65.0,25.0,0.014639009518710555,0.0,96.0,0.0,4.185028563435019,6.0,7.0,2.0,50.0,1.622469607223445,2.0,2.0,46.0,98.0,3.0,1.0,1.4668710684745014,50.0,0.0,1.0,0.0,0.0,0.0,0.0,0.0,0.0,0.0,0.0,0.0,Bad
72.92120343799334,191.0,5.0,97.0,28.0,0.0,0.0,97.0,1.0,4.216356902093098,6.0,30.0,1.0,29.229729660956615,5.0,1.0,1.0,3.0,37.0,5.0,3.0,0.0,47.0,0.0,0.0,0.0,0.0,0.0,0.0,0.0,0.0,0.0,0.0,0.0,Good
58.0,120.0,3.0,69.0,11.0,1.0,0.7195334916204675,91.0,24.040193213788797,6.0,6.0,29.0,2.0,45.0,1.278240679137697,1.1619489155822043,1.1441368176426037,92.0,74.41112149142182,5.0,3.0,1.0,100.0,0.0,1.0,0.0,1.0,0.0,0.0,0.0,0.0,0.0,0.0,0.0,Bad
59.0,27.0,1.0,6.005347846325392,14.0,0.06488700112079382,0.0,100.0,29.713141500392965,7.0,8.0,15.0,8.0,40.0,0.7721248113798356,1.0,1.0,49.0,71.0,8.0,2.0,1.0,91.0,1.0,1.0,0.0,0.0,0.0,0.0,0.0,0.0,0.0,0.0,0.0,Bad
49.24220140276044,176.0,12.026369295586314,69.0,10.569133028392569,9.0,9.0,77.0,12.0,6.0,2.0,20.0,1.0,46.0,0.0,2.0,1.0,89.0,66.95461983341475,3.0,1.0,1.0,100.0,0.0,0.0,0.0,0.0,0.0,0.0,1.0,0.0,0.0,0.0,0.0,Bad
83.78603357467442,109.0,19.908424399886336,73.0,7.798037107453872,0.0,0.0,97.82524450624764,41.360963781196745,6.890723528507154,8.0,5.0,0.0,14.799781238764552,3.2894097825864788,1.0,0.9865982271798396,2.0,54.08073988633957,1.0,0.0008638308741963918,0.0,33.0,1.0,1.0,0.0,0.0,0.0,0.0,1.0,0.0,1.0,0.0,0.0,Good
68.8244230044021,141.0,6.0,52.0,11.334150329294637,0.0,0.0,100.0,43.11053610183464,6.927541278496797,8.0,12.0,3.0,67.0,0.0,1.0,1.0,91.0,96.0,3.0,2.0,1.0,100.0,1.0,0.0,0.0,0.0,0.0,0.0,0.0,0.0,0.0,0.0,0.0,Bad
80.0,234.7317787492201,3.0,92.0,18.0,0.0,0.0,101.11861498175172,47.28993619135284,7.0,8.0,20.0,2.0,38.61029524293731,5.0,0.01791179801081512,0.0,41.0,100.0,5.0,2.0,1.0,88.0,1.0,0.0,0.0,0.0,0.0,0.0,0.0,0.0,0.0,0.0,0.0,Good
79.0,224.0,2.0,83.0,17.77654190901984,1.0,0.0,83.0,12.0,6.0,5.0,18.0,1.0,11.0,4.130913639117976,0.0,0.0,0.0,63.22352971066867,1.0,1.0,0.0,25.0,0.0,1.0,0.0,0.0,0.0,0.0,1.0,0.0,0.0,0.0,0.0,Good
84.0,133.0,1.0,62.90354994815462,24.89062025134589,0.0,0.09750165877783717,103.70129247068868,46.54268088290007,6.0,7.0,32.0,3.0,38.0,3.060684839839815,2.0,2.0,32.0,76.0,1.0,2.0,0.0,60.0,1.0,1.0,0.0,0.0,0.0,0.0,0.0,0.0,0.0,0.0,0.0,Good
73.67519610153158,133.0,13.0,58.0,34.0,0.0,0.0,100.0,35.11936823406376,7.0,8.0,36.0,0.0,22.0,0.0,4.094214365270791,4.0,36.0,63.164980462493126,5.0,4.0,2.0,45.0,1.0,0.0,0.0,0.0,0.0,0.0,0.0,0.0,0.0,0.0,0.0,Bad
66.0,99.4182684854373,9.0,46.0,5.0,1.0,0.7165214955582689,83.0,38.0,6.0,2.0,6.0,1.805098450577772,17.0,4.0,3.0,3.0,49.0,67.37277428524592,3.0,1.1045027398342104,1.0,100.0,0.0,0.0,0.0,0.0,0.0,0.0,1.0,0.0,1.0,0.0,0.0,Bad
80.0,289.0,7.0,116.0,33.0,0.0,0.0,97.0,54.0,6.0,6.0,26.0,1.8705086752142837,22.915614660939553,4.257272185153525,0.0,0.0,18.0,48.0,6.0,2.0,1.0,47.0,0.0,0.0,0.0,0.0,1.0,0.0,0.0,0.0,0.0,0.0,0.0,Good
84.0,181.00505023735303,13.196665209748215,68.0,21.0,0.0,0.0,100.0,41.258536356590554,7.0,8.0,21.0,2.0,24.0,4.376793838970572,0.0,0.0,4.0,29.0,2.0,2.1206412265096883,1.0,33.0,1.0,1.0,0.0,0.0,0.0,0.0,0.0,0.0,0.0,0.0,0.0,Good
88.0,322.0,11.51776907818292,109.0,14.0,-0.013206544213991034,0.0,100.58226082652399,47.105210162409605,7.0,8.0,16.150735082007202,1.0,43.0,1.0,1.0,1.0,9.0,67.0,1.0,2.2443627389538583,0.0,50.0,1.0,0.0,0.0,0.0,0.0,0.0,0.0,0.0,0.0,0.0,0.0,Good
75.0,438.0,1.0,79.0,48.0,0.0,0.02560451416309928,100.0,31.34795217180519,6.440266176505548,8.0,53.0,3.7668853315799433,20.0,0.0,3.0,2.9098468355269453,12.0,71.24178453803368,9.0,3.0,2.0,52.0,1.0,0.0,0.0,0.0,0.0,0.0,0.0,0.0,0.0,0.0,0.0,Good
59.0,170.15278944904327,6.0,62.0,27.23344157369774,2.0,1.4753836896511192,91.0,32.0,6.0,2.0,30.609363920124455,2.1970849160694663,61.0,0.0,2.0,2.0,99.0,87.0,8.0,4.0,5.0,100.0,0.0,0.0,0.0,0.0,0.0,0.0,0.0,0.0,0.0,0.0,0.0,Bad
62.0,108.09340723549684,3.0,41.0,8.0,1.0,0.7635840890068246,89.0,25.0,5.0,2.0,9.0,1.7467409143665145,44.0,0.0,1.0632273296017332,1.0,97.0,84.0,4.0,3.0,2.1476905351017317,100.0,0.0,0.0,0.0,0.0,0.0,0.0,0.0,0.0,0.0,0.0,0.0,Bad
68.47539790540816,304.0,17.0,114.62983218887838,31.0,1.3488989624830037,1.0,94.0,8.0,4.0,3.0,32.0,0.0,31.0,0.0,1.0,1.0,35.0,56.0,5.0,2.0,1.0,62.0,0.0,0.0,0.0,0.0,0.0,0.0,0.0,0.0,0.0,0.0,0.0,Bad
83.0,122.09614406980069,2.4468989538462473,55.0,7.21011827908844,0.0,0.0,102.06969183271808,49.79589691628058,7.0,8.0,0.0,3.0,67.0,2.734968949687454,1.0,1.0,15.0,101.0,2.0,2.0,0.0,100.0,1.0,1.0,1.0,0.0,0.0,0.0,0.0,0.0,0.0,0.0,0.0,Good
67.0,53.14288377825491,2.0,17.0,11.571392030205642,-0.05559682169264413,0.0,100.0,40.14192579978146,7.0,8.0,0.0,6.0,21.884760748369274,0.8580540140044199,2.094071031074691,2.0,65.0,79.7784566928479,6.0,1.0,2.20775148527379,70.0,1.0,1.0,1.0,0.0,0.0,0.0,1.0,0.0,0.0,0.0,0.0,Bad
64.0,283.0,3.0,111.0,19.409059382573403,3.0,2.0,82.0,62.0,6.0,2.0,23.499915909682326,1.0,59.0,0.0,5.121718661533519,5.0,60.0,50.0,2.0,1.0,1.0,60.0,0.0,0.0,0.0,0.0,0.0,0.0,0.0,0.0,0.0,0.0,0.0,Bad
54.0,123.0,4.0,58.0,36.0,1.0,0.7676796980587787,92.0,6.0,4.0,5.0,40.0,3.2720564978999276,56.0,1.5845386228929157,1.0471605074900623,1.0,50.0,98.0,4.0,4.0,1.0,73.0,0.0,1.0,0.0,0.0,0.0,0.0,0.0,0.0,0.0,0.0,0.0,Good
70.0,90.0,9.161838928626867,65.0,27.203271266540355,0.0,0.0,100.0,31.0111785670922,7.0,8.0,17.0,4.0,16.0,4.0,1.072498937417907,1.0,14.0,43.0,10.0,2.1850943690600846,3.0,42.0,1.0,0.0,0.0,0.0,0.0,0.0,0.0,0.0,0.0,0.0,0.0,Good
69.0,127.0,4.750459536850844,64.0,31.0,0.0,-0.18570736375470487,92.30401353879157,12.0,5.0,6.0,31.030418236370185,1.7179175567757792,32.40973411260403,0.0,1.1030123473908606,1.0323857823044327,74.0,69.0,7.0,2.0,2.5154400644313375,75.0,0.0,0.0,0.0,0.0,0.0,0.0,0.0,0.0,0.0,0.0,0.0,Bad
63.0,208.0,6.0,86.0,35.26876167791622,1.2003649251977289,1.0,95.0,9.0,4.0,6.0,43.0,1.0,45.0,0.0,11.0,11.0,5.0,82.0,6.0,4.146250285994994,0.0,86.0,0.0,0.0,0.0,0.0,0.0,0.0,0.0,0.0,0.0,0.0,0.0,Bad
74.0,111.0,1.0581403990668967,52.0,26.0,0.0,0.0,100.0,42.950042928675515,7.0,8.0,26.03078663142913,5.0,34.0,0.0,0.0,-0.002181175936578683,46.0,78.60292770759742,5.0,2.0,2.0,64.0,1.0,0.0,0.0,0.0,0.0,0.0,0.0,0.0,0.0,0.0,0.0,Bad
80.0,70.0,3.5581479983551745,32.0,13.0,0.0,-0.10118085016343349,93.36722549605165,56.0,6.737428389559783,6.0,14.0,1.0,36.0,4.0,1.0,1.0,9.0,83.0,1.0,2.0,-0.2646913173672707,43.0,0.0,0.0,0.0,0.0,0.0,0.0,0.0,0.0,0.0,0.0,0.0,Good
58.0,263.0,2.0,88.0,23.6961174670089,1.0,1.0,96.0,3.0,4.0,6.0,26.0,3.0,55.08913453901474,0.0,0.0,0.0,25.0,68.0,5.0,4.0,1.0980620860446364,90.0,0.0,0.0,0.0,0.0,0.0,0.0,0.0,0.0,0.0,1.0,0.0,Bad
73.0,372.0,3.0,86.0,23.0,0.0,0.0,83.0,16.0,5.037064824037781,6.0,23.0,2.0,35.0,0.0,5.0,4.839329392199114,9.0,75.0,2.0,6.0,0.0,53.0,0.0,0.0,0.0,0.0,0.0,0.0,0.0,0.0,0.0,0.0,0.0,Bad
81.0,257.0,4.0,78.0,25.0,0.0,0.0,92.0,39.479663125490106,6.0,6.0,25.0,3.0,40.0,0.0,0.06001356972286376,0.0,12.0,96.0,3.0,2.0,0.0,56.0,0.0,0.0,0.0,1.0,0.0,0.0,0.0,0.0,0.0,0.0,0.0,Good
64.0,30.0,13.0,20.0,3.0,0.0,0.0,67.0,24.050272393799503,6.0,6.0,4.0,0.0,100.0,0.0,0.0,0.0,57.40266623837145,72.0,-1.542136816408496,3.0,-0.024842234293225518,100.0,0.0,0.0,0.0,1.0,0.0,1.0,0.0,1.0,0.0,1.0,0.0,Bad
73.0,210.39903401379115,12.729783866921721,80.0,25.0,0.0,0.0,99.13895424962018,34.06497764358775,7.0,8.0,25.0,0.0,8.0,15.0,0.0,-0.01872783865035875,36.0,57.72953884389788,10.0,1.0,2.0,61.0,1.0,0.0,0.0,0.0,0.0,0.0,1.0,0.0,0.0,0.0,0.0,Good
87.0,294.0,8.0,93.0,35.0,0.0,0.0,100.0,43.2800940054949,7.0,8.0,36.240197675679184,2.271946867813061,23.0,0.0,1.0,1.0,2.0,64.02600553082914,1.0,4.0,0.0,24.0,1.0,0.0,0.0,0.0,0.0,0.0,0.0,0.0,0.0,0.0,0.0,Good
63.0,88.0,6.0147305535559,44.15464961196018,25.0,0.0,-0.15027707699281004,87.17361720321499,20.0,6.0,6.0,26.0,1.0,35.0,0.0,2.077390616475676,2.0,25.0,72.0,3.0,3.0,1.2209140691700677,38.0,0.0,0.0,0.0,0.0,0.0,0.0,0.0,0.0,0.0,0.0,0.0,Bad
60.8854726100115,188.05979953796225,1.9002616244268289,63.244411978384676,28.848391240163036,3.0,3.0,89.0,10.0,4.0,6.0,31.0,4.0,57.0,0.0,0.0,0.0,27.0,76.9355438882689,8.0,4.0,1.0,87.0,0.0,0.0,0.0,0.0,0.0,0.0,0.0,0.0,0.0,0.0,0.0,Bad
65.0,151.0,8.841345650067478,55.0,14.0,1.0,0.8115865955310547,100.0,33.286023124537536,6.0,8.0,16.0,2.0,21.0,1.0,1.0,1.0,76.0,69.02231389256279,6.0,1.0,4.0,70.0,1.0,0.0,0.0,0.0,0.0,0.0,1.0,0.0,0.0,0.0,0.0,Bad
82.0,336.0,4.0,106.0,23.0,0.0,0.028463101576292893,100.0,36.17917630027884,7.0,8.0,23.0,1.0,22.0,0.0,2.0,1.9293350468640404,2.0,56.0,2.0,2.0,0.0,31.0,1.0,0.0,0.0,0.0,0.0,0.0,0.0,0.0,0.0,0.0,0.0,Good
80.0,329.0,16.0,83.0,20.0,0.0,0.0,95.0,36.0,6.0,6.0,31.0,0.0,24.636637395443323,3.0094200890395135,2.0,2.0,9.0,56.4345383690043,3.0,1.0,1.0,40.0,0.0,1.0,0.0,0.0,0.0,0.0,1.0,0.0,0.0,0.0,0.0,Good
68.0,188.0,8.175513599686234,60.0,15.853787083378815,0.0,0.0,100.0,40.35823933315959,7.0,8.0,17.30346040709733,1.598020671400127,41.560458371463035,10.0,1.0,0.0,92.0,73.0,5.0,2.0,2.7074254620256597,100.0,1.0,0.0,0.0,0.0,0.0,0.0,0.0,0.0,0.0,0.0,0.0,Good
59.0,204.0,9.0,70.0,2.1328803621073584,2.0,1.0,43.0,10.0,0.0,2.0,7.0,1.0,29.0,0.0,0.0,0.0,85.0,48.0,3.0,1.6077394675812289,1.0,100.0,0.0,0.0,0.0,0.0,0.0,0.0,0.0,0.0,0.0,0.0,0.0,Bad
78.0,134.0,2.0,63.0,35.0,0.0,-0.2188440491534761,93.0,32.0,6.0,6.0,40.0,3.0,37.09344509090679,0.0,0.0,-0.012732149956891314,22.0,55.0,5.0,4.0,0.0,60.0,0.0,0.0,0.0,0.0,0.0,0.0,0.0,0.0,0.0,0.0,0.0,Good
65.0,32.0,-9.37791232092626,11.0,13.0,1.0,1.0,100.0,3.4010721663199632,0.0,8.0,17.0,9.0,19.0,0.0,5.0,5.0,7.0,86.8862575855655,7.0,3.0,0.0,71.0,1.0,0.0,0.0,0.0,0.0,0.0,0.0,0.0,0.0,0.0,0.0,Bad
80.0,201.0,5.0,94.0,17.0,0.0,0.0,100.0,41.505618064422976,6.995015756411026,8.0,17.0,1.0,24.0,0.0,0.0,0.0,36.0,67.21380194325403,4.0,2.0,1.0,43.0,1.0,0.0,0.0,0.0,0.0,0.0,0.0,0.0,0.0,0.0,0.0,Good
68.0,328.0,19.0,107.46807104742253,21.0,5.0,5.0,95.0,34.0,6.0,6.0,26.88756996607705,0.0,48.13225872243248,1.0,4.0,4.0,1.0,57.39836270857289,3.0,5.0,0.0,73.0,0.0,0.0,0.0,0.0,0.0,0.0,1.0,0.0,0.0,0.0,0.0,Good
81.0,175.0,12.96061023695735,93.0,23.0,0.0,0.0,100.47335497019802,41.05678793594615,7.0,8.0,22.65134352288972,2.0,28.0,3.0,2.0,2.0,11.0,61.618419630266864,3.0,1.0,1.0,36.0,1.0,0.0,0.0,0.0,0.0,0.0,1.0,0.0,0.0,0.0,0.0,Good
69.0,189.0,7.0,84.0,34.0,2.0,1.0,94.0,0.0,3.4537960014267437,2.0,36.0,1.8565605340062952,8.0,0.0,1.0,0.9461176322835093,11.0,62.06413401393913,3.0,2.0,2.0,29.0,0.0,0.0,0.0,0.0,0.0,0.0,1.0,0.0,0.0,0.0,0.0,Good
75.0,160.0,15.823115688337841,85.0,20.0,1.0,0.0,82.70990434755849,10.0,3.0,5.0,25.0,1.0,16.0,0.0,0.0,-0.018332846759810256,2.0,28.0,5.0,2.0,0.0,58.0,0.0,0.0,0.0,0.0,0.0,0.0,0.0,0.0,0.0,0.0,0.0,Good
87.0,247.0,21.0,97.0,19.0,0.0,0.0,100.0,44.1750778438836,7.0,8.0,19.529855169911404,0.0,45.0,0.0,0.0,0.0,3.0,55.420217533074435,1.0,1.0,-0.12861210783448884,33.0,1.0,0.0,0.0,0.0,0.0,0.0,0.0,0.0,0.0,0.0,0.0,Good
64.0,80.0,6.42082064444352,32.0,14.0,0.0,0.0,100.0,29.188545547857444,6.015798349170773,8.0,15.0,3.0,27.0,18.0,0.0,0.003451363478542177,54.0,70.93928111680393,8.0,1.0,3.0,100.0,1.0,0.0,0.0,0.0,0.0,0.0,1.0,0.0,0.0,0.0,0.0,Bad
79.5068297352293,228.0,4.796492203180819,84.46804182071143,46.0,0.0,0.0,100.0,38.830133766301515,7.0,8.0,51.0,2.4490284091778087,33.0,1.0,1.0,1.0,26.0,70.01324880217372,2.0,1.0,1.0,27.0,1.0,0.0,0.0,0.0,0.0,0.0,0.0,0.0,0.0,0.0,0.0,Good
68.81013256978308,398.0,3.0,133.0,35.64098800029615,0.3304123727087096,0.0,88.0,37.0,5.853901972916294,6.0,38.14729876540207,2.362727671629535,44.0,0.0,3.093122987746951,3.0,56.0,89.0,8.0,3.0,4.0,65.0,0.0,0.0,0.0,0.0,0.0,0.0,0.0,0.0,0.0,0.0,0.0,Bad
89.0,261.0,11.0,105.0,60.0,0.0,0.0,100.0,42.160872747450355,7.0,8.0,64.0,1.0,27.0,5.469236296931369,0.0,-0.01453103063723693,0.0,60.74844674559332,3.0,2.758247989052443,0.35897356978283046,21.0,1.0,1.0,0.0,0.0,0.0,0.0,1.0,0.0,0.0,0.0,0.0,Good
84.36714952840175,274.17762524084213,7.0,112.0,22.65295622826158,0.0,0.0,100.10958320578287,43.45701737267078,7.0,8.0,22.0,1.0,27.29965953022731,0.0,0.0,0.0,17.0,96.0,2.0,1.0,0.0,33.0,1.0,0.0,0.0,0.0,0.0,0.0,0.0,0.0,0.0,0.0,0.0,Bad
57.0,291.0,4.0,103.0,9.0,4.0,2.0,43.0,1.0,3.260473870583707,2.0,16.250453105521444,1.6549376104484979,14.0,-1.046248589147745,6.0959505354053665,6.0,43.0,61.57575342993978,3.0,0.5733024460297524,0.5606104648902179,67.0,0.0,1.0,0.0,0.0,0.0,0.0,1.0,0.0,0.0,0.0,0.0,Bad
61.0,207.0,3.0,67.0,27.0,0.0,0.0,97.0,3.0,4.0,6.0,30.0,2.0,40.0,0.0,3.0,3.0,24.0,71.0,5.0,3.0,0.0,57.0,0.0,0.0,0.0,0.0,0.0,0.0,0.0,0.0,0.0,0.0,0.0,Good
74.46435217943508,182.0,0.0,89.0,41.0,0.0,0.0,105.08599697210596,38.230420317797666,7.0,8.0,44.0,3.0,27.0,0.0,3.0,3.0,40.0,74.37991571059004,5.0,4.0,3.0,50.0,1.0,0.0,0.0,0.0,0.0,0.0,0.0,0.0,0.0,0.0,0.0,Bad
82.0,127.0,2.0,87.0,29.299796247709065,0.0,7.31793873195441e-05,96.74910864349141,39.858752547069685,6.0,6.0,34.0,3.0,35.0,0.0,1.2155829833617207,1.1582848915482367,6.0,72.54211382748188,2.0,2.0132716670222295,0.0,50.0,0.0,0.0,0.0,1.0,0.0,0.0,1.0,0.0,0.0,0.0,0.0,Bad
64.0,31.0,4.8557193499896805,16.0,9.0,0.08253740202871329,0.0,95.14297311335298,33.10218208490002,7.0,8.0,9.0,3.0,33.0,1.4901685242980167,1.0,1.0,69.0,65.0,5.0,2.0,1.0,88.0,1.0,1.0,0.0,0.0,0.0,0.0,0.0,0.0,0.0,0.0,0.0,Good
83.0,197.29248172351376,4.0,74.0,12.0,0.0,0.0,100.0,46.714671675008816,7.0,8.0,16.0,3.0,31.0,3.1712788790708495,1.0,1.0,30.0,70.81039838900845,2.0,1.0,0.0,60.0,1.0,1.0,1.0,0.0,0.0,0.0,1.0,0.0,0.0,0.0,0.0,Good
71.79937155709126,208.8187967418011,2.0,82.0,17.808852628973906,0.0,-0.05844272380207455,93.0,5.0,4.0,6.0,17.0,2.0191338142754667,20.0,0.0,2.062145724064032,2.0,4.0,69.0,2.0,2.4575020663026352,-0.3523927642328808,63.0,0.0,0.0,0.0,0.0,0.0,0.0,0.0,0.0,0.0,0.0,0.0,Good
89.12582829715436,425.0,16.0,152.0,15.0,0.0,0.0,100.0,47.99860734254855,7.0,8.0,17.838853509857724,0.0,31.0,18.0,-0.01574714610442836,0.0,14.0,81.0,2.0,2.2285634909629737,0.0,80.0,1.0,0.0,0.0,0.0,0.0,0.0,0.0,0.0,0.0,0.0,0.0,Good
80.84972181696199,409.0,8.36862070543189,85.0,18.0,0.0965810079076026,0.11151435399492365,100.0,40.9879628074122,7.0,8.0,23.795973418350886,2.0,17.0,0.0,5.0,5.0,19.0,62.83492426308611,3.0,0.6109018603676029,0.0,33.0,1.0,0.0,0.0,0.0,0.0,0.0,1.0,0.0,1.0,0.0,0.0,Good
67.0,156.0,1.0,62.0,12.494556713297975,1.0,0.6264297788861465,89.0,14.0,6.0,5.0,9.0,4.0,56.0,0.0,2.0,2.0,14.0,90.0,1.0,3.0,1.0,67.0,0.0,0.0,0.0,0.0,0.0,0.0,0.0,0.0,0.0,0.0,0.0,Bad
59.0,244.0,4.0,85.67482787626822,27.0,1.0,0.0,80.0,6.0,4.0,5.0,30.0,2.0,40.0,0.0,2.0,1.9230072122038944,88.0,54.0,7.0,4.0,3.0,93.0,0.0,0.0,0.0,0.0,0.0,0.0,0.0,0.0,0.0,0.0,0.0,Bad
65.0,11.0,10.0,39.0,6.16917097735049,0.5775840512885702,0.0,72.0,13.0,4.51087369829108,5.0,1.0,2.0,39.0,-0.588381971926685,5.0,5.0,0.0,67.10432880688013,3.0,1.2514282417177158,-0.28414905443112626,63.0,0.0,1.0,0.0,0.0,0.0,0.0,1.0,0.0,0.0,0.0,0.0,Bad
69.0,193.0,3.5993582421225163,68.0,29.0,1.0,1.0,87.0,54.0,6.0,4.0,33.48607075819429,4.0,50.0,-2.7966011840178773,10.0,10.0,60.0,67.0,2.0,6.0,0.7665658656345418,89.0,0.0,1.0,0.0,0.0,0.0,0.0,0.0,0.0,0.0,0.0,0.0,Good
80.0,365.0,1.4536421977912077,107.0,19.0,0.0,0.0,84.0,37.0,6.0,6.0,21.576675233492566,1.9612963747399448,16.0,0.0,0.0,0.0,12.0,100.0,3.0,2.0,0.0,50.0,0.0,0.0,0.0,0.0,0.0,0.0,0.0,0.0,0.0,0.0,0.0,Bad
59.0,179.0,11.0,40.0,28.0,0.0,0.0,100.0,27.52623007054453,7.0,8.0,29.360880002971566,3.0,11.0,0.0,1.0,1.0,62.0,67.83009761719458,8.0,1.0,4.0,75.0,1.0,0.0,0.0,0.0,0.0,0.0,0.0,0.0,0.0,0.0,0.0,Bad
81.0,398.0,6.0,87.0,26.54599792668154,1.0,1.0,88.0,9.0,4.0,4.0,32.0,1.0,31.0,0.0,0.0,0.0,10.0,62.4121503689677,3.0,2.6667399080253285,-0.16555699108193522,45.0,0.0,0.0,0.0,0.0,0.0,0.0,0.0,0.0,0.0,0.0,0.0,Bad
70.66702623986808,137.0,50.0,89.0,8.0,0.0,0.0,100.0,47.24729645132095,7.0,8.0,9.221296744314403,0.0,22.0,0.0,0.0,0.0,100.0,34.89798762747904,3.0,0.8901712730096529,2.0,100.0,1.0,0.0,0.0,0.0,0.0,0.0,1.0,0.0,1.0,0.0,0.0,Good
80.0,179.0,3.0,76.0,36.04197204350038,0.0,0.0,100.0,42.37120088004454,7.0,8.0,41.0,4.0,24.0,0.0,0.0,0.0,22.0,24.0,7.0,3.170271684778194,2.0,60.0,1.0,0.0,0.0,0.0,0.0,0.0,0.0,0.0,0.0,0.0,0.0,Good
74.0,218.96752192832778,4.0,100.0,8.0,1.2359205354782055,1.0,88.0,30.0,6.0,6.0,0.0,1.0,13.0,4.0,1.0,1.0,2.0,63.94213800589131,1.0,1.0,0.0,43.0,0.0,0.0,1.0,0.0,0.0,0.0,1.0,0.0,0.0,0.0,0.0,Good
69.0,271.0,1.0,81.0,36.0,1.0,0.0,97.0,12.0,6.0,5.0,39.411321158389214,2.0,26.0,0.0,6.0,6.0,35.0,69.73956563638211,4.0,2.0,1.0,46.0,0.0,0.0,0.0,0.0,0.0,0.0,0.0,0.0,0.0,0.0,0.0,Bad
61.0,95.0,2.0,49.0,21.0,0.0,0.0,95.0,0.0,4.0,6.0,22.0,4.0,27.0,1.0,4.0,3.8695534301661345,36.0,85.0,5.0,2.6196992503830026,1.0,57.0,0.0,0.0,0.0,0.0,0.0,0.0,0.0,0.0,0.0,0.0,0.0,Bad
87.0,228.0,2.0,77.0,30.0,0.0,0.0,107.31153913408262,53.65502848559714,7.640994827635892,8.0,30.296901337142888,3.0,10.0,1.8030378379488892,4.0,3.8673394239393755,6.0,100.0,7.0,1.0,0.0,38.0,1.0,1.0,0.0,0.0,0.0,0.0,0.0,0.0,0.0,0.0,0.0,Bad
50.0,130.0,7.0,62.3134432452117,9.402526400479822,7.0,7.0,59.0,1.0,1.6785689083211623,2.0,17.0,1.0,12.0,0.0,0.0,0.0,13.0,64.89528184389336,4.0,1.0,-0.10987296515284184,88.0,0.0,0.0,0.0,0.0,0.0,0.0,1.0,0.0,0.0,0.0,0.0,Good
71.0,282.0,6.0,95.0,25.396310322114058,2.0,1.307941312877694,89.0,33.0,6.0,6.0,28.0,2.0,57.0,1.0,6.0,5.803409832585129,33.0,75.0,4.0,5.0,0.7689606011951717,83.0,0.0,0.0,0.0,0.0,0.0,0.0,0.0,0.0,0.0,0.0,0.0,Bad
86.0,321.0,10.0,104.0,10.0,0.0,0.0,100.0,47.60670093726026,7.0,8.0,12.916689379335361,0.6253286488364322,45.0,4.214153242672499,0.0,0.0,2.0,63.75768122642272,4.0,1.0,2.0,83.0,1.0,0.0,0.0,0.0,1.0,0.0,1.0,0.0,0.0,0.0,0.0,Bad
87.0,248.7568465455252,3.0,90.0,27.368966615989123,0.0,0.0,103.74599432397173,52.28890558145949,7.273429976923684,7.0,30.0,1.9162161735465197,40.0,4.487065167602246,0.0,0.0,19.0,62.0,5.0,3.0,0.0,67.0,1.0,0.0,0.0,0.0,1.0,0.0,0.0,0.0,0.0,0.0,0.0,Good
71.0,174.0,9.647096637657814,79.0,24.271430184004554,1.4729466465398144,1.0,87.0,25.0,6.0,3.0,25.498683827381775,2.0,36.45569456542724,2.0,3.0,1.0,31.0,65.43971491200666,4.0,3.0,2.0,64.0,0.0,0.0,0.0,0.0,0.0,0.0,1.0,0.0,0.0,0.0,0.0,Bad
68.0,77.0,13.0,73.73406602916633,9.50324622053779,1.0,1.0,78.0,10.0,0.0,2.0,3.0,0.0,33.0,13.0,0.0,-0.030501847276405675,20.0,59.506669455320726,6.0,1.0,0.5504224939991076,78.0,0.0,0.0,0.0,0.0,0.0,0.0,1.0,0.0,0.0,0.0,0.0,Bad
78.0,292.0,15.0,113.0,26.0,0.0,0.0,100.0,36.64574514965571,7.0,8.0,26.676582658736404,0.0,35.0,1.0,1.0,1.0,24.0,83.0,3.0,4.0,0.9445993142804903,62.0,1.0,0.0,0.0,0.0,0.0,0.0,0.0,0.0,0.0,0.0,0.0,Good
73.0,361.0,18.874788703108834,144.0,18.0,0.0,0.0,89.0,25.0,6.0,6.0,18.0,0.0,39.0,0.0,1.0,1.0,51.0,52.145402638870365,2.0,2.0,1.0,56.0,0.0,0.0,0.0,0.0,0.0,0.0,0.0,0.0,0.0,0.0,0.0,Good
82.0,208.0,3.2381946342670425,77.0,22.0,1.0,0.0,96.0,39.0,6.0,5.0,24.0,1.0,21.0,0.0,1.0,1.0,3.0,80.0,4.0,2.0,-0.01471010353219837,55.0,0.0,0.0,0.0,0.0,0.0,0.0,0.0,0.0,0.0,0.0,0.0,Good
59.93001329307881,209.0,1.0,89.0,34.0,2.0,2.0,83.0,10.0,3.5222386744859393,2.0,41.0,3.0,44.0,0.0,8.0,8.0,35.0,46.0,8.0,4.0,1.0,76.0,0.0,0.0,0.0,0.0,0.0,0.0,0.0,0.0,0.0,0.0,0.0,Bad
68.0,359.0,9.0,98.0,21.0,0.0,0.0,81.0,4.0,4.0,6.0,21.0,1.0,40.58806240846154,0.0,0.0,-0.00545485106843123,26.0,76.0,4.0,4.0,0.0,67.0,0.0,0.0,0.0,0.0,0.0,0.0,0.0,0.0,0.0,0.0,0.0,Bad
79.0,209.0,29.0,100.0,22.0,-0.07586435894246746,-0.043488635204380344,100.0,44.75198004707448,7.0,8.0,22.0,0.4984263512216316,32.56886523556834,4.08398542412862,0.05346358200365316,0.0,56.0,38.0,4.0,2.260009786259432,2.0,60.0,1.0,0.0,0.0,0.0,1.0,0.0,0.0,0.0,0.0,0.0,0.0,Good
69.0,43.0,8.0,32.98088713967415,7.0,0.0,0.0,100.0,37.47862705549761,7.0,8.0,8.0,1.0,50.0,0.0,1.0,0.9710367754201683,58.0,77.0,3.0,3.0,1.496350515398231,86.0,1.0,0.0,0.0,0.0,0.0,0.0,0.0,0.0,0.0,0.0,0.0,Bad
82.90141471521284,201.55190468052103,11.409737251992244,80.0,20.0,-0.015240383307015382,0.0,100.0,42.208890569607235,7.0,8.0,20.0,1.5002413012653673,35.0,0.0,0.0,0.0,12.0,64.23204054306754,1.0,1.0,0.09684308634823036,33.0,1.0,0.0,0.0,0.0,0.0,0.0,1.0,0.0,0.0,0.0,0.0,Good
82.11250764043933,274.0,15.0,112.0,15.0,0.0,0.0,100.0,44.77782196168812,7.0,8.0,15.0,0.7965995695108932,27.0,4.019932385738825,0.0,0.0,38.0,57.63491586448998,3.0,1.0,1.0,50.0,1.0,0.0,0.0,0.0,1.0,0.0,1.0,0.0,0.0,0.0,0.0,Good
74.0,63.0,4.0,41.0,12.0,0.0,0.013510928954640455,100.0,39.7070666218639,7.0,8.0,12.0,3.0,42.0,0.0,3.0,3.0,26.0,80.0,3.0,3.0,0.0,75.0,1.0,0.0,0.0,0.0,0.0,0.0,0.0,0.0,0.0,0.0,0.0,Good
67.0,132.0,2.0,59.61215421365691,18.0,0.05546031684622932,0.07879555253234827,100.0,35.55132948284293,7.0,8.0,8.0,2.0,10.0,2.011571362707897,1.1034783192923294,1.0998679292560654,74.0,72.48062217265695,5.0,0.8661460948282445,2.0,71.0,1.0,1.0,0.0,0.0,0.0,0.0,1.0,0.0,1.0,0.0,0.0,Bad
73.0,196.0,40.402883170670194,164.0,5.0,1.0,1.0,71.0,47.0,6.0,3.0,19.0,0.0,29.0,3.481906730419593,0.03566437512714082,0.0,51.68081612706425,35.023821067019455,3.2079491442496493,1.0,0.7937451468021939,100.0,0.0,1.0,0.0,0.0,0.0,1.0,1.0,1.0,0.0,1.0,0.0,Bad
86.11251233387173,375.0,12.599231697105491,106.0,28.0,0.0,0.030170440722288472,100.0,41.55810828275395,7.0,8.0,28.0,0.0,21.0,16.0,0.010293328947896904,0.0,9.0,55.2493858990492,3.0,1.072190948229753,0.5254073771397754,36.0,1.0,0.0,0.0,0.0,0.0,0.0,1.0,0.0,0.0,0.0,0.0,Good
78.0,299.0,3.0,102.0,26.0,0.0,0.0,89.64082644486481,14.0,6.0,6.0,31.0,1.0,36.58682437302319,0.0,0.04415198819803412,0.0,7.0,65.60420121257847,2.0,2.7987556249616588,0.0,45.0,0.0,0.0,0.0,0.0,0.0,0.0,0.0,0.0,0.0,0.0,0.0,Good
77.0,154.0,1.0,47.0,22.0,0.0,0.0,100.0,35.318524493167416,6.426267254116837,8.0,24.0,2.1443512019125484,30.0,18.0,0.8818551076256226,0.8579534025331763,12.0,71.87275348144517,2.0,2.0,1.0,71.0,1.0,0.0,0.0,0.0,0.0,0.0,0.0,0.0,0.0,0.0,0.0,Bad
57.0,158.0,4.0,77.0,40.16548194825366,0.0,0.0,85.0,2.0,4.0,6.0,39.0,1.0,32.34924563955596,0.0,3.07674274225117,3.0,44.0,69.28320363313335,13.0,6.0,2.0,90.0,0.0,0.0,0.0,0.0,0.0,0.0,0.0,0.0,0.0,0.0,0.0,Bad
87.0,270.0,26.0,83.0,22.270598690295273,0.0,0.0,100.66940386106798,43.684950108171364,7.0,8.0,28.0,0.0,10.989618230693935,0.0,0.0,0.0,0.0,47.91184800240987,1.0,0.3108396731928239,0.0,10.0,1.0,0.0,0.0,0.0,0.0,0.0,1.0,0.0,1.0,0.0,0.0,Good
78.0,191.0,18.024320554339138,100.0,10.0,2.0,2.0,91.0,55.0,6.0,2.0,11.0,0.0,45.0,0.0,0.0,0.0,5.0,60.18557760350413,2.0,1.543136328758873,0.0,75.0,0.0,0.0,0.0,0.0,0.0,0.0,1.0,0.0,0.0,0.0,0.0,Bad
80.0,331.0,13.0,164.0,21.014932140926934,0.1906382289770412,0.0,95.28659895294193,38.640343242081855,7.0,8.0,20.4557650471587,0.0,33.0,0.0,0.0,0.0,34.0,72.0,4.0,2.0,0.0,75.0,1.0,0.0,0.0,0.0,0.0,0.0,0.0,0.0,0.0,0.0,0.0,Good
77.17752778547637,158.0,2.0,61.27986158772656,18.0,0.0,0.0,99.78920846210627,40.53354704931573,7.0,8.0,18.668845005113152,2.0,26.0,1.0,1.0,1.0,28.0,67.0,3.0,3.0,1.0,67.0,1.0,0.0,0.0,0.0,0.0,0.0,0.0,0.0,0.0,0.0,0.0,Good
70.0,105.0,5.0,38.0,12.0,1.0,1.0,100.0,35.564210537699864,7.0,8.0,13.0,2.508268912527776,17.0,0.0,1.0475679186688107,1.0,21.0,71.79434939419428,3.0,1.0,0.6924706070945534,57.0,1.0,0.0,0.0,0.0,0.0,0.0,1.0,0.0,0.0,0.0,0.0,Bad
67.0,124.0,4.0,36.0,12.0,2.0,2.0,92.0,42.0,6.0,6.0,12.0,3.0,75.0,22.0,0.0,0.0,99.0,91.0,1.0,3.0,1.0,100.0,0.0,0.0,0.0,0.0,0.0,0.0,0.0,0.0,0.0,0.0,0.0,Bad
68.0,79.0,8.0,57.0812819471702,31.534594965046608,1.0,1.0,95.0,1.0,0.0,2.0,31.47010827118825,2.279364350139779,44.0,8.0,0.0,0.0,5.0,87.0,4.0,6.0,0.0,61.0,0.0,0.0,0.0,0.0,0.0,0.0,0.0,0.0,0.0,0.0,0.0,Bad
83.26632589275916,208.10768705400685,23.0,89.0,26.0,0.0,0.03555253714574211,100.0,41.05948182747534,7.0,8.0,25.949915683351904,0.0,31.0,3.0,1.0,1.0,11.0,58.0,1.0,2.304372818851207,0.21377443354814618,33.0,1.0,0.0,0.0,0.0,0.0,0.0,0.0,0.0,0.0,0.0,0.0,Good
61.0,132.0,-0.023070395612645456,48.0,21.0,1.5039663186626604,1.0,78.0,12.0,6.0,5.0,26.0,2.0,39.0,0.0,2.0,1.0,39.0,99.0,3.0,2.0,1.0311526762607794,63.0,0.0,0.0,0.0,0.0,0.0,0.0,0.0,0.0,0.0,0.0,0.0,Bad
66.0,194.76331183310856,7.0,79.42959700395242,23.0,0.0,0.0,93.60717944009056,31.0,6.0,6.0,15.903102259190025,3.0,24.0,2.5271629672147014,1.1437419122745605,1.066684352347009,73.0,47.0,8.0,3.0,4.0,85.0,0.0,1.0,1.0,0.0,0.0,0.0,0.0,0.0,0.0,0.0,0.0,Bad
87.0,378.0,17.0,116.0,17.0,0.0,0.0,101.23173106342065,49.743604897060294,7.238345777828236,8.0,20.152547340221293,0.0,6.0,0.0,1.0,1.0,14.0,52.98927063117725,6.0,0.39743317123753685,0.946788338676932,60.0,1.0,0.0,0.0,0.0,0.0,0.0,1.0,0.0,1.0,0.0,0.0,Good
72.7565996311659,143.0,-3.9151960607736562,53.0,27.0,0.0,0.0,97.0,29.0,6.0,6.0,28.430162762867713,6.0,45.0,1.0,1.0,1.0,10.0,89.0,3.0,3.782087782709037,0.0,64.0,0.0,0.0,0.0,0.0,0.0,0.0,0.0,0.0,0.0,0.0,0.0,Good
86.0,204.91702640353486,14.0,85.0,19.0,0.0,0.0,100.0,46.81312033953145,7.0,8.0,19.468625855840568,0.0,31.179753006096636,4.351578012236594,0.03457740467171127,0.0,11.0,60.260753494506105,2.0,1.0,0.0,57.0,1.0,0.0,0.0,0.0,1.0,0.0,1.0,0.0,0.0,0.0,0.0,Good
76.0,257.0,18.0,100.0,5.067866487267116,-0.061163322319663926,0.0,100.0,47.378125515637436,7.0,8.0,4.0,0.0,25.0,0.0,0.0,0.0,80.0,57.76473602613679,3.0,1.0,1.0,100.0,1.0,0.0,0.0,0.0,0.0,0.0,1.0,0.0,0.0,0.0,0.0,Bad
75.0,248.0,5.0,53.0,24.0,0.2150380990025167,0.202367500070053,100.0,33.67948780909339,7.0,8.0,26.23472052726443,2.0,25.0,3.0,1.0,1.0,11.0,69.16147482328553,4.0,3.0,0.0,50.0,1.0,0.0,0.0,0.0,0.0,0.0,0.0,0.0,0.0,0.0,0.0,Good
59.0,191.0,4.0,74.0,38.0,0.0,0.0,93.0,5.0,4.0,6.0,38.048123108302576,3.0117996286803965,33.0,1.0,2.0,2.0,48.0,71.14774970431712,12.0,3.628048936877008,3.0,83.0,0.0,0.0,0.0,0.0,0.0,0.0,0.0,0.0,0.0,0.0,0.0,Bad
68.0,110.03149534678232,4.0,28.313781659206747,23.747967881364126,0.0,-0.005566307462771536,100.0,35.33149410070533,7.0,8.0,21.0,10.0,19.0,0.0,4.0,4.0,14.0,77.58494574838566,4.0,3.0,1.0,44.0,1.0,0.0,0.0,0.0,0.0,0.0,0.0,0.0,0.0,0.0,0.0,Bad
64.2531085170252,65.0,2.0,40.0,16.45150524042854,3.0,2.0,82.0,8.0,3.4425216898390145,3.0,20.416630058657415,3.0,76.0,0.0,3.0,3.0,3.0,100.0,2.0,3.0,-0.7811985440516791,83.0,0.0,0.0,0.0,0.0,0.0,0.0,0.0,0.0,0.0,0.0,0.0,Bad
69.98277848975992,199.9209998877695,4.0,80.0,25.0,0.0,0.0,88.0,28.0,6.0,6.0,26.0,3.0,23.0,3.0,5.0,4.777125867926624,33.0,95.0,1.0,2.4582620418221284,0.2455265708128438,67.0,0.0,0.0,0.0,0.0,0.0,0.0,0.0,0.0,0.0,1.0,0.0,Bad
61.0,128.0,4.0,61.0,5.0,1.0,1.0,76.28766107330408,13.0,6.0,2.0,8.410573497669528,1.0,38.0,3.0,2.0,1.9150135744699748,90.0,70.00266442102536,1.0,1.0,1.0,100.0,0.0,0.0,0.0,0.0,0.0,0.0,1.0,0.0,0.0,0.0,0.0,Bad
91.0,435.517950004668,47.0,212.0,12.0,0.0,0.0,100.0,45.12791206980907,7.0,8.0,12.0,0.0,17.0,0.0,0.0,-0.017218895578766782,4.0,22.74884254939552,1.0,-0.34201971308983636,0.2132146210527246,14.0,1.0,0.0,0.0,0.0,0.0,0.0,1.0,0.0,1.0,0.0,0.0,Good
65.0,207.94853499021772,11.0,77.0,42.0,0.2671564906661801,0.0,95.0,34.0,6.0,6.0,42.0,2.0,60.0,3.1415671047156413,0.0,0.0,71.0,68.0,6.0,9.0,3.0,94.0,0.0,0.0,0.0,0.0,1.0,0.0,0.0,0.0,0.0,0.0,0.0,Good
71.0,183.0,2.0,116.0,18.330184299085555,0.0,0.0,94.5590555347431,25.16052725232231,5.874450955786383,8.0,17.30002752709139,1.0,39.56462801500676,1.9795769258388982,2.0,2.0,42.0,97.0,3.0,2.0,0.0,75.0,1.0,1.0,0.0,0.0,0.0,0.0,0.0,0.0,0.0,0.0,0.0,Bad
85.0,196.38595365146892,16.462031057444143,86.0,21.0,0.0,0.0,100.0,42.95726464215093,7.0,8.0,22.0,0.0,59.0,4.392753696230509,0.0,-0.016326090299046886,0.0,61.61175169864235,1.0,2.614781539634541,1.0,80.0,1.0,1.0,1.0,0.0,0.0,0.0,1.0,0.0,0.0,0.0,0.0,Good
56.12413530112509,158.16369520054258,4.0,61.505440030923026,16.88215965338139,4.0,3.0,74.24907826558314,18.0,6.0,2.0,22.0,2.0,50.0,0.0,1.1587208013216659,1.1179683469132904,85.0,85.0,4.0,3.279222524440697,1.0,92.0,0.0,0.0,0.0,0.0,0.0,0.0,0.0,0.0,0.0,0.0,0.0,Bad
67.16665808508651,237.0,1.0,120.0,26.0,0.0,0.0,96.0,21.0,6.0,6.0,25.583986485311765,1.0,43.0,1.2354214756220032,4.0,4.0,64.0,26.0,9.0,3.0,2.0,75.0,0.0,1.0,0.0,0.0,0.0,0.0,0.0,0.0,0.0,0.0,0.0,Bad
87.0,341.0,6.0,119.21581282302635,32.0,0.0,0.0,102.88134128877424,43.178514662008496,7.0,8.0,33.0,1.0,13.358827897697145,4.745445447090715,0.0,0.0,6.0,61.48618707343725,3.0,0.9913906760383551,0.0,27.0,1.0,0.0,0.0,0.0,1.0,0.0,1.0,0.0,1.0,0.0,0.0,Good
86.0,277.26509351840707,5.0,122.0,7.0,0.0,0.0,100.0,51.54044326358718,7.0,8.0,10.764805674836387,2.0,14.0,0.0,7.0,7.0,7.0,64.5274946517638,2.0,1.0521189675628584,0.0,100.0,1.0,0.0,0.0,0.0,0.0,0.0,1.0,0.0,1.0,0.0,0.0,Good
55.97228112675639,129.5215224494965,5.0,52.724893565240706,12.0,1.0,0.0,77.0,1.0,4.144758786365098,5.0,13.0,1.6790845189602068,62.0,0.0,2.0,1.9221178106173977,89.0,88.0,1.0,2.0,1.8006424557494909,75.0,0.0,0.0,0.0,0.0,0.0,0.0,0.0,0.0,0.0,0.0,0.0,Bad
82.0,141.0,12.861271999252107,73.0,26.0,0.0,0.0,100.0,45.45974776784038,7.155868827219673,8.0,9.0,1.0,50.0,5.0,0.0,0.0,28.0,52.0,2.0,3.0,1.0,63.0,1.0,0.0,0.0,0.0,0.0,0.0,0.0,0.0,0.0,0.0,0.0,Good
67.0,261.0,17.0,118.0,23.647560156892116,1.0,0.0,93.0,4.0,4.0,5.0,28.0,0.0,43.75864113745257,2.0,6.0,5.794045005457013,40.0,55.07566783902605,4.0,3.0,0.0,88.0,0.0,0.0,0.0,0.0,0.0,0.0,1.0,0.0,0.0,0.0,0.0,Good
79.09760825953362,116.0,8.0,67.0,46.0,0.0,0.0,100.0,36.782005995389596,7.0,8.0,44.22207032359144,2.0,25.0,0.0,0.0,0.0,4.0,28.0,6.0,2.0,1.0,45.0,1.0,0.0,0.0,0.0,0.0,0.0,0.0,0.0,0.0,0.0,0.0,Bad
81.0,112.0,2.0,55.0,20.212780090178764,0.0012691295863711538,0.0012018362178705666,100.0,41.91283067585101,7.0,8.0,19.0,1.0,47.0,0.0,1.0,0.9544383594854883,24.0,75.10849426467391,1.0,2.0,1.0,33.0,1.0,0.0,0.0,0.0,0.0,0.0,1.0,0.0,0.0,0.0,0.0,Bad
71.0,122.0,4.0,75.0,17.0,4.0,4.0,88.16221020410484,73.0,6.0,3.0,25.0,3.0,52.0,0.0,1.0,1.0,7.0,76.0,2.0,7.0,0.0,71.0,0.0,0.0,0.0,0.0,0.0,0.0,0.0,0.0,0.0,0.0,0.0,Good
78.0,239.0,3.0,83.0,17.1941069638718,0.0,0.0,90.0,10.0,6.0,6.0,13.0,2.0,15.0,1.0,2.0,2.0,2.0,55.0,3.0,3.0,0.0,55.0,0.0,0.0,0.0,0.0,0.0,0.0,0.0,0.0,0.0,0.0,0.0,Bad
66.0,264.4667447368037,3.0,67.0,55.0,0.0,0.0,119.34311644552582,54.36232767737113,7.891682599953498,8.0,65.0,16.0,23.0,1.0,19.316651360025315,19.0,42.0,84.0,21.0,4.603614037382459,5.0,73.0,1.0,0.0,0.0,0.0,0.0,0.0,0.0,0.0,0.0,0.0,0.0,Bad
66.0,120.0,3.0,60.0,23.0,0.4432160552278508,0.0,83.0,22.0,5.0,5.0,30.0,2.0,17.0,2.159988394268359,2.0,1.0,44.0,70.0,4.0,2.0,0.0,67.0,0.0,1.0,0.0,0.0,0.0,0.0,0.0,0.0,0.0,0.0,0.0,Bad
60.0,100.0,5.207176950493366,57.0,36.0,0.0,0.0,92.0,1.0,4.067767743666698,6.0,36.10211263120861,2.0,61.0,0.0,1.0,1.0,50.0,75.0,6.0,3.0,1.0,90.0,0.0,0.0,0.0,0.0,0.0,0.0,0.0,0.0,0.0,0.0,0.0,Bad
64.0,139.0,18.0,81.3667715058491,20.0,5.0,2.0,56.0,14.0,3.816859095657304,3.0,23.689617454527987,1.3883358422995076,28.0,0.0,0.0,0.0,0.0,68.0,0.0,2.0,0.0,18.0,0.0,0.0,0.0,0.0,0.0,0.0,0.0,0.0,0.0,0.0,0.0,Bad
65.0,142.0,3.0,69.0,15.0,0.0,0.0,93.0,5.0,4.0,6.0,15.0,1.0,24.806484322461138,0.0,0.0,-0.014712609240329882,25.0,68.74389753941857,4.0,1.0,3.0,50.0,0.0,0.0,0.0,0.0,0.0,0.0,1.0,0.0,0.0,0.0,0.0,Bad
65.0,111.0,2.269645093943833,63.0,19.67486465299226,1.0,0.8477261137411606,92.0,25.0,4.4241764264799945,2.0,25.0,0.0,64.0,0.0,4.0,4.0,72.0,114.0,1.0,3.6151598272687835,1.1566896326554656,90.0,0.0,0.0,0.0,0.0,0.0,0.0,0.0,0.0,0.0,0.0,0.0,Bad
81.0,306.0,2.0,130.0,32.0,0.0,0.0,100.0,37.66149667925765,7.0,8.0,34.0,2.3439670046140355,29.30813652749611,1.0,2.0,2.0,8.0,99.0,3.0,2.0,0.6193364326977555,35.0,1.0,0.0,0.0,0.0,0.0,0.0,0.0,0.0,0.0,0.0,0.0,Good
62.0,137.0,17.68261730645319,68.0,9.0,1.0,0.5545879989468971,78.0,16.0,6.0,6.0,9.0,0.0,33.0,19.0,0.0,0.0,12.0,43.0,1.0,2.0,0.0,75.0,0.0,0.0,0.0,0.0,0.0,0.0,0.0,0.0,0.0,0.0,0.0,Bad
70.33195409780278,178.3564302144496,4.917779642755146,75.0,14.84247169680278,1.0,1.0,89.0,4.0,3.5936376905447127,3.0,13.0,1.0,21.0,2.5297901208914486,2.0,2.0,4.0,81.0,1.0,3.0,-0.5733184895914416,57.0,0.0,1.0,0.0,0.0,0.0,0.0,0.0,0.0,0.0,0.0,0.0,Bad
77.60596415164007,233.0,25.0,109.0,14.0,0.0,0.0,100.0,40.43141354856519,7.0,8.0,14.0,0.5682447876403938,21.0,0.0,0.0,0.0,48.0,36.0,3.0,2.0,2.0,45.0,1.0,0.0,0.0,0.0,0.0,0.0,0.0,0.0,0.0,0.0,0.0,Good
84.0,236.12384707226852,2.0,82.0,34.0,-0.00780669784284127,0.0,100.0,43.51983197139589,7.0,8.0,35.24118669644686,4.0,22.0,3.0,1.0,1.0,4.0,70.90703654172066,2.0,1.0,0.0,30.0,1.0,0.0,0.0,0.0,0.0,0.0,1.0,0.0,0.0,0.0,0.0,Good
68.0,295.0,3.0,95.72861922608145,20.0,0.0,0.0,90.0,2.0,4.0,6.0,21.0,1.0,24.0,0.0,1.0,0.950803880681319,32.0,65.25460013952114,4.0,1.0,2.0,56.0,0.0,0.0,0.0,0.0,0.0,0.0,1.0,0.0,0.0,0.0,0.0,Good
73.0,131.0,2.643773824995634,55.73627559976147,12.276971148606734,0.0,0.0,99.55554877516816,48.12103461591923,7.0,8.0,13.372276487832615,1.9604913164006312,27.0,0.0,2.0,2.0,76.0,98.0,5.0,1.0,2.0,100.0,1.0,0.0,0.0,0.0,0.0,0.0,0.0,0.0,0.0,0.0,0.0,Good
78.0,195.0,1.0,38.0,29.0,0.0,-0.10516860223638211,100.0,35.620532270692934,6.0,7.0,38.0,5.0,51.0,0.0,6.07491840576728,6.0,10.0,95.0,4.0,13.0,0.22553117030573455,68.0,1.0,0.0,0.0,0.0,0.0,0.0,0.0,0.0,0.0,0.0,0.0,Good
74.0,221.29622236547044,1.0,58.0,15.0,0.0,0.0,100.0,34.62232415909722,6.495724728954893,8.0,45.0,2.730879003563409,17.0,0.0,1.9993862239432356,2.0,18.0,72.32734796803791,6.0,1.021120658908988,2.0,67.0,1.0,0.0,0.0,0.0,0.0,0.0,1.0,0.0,1.0,0.0,0.0,Bad
82.0,381.0,5.0,121.23088941508782,26.367707011190635,1.0,0.7485221563199979,89.68731827233037,54.0,6.0,3.0,29.0,3.0,20.357137823053183,4.182274951220627,0.0,0.0,0.0,64.98100730379056,2.0,1.0,1.0,23.0,0.0,1.0,0.0,0.0,0.0,0.0,1.0,0.0,0.0,0.0,0.0,Good
63.53038921808224,305.0,4.0,97.0,8.0,2.0,1.0,73.0,1.0,3.532367467826683,4.0,11.0,1.0,47.143041784308636,0.0,5.0,5.0,15.0,66.12462666238983,5.0,4.0,1.0,100.0,0.0,0.0,0.0,0.0,0.0,0.0,0.0,0.0,0.0,0.0,0.0,Bad
86.0,256.0,20.0,194.0,20.0,0.0,0.0,100.0,31.849328536944455,6.228163661524894,8.0,25.0,-0.2004830789216605,40.0,4.877312982566407,0.02971849530081241,0.0,0.0,47.18854755898845,0.0,1.0,0.0,25.0,1.0,1.0,0.0,0.0,0.0,0.0,0.0,0.0,0.0,0.0,0.0,Good
60.0,273.3053593083363,2.0,81.0,51.172134399615146,0.3600705931856498,0.0,90.5092128142425,1.0,4.0,6.0,71.0,3.0,45.321094205532184,2.1221517617335643,3.0,3.0,59.0,21.0,3.0,5.0,2.0,53.0,0.0,1.0,0.0,0.0,0.0,0.0,0.0,0.0,0.0,0.0,0.0,Good
70.30769934486275,199.6474955907173,14.0,88.0907378931514,14.0,1.0,0.0,81.0,2.0,3.0,5.0,16.0,0.0,69.0,3.728416816248228,0.014456729048157542,0.0,3.0,54.0,2.0,4.0,0.0,86.0,0.0,1.0,0.0,0.0,0.0,0.0,0.0,0.0,0.0,0.0,0.0,Bad
72.0,55.0,6.0,30.0,14.456580787264915,0.0,0.0,100.0,40.3589851697285,7.0,8.0,12.0,3.0,17.0,0.0,2.073378600306321,2.0,48.0,72.54103139539633,3.0,1.0,1.0,50.0,1.0,0.0,0.0,0.0,0.0,0.0,1.0,0.0,0.0,0.0,0.0,Bad
65.0,192.38473036010276,3.0,62.0,39.0,0.0,0.0,80.0,26.0,6.0,6.0,40.0,7.0,48.0,4.0,1.0646402436290547,1.0,45.0,66.0,4.0,5.0,1.0,71.0,0.0,0.0,0.0,0.0,0.0,0.0,0.0,0.0,0.0,0.0,0.0,Bad
77.0,230.36920350414556,9.0,94.67572644419171,15.0,1.0,1.0,94.0,30.0,4.566590511391457,2.0,16.0,1.0,19.0,4.0,1.0553248249343021,1.0260697830082148,9.0,61.24052319725976,2.0,0.4663206943367655,0.0,29.0,0.0,0.0,0.0,0.0,0.0,0.0,1.0,0.0,1.0,0.0,0.0,Good
87.0,165.0,5.0,68.5874819261311,14.0,0.0,0.0,100.0,49.52734292985076,7.0,8.0,14.992656208090178,4.0,20.0,4.0,1.0,1.0,3.0,69.09692750150575,1.0,1.0,0.0,33.0,1.0,0.0,0.0,0.0,0.0,0.0,1.0,0.0,0.0,0.0,0.0,Good
62.0,164.0,1.0,43.0,39.0,0.0,-0.18353834607096142,100.0,42.08475896490583,7.0,8.0,45.33024238702737,17.0,36.0,-12.221770315168063,24.0,23.285511117784626,54.0,104.0,5.0,11.0,3.0,73.0,1.0,1.0,0.0,0.0,0.0,0.0,0.0,0.0,0.0,0.0,0.0,Bad
81.0,311.0,6.0,103.99460163636444,22.0,0.0,0.0,100.0,42.42727208770941,6.8787244238795635,8.0,23.0,1.0,9.0,0.0,0.034234879577436,0.0,24.0,63.82800993440321,5.0,1.0,1.0,67.0,1.0,0.0,0.0,0.0,0.0,0.0,1.0,0.0,0.0,0.0,0.0,Good
73.51892698984646,233.0,2.0,56.545100508034565,56.0,0.28410071500088163,0.0,100.0,32.70688216413106,7.0,8.0,66.0,9.0,49.0,0.0,1.0,1.0,8.0,64.0,2.0,13.0,2.0,62.0,1.0,0.0,0.0,0.0,0.0,0.0,0.0,0.0,0.0,0.0,0.0,Good
69.0,476.0,8.0,157.0,38.0,4.0,4.0,100.0,35.996761113013946,5.811662963808179,8.0,39.0,2.1075188676874244,36.0,0.0,4.0,3.8660491701903488,50.0,54.0,14.0,3.395550466016716,4.0,89.0,1.0,0.0,0.0,0.0,0.0,0.0,0.0,0.0,0.0,0.0,0.0,Bad
56.0,125.0,4.0,47.0,10.0,0.28648262313836037,0.0,83.0,3.0,4.0,6.0,12.0,1.787288954563675,17.0,0.0,1.057443797759295,1.0,85.0,69.52233659563059,4.0,1.0,2.441518844983211,71.0,0.0,0.0,0.0,0.0,0.0,0.0,1.0,0.0,0.0,0.0,0.0,Bad
82.0,235.0,24.0,123.0,30.0,0.03168606231716842,0.0,100.0,42.8333520498343,6.0,7.0,31.045638561489124,0.0,38.0,4.8053923463208434,0.0,0.0,36.0,52.05435780207172,3.0,1.0,0.48558841911951056,100.0,1.0,1.0,0.0,0.0,0.0,0.0,1.0,0.0,0.0,0.0,0.0,Good
71.0,145.0,2.0,64.0,15.0,1.0,1.0,88.0,36.0,6.0,2.0,17.0,3.0,44.357780266283804,0.0,0.0,-0.003926371893927513,24.0,72.0,3.0,5.0,0.0,67.0,0.0,0.0,0.0,0.0,0.0,0.0,0.0,0.0,0.0,0.0,0.0,Bad
77.0,215.0,13.946561261945636,100.43022169948155,35.0,0.0,0.0,97.0,29.0,6.0,6.0,35.0,1.0,20.0,4.310872760284402,0.0,0.0,40.0,58.19756063958698,3.0,1.4011699009633718,3.0,29.0,0.0,0.0,0.0,0.0,1.0,0.0,1.0,0.0,0.0,0.0,0.0,Bad
75.58106763899195,118.0,1.5347139804706238,51.3538503608258,24.310014557095982,0.0,0.0,100.0,40.36793683411457,7.0,8.0,24.0,3.0,33.0,2.0,1.0,1.0,24.0,86.0,6.0,2.9101850058496095,1.0,71.0,1.0,0.0,0.0,0.0,0.0,0.0,0.0,0.0,0.0,0.0,0.0,Good
72.0,79.0,2.0,26.0,13.0,0.0,0.0,100.0,36.65019480635482,7.0,8.0,15.0,2.0,27.0,0.0,1.0,1.0,28.0,75.82247914241142,6.0,3.0,1.0,69.0,1.0,0.0,0.0,0.0,0.0,0.0,0.0,0.0,0.0,0.0,0.0,Bad
79.0,364.0,35.0,111.0,22.0,0.0,0.0,100.0,49.60524274730574,7.0,8.0,31.0,0.0,27.0,4.306972711019117,0.0,0.0,93.0,51.0,1.0,2.0,1.0,75.0,1.0,0.0,0.0,0.0,1.0,0.0,0.0,0.0,0.0,0.0,0.0,Good
67.41600051750157,149.86692735532483,8.0,53.0,25.0,1.0,0.0,81.0,19.0,6.0,5.0,28.0,1.0,11.0,5.0,0.0,-0.007928810903007538,25.0,100.0,7.0,2.0,1.3228301909753069,75.0,0.0,0.0,0.0,0.0,0.0,0.0,0.0,0.0,0.0,0.0,0.0,Good
69.01706454753547,233.0,8.0,79.0,14.768580143949778,0.8058520624119081,0.5210650319402331,84.81536450642434,44.0,6.0,5.0,18.314391934914283,1.0,57.0,0.0,0.0,0.0,63.0,71.0,2.0,3.0,1.1696641971761381,83.0,0.0,0.0,0.0,0.0,0.0,0.0,0.0,0.0,0.0,1.0,0.0,Bad
80.0,194.0,21.0,97.0,18.0,0.0,0.0,100.0,42.841407582206784,7.0,8.0,18.0,0.0,20.66971088811799,21.0,0.0,0.0,34.0,50.83958926189488,7.0,1.0,1.0,73.0,1.0,0.0,0.0,0.0,0.0,0.0,1.0,0.0,0.0,0.0,0.0,Good
67.54513707354565,142.0,3.0,58.0,7.64926744272232,4.0,4.0,75.0,16.0,6.0,2.0,12.0,2.0,42.0,12.0,0.0,0.0,0.0,69.69085022469044,2.0,2.0,0.0,100.0,0.0,0.0,0.0,0.0,0.0,0.0,0.0,0.0,0.0,0.0,0.0,Good
54.0,107.0,2.0,23.0,24.969306505854647,0.0,0.0,100.0,31.565677506757083,7.0,8.0,20.0,12.0,30.0,-5.544475762530345,11.0,11.0,71.0,92.0,10.0,3.6375937782744328,1.0,87.0,1.0,1.0,0.0,0.0,0.0,0.0,0.0,0.0,0.0,0.0,0.0,Bad
63.0,195.0,12.0,82.84013439136179,34.0,0.0,0.0,94.0,12.0,4.594995819291402,6.0,35.0,0.0,11.0,0.0,2.0,2.0,47.0,100.0,11.0,2.3703384209163247,3.352314981263854,67.0,0.0,0.0,0.0,0.0,0.0,0.0,0.0,0.0,0.0,0.0,0.0,Bad
80.08720442024936,167.0,24.0,110.0,23.0,0.0,0.0,100.0,44.186174922443996,7.0,8.0,26.0,0.0,31.0,15.0,0.0,0.0,51.0,50.37044303052218,4.0,1.2582088718369073,1.0,67.0,1.0,0.0,0.0,0.0,0.0,0.0,1.0,0.0,1.0,0.0,0.0,Good
69.0,271.0,2.0,83.9867810300296,22.0,0.0,0.0,100.0,26.22728844908562,6.043091362061495,8.0,23.0,1.0,17.0,2.0,4.0,4.0,32.0,68.79379351388917,9.0,2.1130016178892417,3.0,69.0,1.0,0.0,0.0,0.0,0.0,0.0,0.0,0.0,0.0,0.0,0.0,Good
65.0,140.0,9.0,67.0,17.0,0.40217775612477924,0.0,87.75728408632278,44.0,6.0,5.0,23.0,1.0,30.0,6.0,0.0,0.0,84.0,88.0,4.0,4.0,3.0,89.0,0.0,0.0,0.0,0.0,0.0,0.0,0.0,0.0,0.0,0.0,0.0,Bad
82.10541742811911,132.0,32.0,72.0,15.0,0.0,0.0,94.0,47.0,6.0,6.0,15.749375378627256,0.0,59.0,10.0,0.0,0.0,0.0,49.695277725716615,0.0,1.6414281404552789,0.0,40.0,0.0,0.0,0.0,0.0,0.0,0.0,1.0,0.0,0.0,0.0,0.0,Bad
88.0,450.0,33.0,169.0,14.0,0.09161798944581134,0.0,95.61789426256112,43.07449409470527,7.0,8.0,16.6909676303061,0.0,14.0,4.903913576822051,0.0,0.0,0.0,35.21283789627433,2.0,0.3967815047388318,-0.13790087401393247,50.0,1.0,0.0,0.0,0.0,1.0,0.0,1.0,0.0,1.0,0.0,0.0,Good
69.0,78.0,9.855736178489,40.0,16.0,0.0,0.0,97.48446681332845,39.16782287211589,7.0,8.0,16.0,1.0,25.0,0.0,2.065070737996085,2.0,69.0,69.26159360990009,3.0,2.0,2.0,83.0,1.0,0.0,0.0,0.0,0.0,0.0,1.0,0.0,0.0,0.0,0.0,Bad
69.16036014123745,31.0,1.0,16.0,5.0,0.0,0.016085309335739706,83.0,15.225925328551014,4.0,6.0,6.0,2.0,33.0,0.0,6.0,5.0,0.0,93.0,1.0,1.0,0.0,40.0,0.0,0.0,0.0,1.0,0.0,0.0,0.0,0.0,0.0,0.0,0.0,Bad
74.0,176.0,9.0,66.48497208822002,22.0,0.28805278091235254,0.18988457724099084,99.41716826821981,35.01612721230947,7.0,8.0,23.0,1.0,32.0,1.0,1.0,1.0,23.0,91.0,6.0,5.0,1.0,61.0,1.0,0.0,0.0,0.0,0.0,0.0,0.0,0.0,0.0,0.0,0.0,Bad
69.57967859218681,108.0,1.0,64.0,3.0,0.0,0.0,67.0,79.0,6.0,6.0,8.0,2.0531100138298104,37.136322614356445,0.0,4.0858385374169535,4.0,81.0,81.0,1.0,1.0,1.2636349095852801,75.0,0.0,0.0,0.0,0.0,0.0,0.0,0.0,0.0,0.0,0.0,0.0,Bad
86.0,221.0,10.657229052676424,84.0,22.12840480863751,0.0,0.0,100.0,44.84829422061,7.0,8.0,22.567363072956834,1.536001088440873,22.0,0.0,0.0,0.0,10.0,62.726521075471084,1.0,1.0,0.08124194562487164,20.0,1.0,0.0,0.0,0.0,0.0,0.0,1.0,0.0,0.0,0.0,0.0,Good
75.0760532602397,209.0,7.0,77.0,19.186925725975204,0.0,0.026141151624355097,100.0,41.45731471113231,6.961296349932895,8.0,21.0,2.0,20.0,1.0,2.0,2.0,56.0,67.49533538635036,3.0,1.0,1.0,57.0,1.0,0.0,0.0,0.0,0.0,0.0,1.0,0.0,0.0,0.0,0.0,Good
64.31415347129277,98.0,13.064438805060366,50.0,31.0,0.0,0.0,97.0,14.0,4.9180211298066485,6.0,32.0,3.0,56.0,0.0,2.0842027176595757,2.0,46.0,21.0,4.0,6.0,1.2193201131071034,83.0,0.0,0.0,0.0,0.0,0.0,0.0,0.0,0.0,0.0,0.0,0.0,Good
63.0,185.0,1.0,55.0,28.0,4.0,4.0,97.0,56.0,6.0,4.0,31.0,3.585241067027037,29.0,0.23957517295646058,4.0,3.8774526295089906,54.0,58.0,6.0,2.0,0.0,71.0,0.0,1.0,0.0,0.0,0.0,0.0,0.0,0.0,0.0,0.0,0.0,Good
87.0,387.0,13.0,168.0,16.0,0.0,0.0,100.0,40.04998255369878,7.0,8.0,16.0,0.0,38.0,0.0,0.0,0.0,1.0,54.955298312502485,2.0,1.0,0.0,38.0,1.0,0.0,0.0,0.0,0.0,0.0,1.0,0.0,0.0,0.0,0.0,Good
90.0,178.0,47.0,100.0,16.0,0.0,0.0,100.0,51.601799939511665,7.0,8.0,16.0,0.0,56.0,1.0,1.0,1.0,0.0,37.18791470102672,0.0,1.0,0.0,50.0,1.0,0.0,0.0,0.0,0.0,0.0,1.0,0.0,0.0,0.0,0.0,Good
66.56491366344696,213.0,4.0,90.0,36.0,0.0,0.0,97.0,45.0,6.0,6.0,36.823771082934044,1.0,39.0,0.0,1.0,1.0,93.0,73.69440573795077,5.0,3.800500061655356,3.0,100.0,0.0,0.0,0.0,0.0,0.0,0.0,0.0,0.0,0.0,0.0,0.0,Bad
74.0,169.68650768626696,6.0,64.0,18.0,1.0,1.0,100.0,32.84028257987697,6.0,8.0,18.0,2.739977310346828,16.29547772738187,3.0,4.0,4.0,6.0,67.87233138668928,5.0,1.049701804415492,0.0,56.0,1.0,0.0,0.0,0.0,0.0,0.0,1.0,0.0,1.0,0.0,0.0,Bad
65.0,148.4796871623672,12.499838386347914,61.267660157789905,16.0,1.0,1.0,100.0,22.027472857425266,5.403343236009166,8.0,16.0,1.0,19.0,7.0,0.0,0.0,35.0,62.335676779882746,4.0,1.0,1.3895541539545841,71.0,1.0,0.0,0.0,0.0,0.0,0.0,1.0,0.0,0.0,0.0,0.0,Good
62.34308478598659,194.0,2.0,71.16115236381995,54.0,0.0,0.0,99.38372699598173,32.0,5.73205856901342,6.0,60.0,4.0,35.65920417449013,2.660044246277551,1.0,1.0,69.0,71.0,10.0,4.0,5.0,84.0,0.0,1.0,0.0,0.0,0.0,0.0,0.0,0.0,0.0,0.0,0.0,Bad
89.0,252.60672434107016,3.0,114.0,12.227513963151534,0.0,0.0,100.0,48.42356380709464,7.0,8.0,0.0,1.0,34.611709614924635,4.264697196151284,0.0,-0.04860097401828517,2.0,94.0,2.0,2.0,0.0,57.0,1.0,0.0,1.0,0.0,1.0,0.0,0.0,0.0,0.0,0.0,0.0,Good
65.0,241.0,4.0,80.0,25.0,0.0,-0.013701709211721202,96.0,3.0,4.0,6.0,26.992147412717383,1.0,32.0,1.0,2.0,2.0,37.0,67.24034103602267,3.0,3.0,1.182062856702983,60.0,0.0,0.0,0.0,0.0,0.0,0.0,1.0,0.0,0.0,0.0,0.0,Bad
84.0,162.0,14.0,77.68261045128266,21.0,0.0,0.0,100.0,45.34427423203226,7.0,8.0,22.0,0.0,68.0,0.0,1.0815891241564655,1.0376908909657803,16.0,74.0,1.0,3.616779797112985,0.0,75.0,1.0,0.0,0.0,0.0,0.0,0.0,0.0,0.0,0.0,0.0,0.0,Good
68.02374433924186,21.0,8.868383702336335,38.59053216048021,3.0,0.0,0.0,67.0,3.0,4.0,6.0,3.0,1.293858746600009,42.99368665717115,0.0,0.0,0.0,0.0,76.0,0.0,2.0,-1.118409356054697,67.0,0.0,0.0,0.0,0.0,0.0,0.0,0.0,0.0,0.0,0.0,0.0,Bad
58.372301119265344,478.0,12.0,97.0,44.0,0.0,0.0,92.86555219844603,1.0,4.327216291103477,6.0,47.0,0.0,16.941574203510882,0.0,9.143940489309994,9.0,63.0,57.77473375363938,9.0,2.1987788944497173,6.0,60.0,0.0,0.0,0.0,0.0,0.0,0.0,1.0,0.0,1.0,0.0,0.0,Bad
67.0,176.0,5.0,79.0,22.0,1.0282968164807276,0.5953856508698268,83.0,61.0,6.0,5.0,24.0,4.0,21.0,0.0,0.0,0.0,61.0,95.0,7.0,2.5685132769572534,2.0,90.0,0.0,0.0,0.0,0.0,0.0,0.0,0.0,0.0,0.0,0.0,0.0,Bad
85.0,242.0,19.0,103.0,15.0,0.0,0.0,100.0,48.72841124010637,7.137381769701754,8.0,18.0,0.0,19.0,4.29060983672241,0.0,0.0,18.0,54.07308745595956,6.0,1.0,0.9848020958215442,70.0,1.0,0.0,0.0,0.0,1.0,0.0,1.0,0.0,0.0,0.0,0.0,Good
57.0,234.0,16.725016822917215,106.0,40.0,0.0,0.0,98.0,6.0,4.0,6.0,39.44817133667503,0.0,24.0,1.7917589416839,3.0,3.0,69.0,30.0,16.0,2.0,7.0,95.0,0.0,1.0,0.0,0.0,0.0,0.0,0.0,0.0,0.0,0.0,0.0,Bad
63.0,66.0,7.0,45.0,17.0,0.0,0.0,94.0,28.71487290746981,6.0,6.0,17.0,1.0,33.51539843272984,0.0,1.0,0.9432794804982153,67.0,72.0077246149644,8.0,2.4849832517161885,3.0,86.0,0.0,0.0,0.0,1.0,0.0,0.0,0.0,0.0,0.0,0.0,0.0,Bad
79.0,245.0,6.0,100.0,33.16265164497577,0.0,0.0,100.0,36.98577479950333,7.0,8.0,37.0,1.0,36.80049346180792,4.0,1.0,1.0,18.0,61.0,6.0,4.0,0.0,71.0,1.0,0.0,0.0,0.0,0.0,0.0,0.0,0.0,0.0,0.0,0.0,Good
84.0,157.13053884667244,13.017230254407991,65.0,12.0,-0.03705199725158659,0.0,100.0,44.44594576816618,7.0,8.0,13.093285613397843,0.0,42.0,3.3165762474053255,0.9906531506559575,0.9526467386457503,17.0,63.64623721262245,2.0,2.0,0.0,57.0,1.0,1.0,0.0,0.0,0.0,0.0,1.0,0.0,0.0,0.0,0.0,Bad
80.0,196.85028169221044,1.0,64.0,33.0,0.0,0.0,104.04999364249238,38.12947529273626,5.0,7.0,35.0,5.0,34.0,1.0,4.0,3.0,19.0,44.0,3.0,3.0,1.0,75.0,1.0,0.0,0.0,0.0,0.0,0.0,0.0,0.0,0.0,0.0,0.0,Bad
56.0,216.0,5.659714088429734,75.68357056547062,25.567499511815168,1.0,1.0,88.0,4.0,0.0,6.0,26.0,1.0,46.0,2.668295105175232,0.0,0.0,53.0,92.0,8.0,3.0,1.0,85.0,0.0,1.0,0.0,0.0,0.0,0.0,0.0,0.0,0.0,0.0,0.0,Bad
73.0,153.0,3.0,15.0,10.99232103443569,0.0,0.0,96.9261930086303,38.09484810177619,7.0,8.0,14.0,3.0,29.0,2.0,2.0,2.0,11.0,98.0,3.0,1.0,0.0,80.0,1.0,0.0,0.0,0.0,0.0,0.0,0.0,0.0,0.0,0.0,0.0,Good
66.0,68.0,5.0,58.0,27.0,1.0,1.0,93.0,28.0,6.0,6.0,5.0,3.0,30.82375567477569,1.9681403091030085,2.0931004935242132,2.0,24.0,18.0,5.0,3.0,1.014963175708317,60.0,0.0,1.0,0.0,0.0,0.0,0.0,0.0,0.0,0.0,0.0,0.0,Bad
79.0,42.0,18.4408566425733,52.79911475396925,9.0,0.0,0.0,100.0,36.95468781236477,7.0,8.0,7.91694953913246,1.0,33.0,3.704115110723618,0.029941944059191133,0.0,5.0,26.0,1.0,2.0,0.0,50.0,1.0,1.0,0.0,0.0,0.0,0.0,0.0,0.0,0.0,0.0,0.0,Bad
66.0,115.0,0.19561478750946648,60.0,40.0,0.0,-0.11016179886143845,93.0,2.0,4.0,6.0,40.52547256700157,4.0,25.0,1.0,3.0,3.0,37.0,73.40563913075961,5.0,3.0,0.0,80.0,0.0,0.0,0.0,0.0,0.0,0.0,0.0,0.0,0.0,0.0,0.0,Bad
70.0,308.0,4.0,77.0,41.0,1.0,1.0,95.0,2.0,0.0,2.0,42.0,3.0,39.60068685219525,0.0,2.0,1.9245797393508426,6.0,69.41933838639717,4.0,3.8774873794109785,1.0,48.0,0.0,0.0,0.0,0.0,0.0,0.0,0.0,0.0,0.0,0.0,0.0,Good
58.0,87.0,-0.47884329831539674,42.0,34.0,0.19151291063927278,0.0,98.2755625545494,23.643003994564538,7.0,8.0,42.0,2.0,21.684119007612882,-0.3344910395948637,4.072292300670476,4.0,70.0,92.0,12.0,3.0,2.0,75.0,1.0,1.0,0.0,0.0,0.0,0.0,0.0,0.0,0.0,0.0,0.0,Bad
74.0,279.0,3.0,90.0,31.0,1.215791280789558,1.0,97.0,12.0,4.224254508795317,4.0,33.0,3.0,18.0,0.0,2.0,2.0,5.0,95.0,4.0,3.0,0.0,47.0,0.0,0.0,0.0,0.0,0.0,0.0,0.0,0.0,0.0,0.0,0.0,Bad
60.0,156.0,3.5613744635538076,62.0,32.0,0.0,0.030460484188791548,100.0,31.30630172897324,7.0,8.0,17.0,4.0,15.0,1.5677031514803326,1.1982071907209813,1.1481705185580369,76.0,74.33127096918216,13.0,1.0,4.327585010799487,89.0,1.0,1.0,0.0,0.0,0.0,0.0,1.0,0.0,0.0,0.0,0.0,Bad
91.0,364.0,1.0,118.0,12.0,0.0,0.0,100.0,47.605163709723655,7.0,8.0,13.0,1.0,9.978742403760368,0.0,1.040144173879878,1.0285513574253398,0.0,64.81414699291687,1.0,-0.19260383182850077,0.0,20.0,1.0,0.0,0.0,0.0,0.0,0.0,1.0,0.0,1.0,0.0,0.0,Good
56.97403566355858,143.0,6.0,63.576298857878086,21.0,2.0,2.0,80.45705301786626,4.0,4.0,3.0,23.0,1.0,34.35614361377249,0.0,0.0,0.0,61.0,96.0,6.0,2.0,3.0,73.0,0.0,0.0,0.0,0.0,0.0,0.0,0.0,0.0,0.0,0.0,0.0,Good
88.0,490.0,4.0,144.53002880243622,12.0,0.0,0.0,92.0,36.0,6.0,6.0,12.0,0.8861350467353937,42.0,4.57677324234179,0.0,0.0,2.0,96.0,2.0,2.4770039558286694,-0.7238253101581127,75.0,0.0,0.0,0.0,0.0,1.0,0.0,0.0,0.0,0.0,0.0,0.0,Good
65.0,246.0,16.0,109.0,19.0,1.0,0.0,80.98430082190978,11.0,4.0,5.0,21.0,0.0,24.0,20.0,0.0,0.0,87.0,52.49263940376571,3.0,2.0,3.0,100.0,0.0,0.0,0.0,0.0,0.0,0.0,1.0,0.0,0.0,0.0,0.0,Bad
84.0,169.0,14.0,81.0,20.0,0.0,0.0,100.0,42.608602435166404,7.0,8.0,20.0,0.0,35.0,3.6173876186721503,1.0,1.0,17.0,60.7252389215088,1.0,4.0,0.0,56.0,1.0,1.0,0.0,0.0,0.0,0.0,1.0,0.0,0.0,0.0,0.0,Good
82.0,356.0,4.0,85.0,34.0,0.0,0.0,100.0,39.79580038306068,7.0,8.0,34.0,3.0,21.0,0.0,1.0,1.0,2.0,68.13610835526072,5.0,1.0,0.0,35.0,1.0,0.0,0.0,0.0,0.0,0.0,1.0,0.0,0.0,0.0,0.0,Good
81.0,158.0,7.0,64.7135065064861,14.0,0.0,0.0,100.0,43.42722850796275,7.0,8.0,15.0,2.0,21.0,7.0,0.0,0.0,15.0,83.0,2.0,3.0,0.0,63.0,1.0,0.0,0.0,0.0,0.0,0.0,0.0,0.0,0.0,0.0,0.0,Good
80.99550213294235,178.0,3.0,65.0,30.0,0.0,0.0,103.63108497338399,43.78113530693713,7.0,8.0,31.238233913296124,5.0,47.0,6.0,0.0,0.0,12.0,75.39071696041012,3.0,1.0,0.0,44.0,1.0,0.0,0.0,0.0,0.0,0.0,1.0,0.0,0.0,0.0,0.0,Good
87.0,255.0,10.0,111.0,32.0,0.0,0.0,100.0,44.27935585215721,7.0,8.0,32.0,2.0,13.0,3.0,1.0,1.0,2.0,60.113615045100886,1.0,1.1720612769564227,-0.20661221117822937,27.0,1.0,0.0,0.0,0.0,0.0,0.0,1.0,0.0,0.0,0.0,0.0,Good
79.0,277.7239786382592,2.0,105.0,67.0,0.0,0.0,100.0,38.43254525551711,6.777514135175867,8.0,47.0,4.0,3.0,1.0,1.0,1.0,9.0,69.47394031840511,11.0,1.0,2.1704107405178616,42.0,1.0,0.0,0.0,0.0,0.0,0.0,0.0,0.0,0.0,0.0,0.0,Good
81.44136755467963,349.0,6.0,104.0,35.0,0.0,0.0,101.63099971929933,36.39257292523618,6.0,7.0,37.75111745874615,2.0,43.0,0.0,2.0,2.0,4.0,67.75786519873911,5.0,1.0,1.0,50.0,1.0,0.0,0.0,0.0,0.0,0.0,1.0,0.0,0.0,0.0,0.0,Good
72.0,172.5654014777343,4.0,61.0,29.0,0.0,0.03036535261535961,96.21337422071244,32.56976078416335,6.0,6.0,29.0,2.0,55.0,0.0,2.0,2.0,37.0,88.0,5.0,3.5222543598953004,1.3599324707149427,64.0,0.0,0.0,0.0,1.0,0.0,0.0,0.0,0.0,0.0,0.0,0.0,Good
59.0,243.0,5.898723256018609,79.0,38.0,0.7316883888871768,0.27363791048064756,76.0,7.0,4.0,6.0,43.0,1.0,42.4828774786679,0.0,1.0,0.9605432410528192,63.0,78.0,7.0,4.0,4.0,86.0,0.0,0.0,0.0,0.0,0.0,0.0,0.0,0.0,0.0,0.0,0.0,Bad
76.87650422068285,220.0,3.4681878797794354,63.0,38.0,-0.013508028150599038,0.0,100.0,38.22957026141029,7.0,8.0,39.32696854142367,2.5788220024955457,53.0,0.0,1.0702547779630915,1.0,25.0,67.0,5.0,1.0,1.259588182268046,50.0,1.0,0.0,0.0,0.0,0.0,0.0,0.0,0.0,0.0,0.0,0.0,Bad
76.0,157.0,15.0,93.0,13.427887634562424,2.0,1.0,91.0,40.0,6.0,5.0,11.0,0.0,8.078295399436449,3.449688022415627,0.0,0.0,0.0,55.93095543892883,0.0,-0.23729810062102574,0.0,0.0,0.0,0.0,0.0,0.0,1.0,0.0,1.0,0.0,1.0,0.0,0.0,Good
65.0,125.0,12.134855017687979,75.0,14.0,4.0,2.809727854454246,79.0,16.0,6.0,3.0,19.0,1.0,53.0,0.0,0.0,-0.02937179130545961,85.0,65.61339082217751,1.0,1.0,1.0,75.0,0.0,0.0,0.0,0.0,0.0,0.0,1.0,0.0,0.0,0.0,0.0,Bad
70.0,178.0,6.0,114.0,16.0,0.0,0.0,88.0,12.0,6.0,6.0,16.0,2.0,31.0,3.811575491017219,0.039638055031400166,0.0,43.0,16.0,7.0,3.0,3.0,92.0,0.0,1.0,0.0,0.0,0.0,0.0,0.0,0.0,0.0,0.0,0.0,Bad
57.0,127.09266240722337,12.0,63.0,6.995521146793233,4.0,4.0,70.0,57.0,0.0,2.0,10.77443444361398,1.649215759731765,60.0,0.0,0.0,0.0,38.0,78.0,1.0,3.0,0.0,100.0,0.0,0.0,0.0,0.0,0.0,0.0,0.0,0.0,0.0,0.0,0.0,Bad
76.0,240.34376458695942,8.560302001033747,80.0,48.0,0.0,0.0,106.85360833035611,28.233107053335942,5.0,8.0,49.0,2.0,20.0,0.0,2.0,2.0,22.0,65.94252185088766,9.0,2.0919108369990758,2.3238121774481604,37.0,1.0,0.0,0.0,0.0,0.0,0.0,1.0,0.0,1.0,0.0,0.0,Good
60.0,160.0,3.0,48.0,15.844670117973553,0.0,0.0,81.0,5.0,4.0,6.0,16.0,4.0,31.0,4.0,2.0,2.0,65.0,74.0,2.0,2.445376188925306,1.0,63.0,0.0,0.0,0.0,0.0,0.0,0.0,0.0,0.0,0.0,0.0,0.0,Good
80.0,203.2476757979976,7.0,72.0,40.0,0.0,0.0,100.0,43.6849215509468,7.0,8.0,43.0,2.338293142977385,26.0,2.0,2.0,1.9294509537191906,29.0,68.75881202718497,2.0,1.0,0.0,60.0,1.0,0.0,0.0,0.0,0.0,0.0,1.0,0.0,0.0,0.0,0.0,Good
86.0,271.0,10.0,113.0,26.0,0.0,0.0,100.0,41.96515301919817,7.0,8.0,32.0,2.0,27.0,4.0204323134302165,1.0,0.9652312473109217,13.0,50.0,2.0,3.0,0.0,33.0,1.0,1.0,0.0,0.0,0.0,0.0,0.0,0.0,0.0,0.0,0.0,Good
60.0,223.0,7.0,68.0,8.0,2.0,1.1921720783130825,60.0,30.0,4.910263071155887,3.0,10.0,1.3515204511471648,50.0,1.9386626313246524,0.02486826339968106,0.0,89.0,87.0,3.0,3.0,2.0,86.0,0.0,1.0,0.0,0.0,0.0,0.0,0.0,0.0,0.0,0.0,0.0,Bad
80.0,322.0,9.593605133527454,103.0,25.0,1.0,0.0,85.23429975514344,21.0,6.0,5.0,26.0,1.0,25.250144342526617,0.0,0.0,0.0,2.0,59.43807297618993,2.0,1.0,1.0,33.0,0.0,0.0,0.0,0.0,0.0,0.0,1.0,0.0,0.0,0.0,0.0,Good
77.97872166453763,115.0,7.242700470143205,58.187255543135635,24.0,1.0,0.0,96.0,50.0,6.214908720160748,5.0,26.300002160064547,4.0,52.0,4.0,1.0,1.0,2.0,52.0,1.0,4.0,0.0,71.0,0.0,0.0,0.0,0.0,0.0,0.0,0.0,0.0,0.0,0.0,0.0,Good
82.0,247.0,21.0,99.0,28.0,0.0,-0.023197108178571346,100.0,41.36569713825773,7.0,8.0,32.0,1.0158088423744873,32.0,15.0,0.0,0.0,20.0,30.0,5.0,2.8541049762578092,1.0,67.0,1.0,0.0,0.0,0.0,0.0,0.0,0.0,0.0,0.0,0.0,0.0,Good
77.68748915690097,130.0,0.0,48.57534979107899,14.0,0.039159725349442454,0.0,100.0,40.52574110221349,7.0,8.0,16.0,3.0,44.0,0.0,2.0,2.0,25.0,77.634709053154,2.0,2.0,0.0,44.0,1.0,0.0,0.0,0.0,0.0,0.0,1.0,0.0,0.0,0.0,0.0,Bad
63.539138089483046,277.0,6.0,94.0,26.0,0.0,0.0,71.0,3.0,4.0,6.0,28.0,1.0,54.0,5.0,0.0,0.0,52.0,77.0,5.0,4.0,1.0,82.0,0.0,0.0,0.0,0.0,0.0,0.0,0.0,0.0,0.0,0.0,0.0,Bad
70.0,189.0,6.0,112.0,25.0,0.04705286479802373,0.0,100.0,41.02285955949068,7.0,8.0,25.0,1.0,28.0,0.0,1.0,0.9508287994287608,86.0,68.72164729681475,9.0,1.0,3.6133059113538897,92.0,1.0,0.0,0.0,0.0,0.0,0.0,1.0,0.0,0.0,0.0,0.0,Bad
69.0700283051274,166.0,13.631145902612314,97.0,16.790277463101557,0.0,0.0,100.0,40.1491326820896,7.0,8.0,13.0,4.0,0.0,0.0,13.0,12.601394857667795,40.0,60.83326336121539,8.0,0.647553032342134,4.0,73.0,1.0,0.0,0.0,0.0,0.0,0.0,1.0,0.0,1.0,0.0,0.0,Bad
67.0,152.0,20.0,69.8452197346017,8.488364237664445,1.0,0.7279724401823922,90.0,71.0,6.796679011205724,5.0,10.490816213390097,0.0,52.02678941692798,0.0,0.0,-0.021491693034351833,94.0,53.0,1.0,2.718646576245345,1.0,100.0,0.0,0.0,0.0,0.0,0.0,0.0,0.0,0.0,0.0,0.0,0.0,Bad
81.38529274592514,199.248901570871,7.0,85.0,14.0,0.0,0.0,100.0,44.51645734666562,7.0,8.0,14.0,1.0,57.0,7.0,2.0,0.0,18.0,69.40760971560492,2.0,3.0,-0.20456100560629764,100.0,1.0,0.0,0.0,0.0,0.0,0.0,0.0,0.0,0.0,1.0,0.0,Good
56.615997582096895,171.0,10.0,65.0,48.25244454882332,1.2689955970081175,1.0,98.0,1.0,4.0,6.0,54.0,1.0,69.0,1.0,2.0,2.0,83.0,56.0,6.0,12.0,2.0,90.0,0.0,0.0,0.0,0.0,0.0,0.0,0.0,0.0,0.0,0.0,0.0,Bad
86.0,231.69213145846163,16.0,102.0,18.0,1.0,0.0,95.0,64.0,6.0,5.0,19.0,0.0,53.0,0.0,5.0,2.0,0.0,62.07217968473235,1.0,1.0,0.0,29.0,0.0,0.0,0.0,0.0,0.0,0.0,1.0,0.0,0.0,0.0,0.0,Good
71.46635614134266,238.0,8.0,110.0,14.0,0.5665082080588539,0.0,81.27041570325729,3.0,4.044480607992467,5.0,31.0,1.0,20.0,4.0,2.0,2.0,8.0,58.02365776669049,5.0,0.7393135917486182,0.0,56.0,0.0,0.0,0.0,0.0,0.0,0.0,1.0,0.0,1.0,0.0,0.0,Good
79.0,13.0,4.516653587958331,8.0,3.0,0.0,0.0,100.0,43.27361642566021,7.036401989093315,8.0,3.0,2.0,35.782985593676,1.224347875121682,3.0572950775937953,3.0,2.0,75.6172938286912,1.0,1.0,0.0,67.0,1.0,1.0,0.0,0.0,0.0,0.0,1.0,0.0,0.0,0.0,0.0,Bad
74.0,310.0,4.0,101.0,8.0,1.0,0.581449117511435,89.0,14.0,6.0,5.0,9.0,1.06241861683601,67.0,13.0,0.0,0.0,23.0,63.0,1.0,4.0,0.0,71.0,0.0,0.0,0.0,0.0,0.0,0.0,0.0,0.0,0.0,0.0,0.0,Good
78.0,218.0,6.0,80.0,48.0,0.27572918198779073,0.2659235232304485,100.0,36.343797814482514,7.0,8.0,48.0,1.0,56.0,1.0,1.0,0.9623240284068153,11.0,92.0,3.0,2.0,0.0,56.0,1.0,0.0,0.0,0.0,0.0,0.0,0.0,0.0,0.0,0.0,0.0,Good
66.0,176.0,10.935828956870072,86.0,34.0,2.0,1.0,89.0,3.0,3.8950850342428596,5.0,33.0,2.0,14.0,3.0,1.0563335772613824,1.0,16.0,33.0,11.0,3.0,0.0,67.0,0.0,0.0,0.0,0.0,0.0,0.0,0.0,0.0,0.0,0.0,0.0,Good
76.0,157.6420966649645,12.570019812903116,68.63248161239713,10.0,0.01167292812788423,0.0,100.0,39.940185792595344,7.0,8.0,10.0,0.0,40.0,0.0,2.0,2.0,40.0,64.71079262678738,2.0,3.0,1.0,71.0,1.0,0.0,0.0,0.0,0.0,0.0,0.0,0.0,0.0,0.0,0.0,Bad
88.0,334.79023210294963,5.0,133.0,23.627546882254823,0.0,0.0,100.0,42.690778514958396,7.0,8.0,25.0,1.0,8.403391972120808,14.0,0.0,0.015907649195380173,2.0,58.80171150530923,3.0,0.3306226477552382,1.0,25.0,1.0,0.0,0.0,0.0,0.0,0.0,1.0,0.0,1.0,0.0,0.0,Good
66.0,190.0,2.0,73.0,25.0,5.0,5.0,88.35625999561046,63.0,6.0,2.0,29.91849207310605,2.3313251929127814,55.38043312643666,0.0,2.0,2.0,94.0,121.0,4.0,4.0,1.9508980752950826,100.0,0.0,0.0,0.0,0.0,0.0,0.0,0.0,0.0,0.0,0.0,0.0,Bad
68.0,148.0,13.597168638196976,65.0,17.0,0.0,-0.1835923867482181,83.0,31.0,6.0,6.0,18.0,1.0,44.0,0.0,0.0,0.0,28.0,48.0,2.0,2.0,0.8472732460654484,40.0,0.0,0.0,0.0,0.0,0.0,0.0,0.0,0.0,0.0,0.0,0.0,Good
70.0,138.8386027077903,2.0,58.545914739736574,7.0,1.0,1.0,100.0,39.02197419897112,6.0,8.0,0.0,2.0,25.0,2.806382889669203,0.0,0.0,78.0,81.0,4.0,1.0,1.0,83.0,1.0,0.0,1.0,0.0,1.0,0.0,0.0,0.0,0.0,0.0,0.0,Good
64.0,129.23183181731298,1.0,37.0,14.0,0.0,-0.03558532834844855,100.0,30.590985746760396,7.0,8.0,22.0,3.835677872835614,45.52573130640815,0.0,5.0,5.0,52.0,100.0,5.0,6.0,2.0,73.0,1.0,0.0,0.0,0.0,0.0,0.0,0.0,0.0,0.0,0.0,0.0,Good
88.0,308.0,17.0,147.0,27.0,0.09375997249808243,0.0,99.82397286757235,38.5096161779922,5.0,7.0,27.0,0.0,52.0,0.0,0.0,0.0,3.0,56.334684819502726,5.0,2.0,0.0,78.0,1.0,0.0,0.0,0.0,0.0,0.0,0.0,0.0,0.0,0.0,0.0,Good
85.0,325.0,11.0,79.0,39.0,0.0,0.0,98.0,37.658032467566386,5.0,7.0,41.0,1.0,29.0,0.0,2.054147773503135,2.0,19.0,80.0,3.0,5.0,0.0,57.0,1.0,0.0,0.0,0.0,0.0,0.0,0.0,0.0,0.0,0.0,0.0,Bad
76.0,182.0,7.0,86.0,22.0,0.0,-0.016044494983133428,100.0,38.72835158238391,7.0,8.0,23.0,1.8905023242387484,39.0,0.0,0.03273833407581339,0.0,31.0,69.09609982173055,4.0,4.0,1.0,80.0,1.0,0.0,0.0,0.0,0.0,0.0,0.0,0.0,0.0,0.0,0.0,Good
76.0,185.0,4.0,77.91847295708799,32.0,0.0,0.0,93.49806919719452,25.0,6.0,6.0,32.04481114919646,3.0,13.0,3.455847455750616,1.0,1.0,16.0,54.0,4.0,3.0,0.0,41.0,0.0,1.0,0.0,0.0,0.0,0.0,0.0,0.0,0.0,0.0,0.0,Good
87.0,241.0,7.930771742210844,93.0,17.0,0.0,0.0,100.0,52.68122376291291,7.625243230767219,8.0,18.0,4.0,17.0,3.450830629485528,1.0,1.0,7.0,65.31568929849523,5.0,1.0,1.0,50.0,1.0,1.0,0.0,0.0,0.0,0.0,1.0,0.0,0.0,0.0,0.0,Good
91.0,236.75135342463108,19.419455533115148,104.0,14.607599367051645,-0.06622612011430595,0.0,100.0,53.47266282474794,7.399302144878148,8.0,15.157017760527228,0.0,33.0,4.658175087284768,0.03553775764847123,0.0,1.0,54.75168222934444,2.0,1.0,0.0,60.0,1.0,0.0,0.0,0.0,1.0,0.0,1.0,0.0,0.0,0.0,0.0,Good
86.0,238.0,5.0,97.9800755220494,13.0,0.0,0.0,93.0,26.0,6.0,6.0,13.978026433627521,1.0,21.0,0.0,0.0,0.0,9.0,63.324696881838236,3.0,1.0,0.0,44.0,0.0,0.0,0.0,0.0,0.0,0.0,1.0,0.0,0.0,0.0,0.0,Good
76.0,270.0,5.0,98.97956512729372,19.0,3.0,3.0,95.0,62.0,6.0,2.0,5.0,1.0,33.69569702658018,5.0,0.0,0.0,2.0,70.0,4.0,3.0,0.0,58.0,0.0,0.0,0.0,0.0,0.0,0.0,0.0,0.0,0.0,0.0,0.0,Good
91.0,378.0,69.0,275.0,4.0,0.2670437893729014,0.0,89.1988315341678,45.287402488526055,7.0,8.0,0.7045149016372729,0.0,0.0,0.0,1.0,0.0,4.0,-0.5246647753551628,1.0,-1.1066242399556598,0.0,33.0,1.0,0.0,0.0,0.0,0.0,0.0,1.0,0.0,1.0,0.0,0.0,Good
74.0,165.0,3.0,72.24446712165206,28.0,0.0,0.0,93.60847195788128,17.0,5.384756369816456,6.0,30.0,1.9495161387122062,43.379968179413005,0.0,1.0,1.0,58.0,86.0,4.0,4.0,1.0,67.0,0.0,0.0,0.0,0.0,0.0,0.0,0.0,0.0,0.0,0.0,0.0,Good
90.0,262.55933231406397,4.0,97.9724146174115,27.561839397163713,-0.004873508945073546,0.0,100.0,47.00121447031316,7.0,8.0,31.0,1.0,42.0,0.0,3.0,3.0,2.0,68.6366998599797,1.0,1.0,0.0,20.0,1.0,0.0,0.0,0.0,0.0,0.0,1.0,0.0,0.0,0.0,0.0,Good
71.62188085440238,22.0,20.0,58.21791372127285,10.0,1.540280219754747,1.2610179002474307,91.0,12.0,6.0,2.0,7.0,0.0,36.0,3.446685405635274,0.0,0.0,0.0,56.419629567094994,2.0,1.0,-0.6369998141641076,75.0,0.0,1.0,0.0,0.0,0.0,0.0,1.0,0.0,0.0,1.0,0.0,Good
76.0,181.0,24.0,89.20118971186058,19.0,0.0,0.0,95.0,31.0,6.0,6.0,19.0,0.0,58.0,16.0,0.0,0.0,54.0,57.0,1.0,4.0,0.0,63.0,0.0,0.0,0.0,0.0,0.0,0.0,0.0,0.0,0.0,0.0,0.0,Good
80.0,226.0,2.0,66.0,35.0,0.0,0.0,100.0,36.4656722044312,7.0,8.0,36.0,2.0,47.0,0.0,0.0,0.016203138088285413,2.0,77.0,5.0,7.0,0.0,62.0,1.0,0.0,0.0,0.0,0.0,0.0,0.0,0.0,0.0,0.0,0.0,Bad
89.0,280.0,10.0,90.0,19.0,0.0,0.032992689032317835,100.0,47.76186095273965,7.0,8.0,20.201756356053565,1.0,16.0,4.564935978361023,0.0,0.0,1.0,60.66696349376989,2.0,0.5550696858326687,-0.15125170902444252,33.0,1.0,0.0,0.0,0.0,1.0,0.0,1.0,0.0,0.0,0.0,0.0,Good
75.0,61.0,16.0,66.32431477970107,5.0,0.0,0.0,67.0,16.0,6.0,6.0,13.0,0.0,50.0,2.6574732383617943,1.0,1.0,43.0,59.149605852635176,2.0,1.0,0.0,75.0,0.0,1.0,0.0,0.0,0.0,0.0,1.0,0.0,0.0,0.0,0.0,Bad
80.0,231.0,3.0,61.0,27.0,-0.024253159157364923,0.0,103.05200978322904,39.49353738289045,7.0,8.0,29.01257989728619,4.0,33.0,18.0,0.0,0.0,10.0,70.25250689702916,3.0,2.865577742839225,0.32387821348672974,45.0,1.0,0.0,0.0,0.0,0.0,0.0,0.0,0.0,0.0,0.0,0.0,Bad
79.22720184150518,157.0,18.0,62.0,12.0,0.0,0.0,100.0,41.22913062198694,7.0,8.0,12.349259684385341,0.0,30.264713942575487,3.6402686692572224,0.0,0.0,13.0,57.0,8.0,2.278316935878971,0.0,90.0,1.0,1.0,0.0,0.0,0.0,0.0,0.0,0.0,0.0,0.0,0.0,Bad
64.0,216.0,2.0,80.73336357786575,18.0,5.0,1.0,60.0,42.0,6.0,4.0,24.865558532396516,2.0,45.02816119297629,0.0,3.0624204543883957,3.0,40.0,58.0,1.0,4.0,1.0,60.0,0.0,0.0,0.0,0.0,0.0,0.0,0.0,0.0,0.0,0.0,0.0,Good
79.0,200.82606542204627,9.0,75.33771695786822,28.0,0.0,0.015555217247706532,100.0,36.12552742291243,7.0,8.0,28.0,2.0,36.0,0.0,1.0,1.0,2.0,66.63380601006801,3.0,3.0,0.0,43.0,1.0,0.0,0.0,0.0,0.0,0.0,0.0,0.0,0.0,0.0,0.0,Good
81.54166411382998,150.0,7.0,68.0,19.0,0.0,-0.02609010660463107,100.0,42.52936427391003,7.0,8.0,19.0,1.0,58.0,3.7675127219156415,0.018880092517804502,0.0,19.0,70.79623390684108,2.0,6.0,0.0,80.0,1.0,0.0,0.0,0.0,1.0,0.0,0.0,0.0,0.0,0.0,0.0,Good
83.0,127.0,4.0,60.0,18.0,0.0,0.0,100.0,49.23083204107152,7.0,8.0,20.276983984519035,5.0,58.48416900138762,3.0,1.0,1.0,8.0,81.0,1.0,3.0,-0.909706300195801,83.0,1.0,0.0,0.0,0.0,0.0,0.0,0.0,0.0,0.0,1.0,0.0,Good
65.0,125.0,5.0,54.0,28.0,1.4573609736697926,1.0,85.32489509724724,6.0,4.0,4.0,31.0,2.0,58.0,0.0,0.0,0.0,51.0,62.0,4.0,5.0,1.1956867662038309,75.0,0.0,0.0,0.0,0.0,0.0,0.0,0.0,0.0,0.0,0.0,0.0,Bad
60.0,23.267957276728254,3.0,5.0,5.0,0.0,0.0,100.0,29.227304145418998,7.0,8.0,5.0,5.0,37.03893677075664,0.0,7.0,7.0,36.0,79.90867336906352,2.0,1.0,1.0,80.0,1.0,0.0,0.0,0.0,0.0,0.0,1.0,0.0,0.0,0.0,0.0,Bad
88.0,272.1169497543744,4.0,93.0,52.0,0.0,0.0,100.0,45.69928367740556,7.0,8.0,55.0,2.2400592429336674,28.963588613421596,6.0,0.0,-0.01734537546091347,3.0,71.0,3.0,1.0,0.0,36.0,1.0,0.0,0.0,0.0,0.0,0.0,0.0,0.0,0.0,0.0,0.0,Good
63.0,203.0,2.9548263024333075,78.0,40.0,0.0,0.017646084336139484,98.0,63.0,6.0,6.0,42.0,4.0,55.0,-0.45546011620525206,5.0,4.8412188873453665,80.0,88.0,3.0,4.0,2.3507694755735997,70.0,0.0,1.0,0.0,0.0,0.0,0.0,0.0,0.0,0.0,0.0,0.0,Bad
74.0,390.0,1.8180770261178338,98.0,34.72792524796067,0.0,0.0,100.0,29.387575197201784,6.389254827136188,8.0,38.0,5.0,27.85785709033832,0.0,4.0,3.0,22.0,64.0,4.0,2.912708353435479,1.1595052791129197,33.0,1.0,0.0,0.0,0.0,0.0,0.0,0.0,0.0,0.0,0.0,0.0,Good
75.32131649434322,340.0,4.0,80.0,52.0,0.0,0.0,96.0,10.0,4.0,6.0,54.606420951056805,2.0,13.0,6.0,0.048912928729801984,0.0,2.0,63.94316881953124,2.0,1.0,0.0,12.0,0.0,0.0,0.0,0.0,0.0,0.0,1.0,0.0,0.0,0.0,0.0,Bad
79.0,252.0,10.0,99.0,26.0,1.0,1.0,87.90066115169338,38.0,5.082112364047709,3.0,28.0,1.0,43.0,10.0,0.0,0.0,2.0,15.0,3.0,2.0,0.0,56.0,0.0,0.0,0.0,0.0,0.0,0.0,0.0,0.0,0.0,0.0,0.0,Good
81.0,210.38507323340554,6.0,78.0,25.0,0.0,0.0,96.0,24.0,6.0,6.0,26.0,1.8623156779854453,42.0,0.0,1.066185610378094,1.0,0.0,67.0,1.0,3.0,0.0,40.0,0.0,0.0,0.0,0.0,0.0,0.0,0.0,0.0,0.0,0.0,0.0,Good
66.0,178.0,1.0,44.0,13.0,0.0,0.0,94.0,21.0,5.202583957609924,6.0,16.242336061783437,6.0,40.84254071074849,1.9287154699952436,1.0,0.9802071972550034,40.0,77.4159619806441,4.0,3.0,1.0,80.0,0.0,1.0,0.0,0.0,0.0,0.0,0.0,0.0,0.0,0.0,0.0,Good
68.68030577913751,139.0,5.0,67.0,19.0,1.0,0.0,81.98617837046245,19.0,6.0,5.0,23.0,2.0,57.0,5.0,0.0,0.0,39.0,66.0,2.0,3.0,0.0,100.0,0.0,0.0,0.0,0.0,0.0,0.0,0.0,0.0,0.0,0.0,0.0,Good
69.0,169.0839155075979,8.20823851246153,60.0,25.631815842730536,0.0,0.0,100.0,39.25010785951022,7.0,8.0,30.0,1.0,30.0,0.0,1.0,1.0,71.0,68.0,7.0,4.0,4.0,100.0,1.0,0.0,0.0,0.0,0.0,0.0,0.0,0.0,0.0,0.0,0.0,Good
76.0,231.0,9.0,88.36779505502717,27.0,0.0,-0.12470562579390916,97.0,22.0,5.436363312678893,6.0,28.696411125931572,3.0,33.0,1.0,1.0,1.0,48.0,75.0,4.0,3.0,0.0,78.0,0.0,0.0,0.0,0.0,0.0,0.0,0.0,0.0,0.0,0.0,0.0,Good
57.0,469.0,7.0,117.0,31.0,0.0,0.0,84.0,2.0,4.0,6.0,34.62287768472733,1.0,33.662024465500814,2.9974141276289674,0.035142184663357605,0.0,33.0,65.0,7.0,3.2591235708512003,3.0,73.0,0.0,0.0,0.0,0.0,1.0,0.0,0.0,0.0,0.0,0.0,0.0,Bad
88.0,190.0,2.0,60.0,16.0,0.0,0.0,100.0,48.809225289172275,7.0,8.0,17.0,3.0,41.0,6.0,0.0,0.0,6.0,76.0,1.0,2.0,0.0,33.0,1.0,0.0,0.0,0.0,0.0,0.0,0.0,0.0,0.0,0.0,0.0,Good
76.5472735000805,90.1966601228916,4.924234392162582,18.0,6.0,1.0,1.0,97.77784549419107,42.819641915510516,7.0,8.0,20.0,4.0,0.0,1.7251975814158258,2.0,2.0036512189093716,8.0,70.9598198174731,2.0,0.23537239331575233,0.0,50.0,1.0,1.0,0.0,0.0,0.0,0.0,1.0,0.0,1.0,0.0,0.0,Good
55.0,116.0,2.0,51.0,21.0,2.0,0.0,83.0,64.0,6.0,5.0,24.0,3.0,54.0,1.0,1.2158600737111445,1.1800795540314069,81.0,83.22499210128453,7.0,2.0,3.1503608216007515,82.0,0.0,0.0,0.0,0.0,0.0,0.0,0.0,0.0,0.0,0.0,0.0,Bad
71.0,201.0,5.0,71.0,34.0,0.0,0.0,100.0,34.64338237594782,6.507369245895225,8.0,37.0,3.0,38.60063900542822,0.0,2.0,2.0,49.0,72.85411337517463,6.0,3.0,1.0,82.0,1.0,0.0,0.0,0.0,0.0,0.0,0.0,0.0,0.0,0.0,0.0,Bad
72.0,113.0,18.0,65.72545391217277,25.0,0.0,0.0,96.0,29.71977544262623,5.0,7.0,25.0,1.7759926260366772,48.0,0.0,2.0,2.0,52.0,62.91721919319602,4.0,4.0,1.0,73.0,1.0,0.0,0.0,0.0,0.0,0.0,0.0,0.0,0.0,0.0,0.0,Bad
61.0,104.0,3.0,50.0,37.0,0.0,0.0,93.35872016185127,20.0,6.0,6.0,37.124493417290594,2.0,38.0,0.377860649710855,4.0,4.0,52.0,74.6132332848098,6.0,5.0,3.0,65.0,0.0,1.0,0.0,0.0,0.0,0.0,0.0,0.0,0.0,0.0,0.0,Bad
83.0,181.02720367736973,0.0,61.0,24.0,0.0,0.0,100.0,42.99753973221118,7.026380448287426,8.0,27.0,2.0,35.452463573882675,0.0,2.0595693969711837,2.0,2.0,76.0,2.0,2.0,0.0,50.0,1.0,0.0,0.0,0.0,0.0,0.0,0.0,0.0,0.0,0.0,0.0,Good
64.0,150.0,2.0,45.0,14.390405999191811,1.0,1.003230315818512,86.0,3.0,0.0,2.0,14.0,4.0,21.0,0.0,2.0,2.0,9.0,72.00798797281305,4.0,1.0,-0.06711961517264431,56.0,0.0,0.0,0.0,0.0,0.0,0.0,1.0,0.0,0.0,1.0,0.0,Bad
74.0,99.0,2.0,47.0,15.0,0.0,-0.2560420547884969,81.0,17.0,6.0,6.0,16.0,2.0,50.0,3.0686925873001942,0.0,0.0,0.0,75.0,0.0,2.0,-0.6299127578131833,33.0,0.0,1.0,0.0,0.0,0.0,0.0,0.0,0.0,0.0,0.0,0.0,Good
58.0,8.0,2.0,4.0,1.0,0.0,0.0,101.51529434132405,42.00668571783618,7.0,8.0,3.0,3.0,0.0,0.0,46.0,44.557726478907995,70.0,75.64235489612373,3.0,0.3647657787619125,1.623915635533106,100.0,1.0,0.0,0.0,0.0,0.0,0.0,1.0,0.0,1.0,0.0,0.0,Bad
69.0,177.2691259924619,4.448656899327414,65.90790733228404,29.0,0.0,0.0,100.0,30.3336934479442,6.260454655705869,8.0,29.0,1.0,42.802371994034154,4.0,2.0,2.0,48.0,91.0,5.0,3.41965218549544,3.0,80.0,1.0,0.0,0.0,0.0,0.0,0.0,0.0,0.0,0.0,0.0,0.0,Bad
74.0,82.20597924406121,2.0,26.0,10.905315720503289,0.0,0.0,100.0,42.4508235988703,7.0,8.0,8.0,4.0,38.0,0.0,3.0835775374877734,3.0,36.0,78.65670235270987,2.0,1.421398224911758,1.0,60.0,1.0,0.0,0.0,0.0,0.0,0.0,1.0,0.0,0.0,0.0,0.0,Bad
56.0,106.0,2.0,31.0,40.0,0.0,0.0,100.0,28.956079504877778,7.0,8.0,41.0,10.0,46.0,-5.018594279680778,11.0,11.0,57.0,86.0,14.0,6.0,3.0,87.0,1.0,1.0,0.0,0.0,0.0,0.0,0.0,0.0,0.0,0.0,0.0,Bad
60.12453938358058,101.0,4.0,29.0,17.291928159273574,0.0,0.0,92.0,2.0,4.197727517667719,6.0,19.440636710583945,3.0,38.0,0.0,1.1789178601516912,1.1453803777892029,43.0,83.0,5.0,3.0,2.0,100.0,0.0,0.0,0.0,0.0,0.0,0.0,0.0,0.0,0.0,0.0,0.0,Bad
49.48362141607997,211.0,1.0,41.0,33.0,1.0,1.0,97.0,53.0,6.0,2.0,31.0,14.0,11.0,2.0,3.0,3.0,66.0,91.0,24.0,3.0,9.0,84.0,0.0,0.0,0.0,0.0,0.0,0.0,0.0,0.0,0.0,0.0,0.0,Bad
68.0,198.3735890650175,10.0,89.0,27.03455726855296,0.0,0.0,96.0,62.0,6.0,6.0,27.0,1.0,27.0,-4.101202806724167,12.0,12.0,24.0,68.07500138717793,4.0,3.0,1.3136025858479088,54.0,0.0,1.0,0.0,0.0,0.0,0.0,0.0,0.0,0.0,0.0,0.0,Good
81.0,339.0,3.0,101.38293802617268,23.0,0.0,0.0,100.0,43.16511713337684,7.0,8.0,25.753533937895615,2.0,43.48683060394538,0.0,0.0,0.0034217031962266165,33.0,63.0,4.0,4.0,1.0,80.0,1.0,0.0,0.0,0.0,0.0,0.0,0.0,0.0,0.0,0.0,0.0,Good
58.0,256.15169668780203,20.0,122.0,6.0,3.0,2.0,68.39281825297252,2.0,2.6980222807918155,3.0,13.0,0.0,62.0,2.5619223918841665,0.0,0.012292989435882362,11.0,60.0,3.0,2.0,0.14825366865390932,83.0,0.0,1.0,0.0,0.0,0.0,0.0,0.0,0.0,0.0,0.0,0.0,Good
66.0,164.0,8.281053561044633,66.0,19.0,1.0,0.0,95.0,19.0,6.0,5.0,21.0,1.0,19.0,0.0,0.0,0.0,65.0,65.1468252054901,3.0,1.0,1.0,33.0,0.0,0.0,0.0,0.0,0.0,0.0,1.0,0.0,0.0,0.0,0.0,Bad
79.0,166.0,6.0,91.0,24.0,0.0,0.0,96.0,13.0,6.0,6.0,15.0,1.0,17.0,4.283142319320138,0.0,0.0,24.0,62.264673424353894,4.0,2.0,0.0,46.0,0.0,0.0,0.0,0.0,1.0,0.0,1.0,0.0,0.0,0.0,0.0,Bad
66.0,123.0,5.0,67.90727660370258,38.0,0.0,0.0,97.0,9.0,4.0,6.0,26.0,1.0,34.478155679672916,0.0,4.0,3.0,38.0,61.0,5.0,3.0,1.0,53.0,0.0,0.0,0.0,0.0,0.0,0.0,0.0,0.0,0.0,0.0,0.0,Bad
61.45220273363661,229.0,1.0,89.3503948868534,42.0,2.0,0.0,87.0,10.0,4.653822055242227,5.0,48.0,2.0,30.0,2.3938439676400747,2.0,1.923166623194375,42.0,37.0,9.0,2.0,5.0,50.0,0.0,1.0,0.0,0.0,0.0,0.0,0.0,0.0,0.0,0.0,0.0,Bad
54.0,27.0,9.0,19.0,8.0,1.0,1.0,100.0,32.05228136155705,7.0,8.0,8.0,2.0,100.0,-0.019193273526199484,2.0,1.0,103.7336503269091,82.81789219194103,2.4815659095258633,2.270913867796401,2.6305182476430926,117.50365506140231,1.0,1.0,0.0,0.0,0.0,1.0,1.0,1.0,1.0,1.0,1.0,Bad
80.0,189.2595739959773,13.449731111085882,78.36049260027686,22.0,0.0,0.0,98.88732333500944,39.43742500184402,7.0,8.0,23.760715941339118,1.0,68.0,6.0,0.0,0.0,7.0,66.04743110240904,2.0,1.0,0.0,75.0,1.0,0.0,0.0,0.0,0.0,0.0,1.0,0.0,0.0,0.0,0.0,Good
84.0,122.0652861380461,6.0,62.0,23.0,0.0,0.0,100.0,46.48015038223116,7.0,8.0,0.0,2.7512865497489676,9.0,0.0,6.0,6.0,0.0,98.0,0.0,2.0,0.0,29.0,1.0,0.0,1.0,0.0,0.0,0.0,0.0,0.0,0.0,0.0,0.0,Good
75.0,187.0,16.413064407066123,95.0,22.0,0.06813539571751903,0.0,100.0,38.619123204832164,7.0,8.0,24.0,2.0,50.0,3.533161458316139,0.0,-0.028881210652032807,46.0,54.0,3.0,3.0,1.313581978788445,67.0,1.0,0.0,0.0,0.0,1.0,0.0,0.0,0.0,0.0,0.0,0.0,Good
71.0,251.7416102895404,20.024006786698347,97.0,39.0,0.0,0.0,100.0,22.341046008662573,5.945264874291299,8.0,39.0,1.0,10.0,0.0,0.0,-0.024159637957453656,29.0,2.0,7.0,2.0,2.0,37.0,1.0,0.0,0.0,0.0,0.0,0.0,0.0,0.0,0.0,0.0,0.0,Bad
58.0,22.0,2.0,5.749038523927005,4.0,0.0,0.0,100.0,33.17499096945116,7.0,8.0,6.0,5.0,53.67892597903284,0.09645166297044039,2.0499687983612187,2.0,101.0,83.91508472366638,1.0,3.114743734356663,1.0,100.0,1.0,1.0,0.0,0.0,0.0,0.0,0.0,0.0,0.0,0.0,0.0,Bad
77.0,141.98904910896906,8.0,44.0,14.0,0.0,-0.0638686537974052,93.0,56.0,6.0,6.0,28.0,2.0,30.034013751823302,1.0,1.0,0.9731552729674059,5.0,71.02358252576502,4.0,1.0,0.0,71.0,0.0,0.0,0.0,0.0,0.0,0.0,1.0,0.0,0.0,0.0,0.0,Bad
56.0,160.42791175062936,9.0,80.0,19.0,4.0,1.0,71.0,1.0,3.53238165777483,4.0,0.0,2.0,31.254131434326847,15.0,0.045368683313677535,0.0,46.0,50.0,6.0,2.8590096512585936,2.0,73.0,0.0,0.0,1.0,0.0,0.0,0.0,0.0,0.0,0.0,0.0,0.0,Good
78.0,152.0,9.0,56.0,14.0,0.0,0.0,87.0,31.325380088758237,6.0,6.0,15.0,1.0,47.772259330653924,0.0,0.0,0.0,3.0,54.0,2.0,5.0,0.0,64.0,0.0,0.0,0.0,1.0,0.0,0.0,0.0,0.0,0.0,0.0,0.0,Bad
74.0,198.0,4.0,53.0,11.0,1.6532860648932108,1.0,83.20382448945767,62.0,5.8335092380710725,2.0,12.0,2.5947274555079565,33.0,4.0,2.0,2.0,3.0,73.60732717606076,2.0,1.0,0.0,43.0,0.0,0.0,0.0,0.0,0.0,0.0,1.0,0.0,0.0,0.0,0.0,Good
84.13487954096317,250.78259655264156,68.0,143.0,7.2595844254440856,0.0,0.0,100.0,50.26008653308344,6.896630724040988,8.0,8.0,0.0,0.0,0.0,0.0,-0.011734796759865593,20.0,12.053479756167683,4.0,0.17837465553004034,0.5023477487333246,80.0,1.0,0.0,0.0,0.0,0.0,0.0,1.0,0.0,1.0,0.0,0.0,Bad
82.0,191.66141552776145,9.0,78.62759547694414,16.0,0.0,0.0,100.0,46.575365630971646,7.0,8.0,17.0,1.0,24.0,2.0,2.0525767605647145,2.0,23.0,87.0,2.0,2.0,1.0,67.0,1.0,0.0,0.0,0.0,0.0,0.0,0.0,0.0,0.0,0.0,0.0,Good
71.0,334.95023552282055,9.0,124.82693156697341,63.0,1.559523654511092,1.0,84.0,4.0,4.0,3.0,64.0,2.0,24.181374166555557,0.0,2.0,2.0,5.0,59.55640373504647,7.0,2.0,0.0,37.0,0.0,0.0,0.0,0.0,0.0,0.0,0.0,0.0,0.0,0.0,0.0,Good
54.0,203.0,4.0,78.0,47.0,5.0,5.0,90.0,6.0,0.0,2.0,49.0,2.0,76.0,0.0,3.0,3.0,56.0,90.0,5.0,14.0,0.0,86.0,0.0,0.0,0.0,0.0,0.0,0.0,0.0,0.0,0.0,0.0,0.0,Bad
75.0,173.68631950328123,4.0,68.0,42.0,0.0,0.0,100.0,36.87868208702693,7.0,8.0,22.0,3.059804897829151,14.0,0.0,1.0,1.0,11.0,79.0,10.0,2.0,2.0619295759798724,48.0,1.0,0.0,0.0,0.0,0.0,0.0,0.0,0.0,0.0,0.0,0.0,Good
54.0,146.646726703963,13.0,59.70397041478377,17.0,1.0,1.0,89.0,4.0,2.0,4.0,19.189411797766784,2.1343575567105404,40.20545690625471,0.0,4.0,4.0,65.0,53.0,4.0,2.821403026452203,2.0,75.0,0.0,0.0,0.0,0.0,0.0,0.0,0.0,0.0,0.0,0.0,0.0,Bad
88.0,258.0,11.0,99.1397800352165,15.0,0.0,0.0,100.0,44.05127170728872,7.0,8.0,15.0,1.0,20.0,19.0,0.0,0.0,1.0,56.96780260533124,1.0,1.0,0.0,29.0,1.0,0.0,0.0,0.0,0.0,0.0,1.0,0.0,0.0,0.0,0.0,Good
64.0,252.0,29.0,127.0,3.0,1.0,1.0,100.0,24.327058377727553,5.445280426851416,8.0,3.0,0.0,100.0,2.965981589261618,0.0,0.0,71.99750811081046,4.0,0.7951091800170611,1.0,1.5324633646724601,100.0,1.0,0.0,0.0,0.0,1.0,1.0,0.0,1.0,0.0,1.0,0.0,Bad
58.19207516949863,97.0,14.0,76.0,18.0,0.0,0.0,78.0,2.0,4.0,6.0,7.0,0.0,33.0,3.2949816624409443,0.0,0.0,97.0,10.0,2.0,2.833114960066318,1.9558785211166794,100.0,0.0,0.0,0.0,0.0,1.0,0.0,0.0,0.0,0.0,0.0,0.0,Bad
61.0,122.0,15.0,52.0,15.0,0.0,0.0,72.0,3.0,4.182741731102926,6.0,18.0,0.0,61.0,0.0,0.0,0.0,52.0,60.0,3.0,2.0,0.95248360292296,100.0,0.0,0.0,0.0,0.0,0.0,0.0,0.0,0.0,0.0,0.0,0.0,Bad
91.0,362.0,19.856150993374655,139.0,12.0,0.0,0.0020143886409274003,100.0,49.485462374715866,7.0,8.0,13.05241247118868,0.0,8.0,0.0,0.0,0.0,1.0,48.626871770592416,4.0,1.0,0.0,50.0,1.0,0.0,0.0,0.0,0.0,0.0,1.0,0.0,0.0,0.0,0.0,Good
82.0,190.9194293530781,7.971919420857766,70.0,24.0,0.0,0.0,100.0,53.643290798478574,7.679328204420672,8.0,29.0,1.6560851247394868,66.0,0.0,0.0,0.0,64.0,73.50360408120244,2.0,3.6730986059191313,0.0,83.0,1.0,0.0,0.0,0.0,0.0,0.0,0.0,0.0,0.0,0.0,0.0,Good
57.0,260.0,10.0,136.0,13.54699190195049,3.0,3.0,82.0,2.0,0.0,2.0,11.0,1.0,31.473908803657512,0.0,1.0613181046501512,1.0,34.0,59.80820151924925,1.0,1.0,0.5802625154942471,50.0,0.0,0.0,0.0,0.0,0.0,0.0,1.0,0.0,0.0,0.0,0.0,Bad
84.0,239.0,17.01664969342521,132.0,10.0,0.24045346943186985,0.0,91.0,30.0,5.467720096451579,5.0,11.0,3.0,36.0,5.0,1.0,1.0,11.0,54.8376099318364,2.0,1.5207005903819888,0.0,80.0,0.0,0.0,0.0,0.0,0.0,0.0,1.0,0.0,0.0,0.0,0.0,Bad
75.0,351.0,8.0,124.4639298677822,30.0,0.0,0.0,90.0,1.0,4.0,6.0,32.40021957910355,1.0,7.0,3.950016856385355,1.0,1.0,9.0,55.552715627001426,7.0,1.2297267228631439,0.0,57.0,0.0,1.0,0.0,0.0,0.0,0.0,1.0,0.0,1.0,0.0,0.0,Good
84.0,276.0,18.0,80.0,15.0,0.0,0.0,100.25087022581269,43.59889035312668,7.0,8.0,15.0,1.1542063856177789,33.0,17.0,0.003184294392499898,0.0,12.0,55.36073019660577,3.0,2.0,0.0,56.0,1.0,0.0,0.0,0.0,0.0,0.0,1.0,0.0,0.0,0.0,0.0,Good
84.25885828186794,165.0,15.298207706279593,90.0,16.0,0.0,0.0,100.0,44.07670839809532,7.0,8.0,16.0,1.0,31.0,0.0,2.0,2.0,0.0,59.98293127695883,1.0,1.1751247400057934,0.0,50.0,1.0,0.0,0.0,0.0,0.0,0.0,1.0,0.0,0.0,0.0,0.0,Good
82.74917577592618,166.0,13.530296631241665,96.0,19.0,0.009899555718146935,0.0,100.0,42.81282297446583,6.752872332625775,8.0,19.0,1.0,32.0,9.0,0.0,-0.010150897925717883,10.0,66.0,4.0,2.0,0.27174832046665376,75.0,1.0,0.0,0.0,0.0,0.0,0.0,0.0,0.0,0.0,0.0,0.0,Bad
62.0,132.0,11.0,69.0,27.0,0.0,0.0,96.0,52.0,6.062185208203572,6.0,27.0,1.0,41.0,0.0,2.0,2.0,66.0,83.0,4.0,3.0,2.0,88.0,0.0,0.0,0.0,0.0,0.0,0.0,0.0,0.0,0.0,0.0,0.0,Bad
83.0,226.0,35.0,88.0,12.0,0.0,0.0,100.0,46.31476913007995,7.0,8.0,13.0,0.0,42.0,3.5136802422745723,1.0432832012429862,1.0,26.0,45.307667496625136,2.0,1.491832782205889,0.0,75.0,1.0,1.0,0.0,0.0,0.0,0.0,1.0,0.0,0.0,0.0,0.0,Good
72.0,180.6767186201759,9.0,61.0,23.0,0.04751376041747335,0.0,101.13369799618383,37.63901342115051,7.0,8.0,24.0,8.0,21.0,8.0,1.0,0.0,23.0,69.3165524595488,4.0,2.0,2.0,50.0,1.0,0.0,1.0,0.0,0.0,0.0,1.0,0.0,0.0,0.0,0.0,Bad
81.0,126.0,9.0,78.0,15.942399538289258,0.0,0.0,100.0,40.04215997224418,7.0,8.0,18.0,1.0,83.0,0.0,0.09358284363944083,0.0,0.0,64.0,1.0,3.0,-0.6234273318908983,80.0,1.0,0.0,0.0,0.0,0.0,0.0,0.0,0.0,0.0,1.0,0.0,Good
76.0,98.0,9.0,58.0,15.0,0.0,0.0,69.0,6.0,4.0,6.0,16.0,1.0,44.0,0.0,1.0,1.0,2.0,64.48979176444911,2.0,3.0,1.0,75.0,0.0,0.0,0.0,0.0,0.0,0.0,1.0,0.0,0.0,0.0,0.0,Bad
79.1647907266863,81.0,10.0,43.0,14.0,0.0,0.0,100.0,45.23106792211257,7.0,8.0,14.0,1.7750483239884232,43.0,19.0,0.0,0.0,17.0,87.0,6.0,2.0,0.0,100.0,1.0,0.0,0.0,0.0,0.0,0.0,0.0,0.0,0.0,0.0,0.0,Good
62.0,254.0,20.0,69.0,11.0,5.0,4.0,72.6744723297432,24.0,6.0,2.0,21.0,0.0,42.94048781247834,2.8246009674457633,0.0,0.0,40.0,44.0,5.0,2.0,2.0,100.0,0.0,0.0,0.0,0.0,1.0,0.0,0.0,0.0,0.0,0.0,0.0,Bad
74.0,338.0,17.0,130.65356650337668,17.0,0.0,0.0,53.0,4.0,4.0,6.0,20.0,0.0,12.518750225338195,0.0,1.0,1.0,6.0,46.74080137061445,3.0,0.19704376666380963,0.0,43.0,0.0,0.0,0.0,0.0,0.0,0.0,1.0,0.0,1.0,0.0,0.0,Bad
80.0,268.0,9.0,113.0,42.0,0.0,0.0,100.0,35.96646273605086,7.0,8.0,42.0,1.0,19.0,12.0,0.0,0.0,12.0,60.09784528863073,6.0,1.0,1.0,42.0,1.0,0.0,0.0,0.0,0.0,0.0,1.0,0.0,0.0,0.0,0.0,Good
59.0,94.0,4.0,33.0,31.0,0.26946758324346876,0.14909982798370697,94.0,11.0,4.0,6.0,31.0,3.1012350017689343,29.0,2.404072865017277,0.0,0.0,48.0,96.0,10.0,3.0,2.8074277494818376,76.0,0.0,1.0,0.0,0.0,0.0,0.0,0.0,0.0,0.0,0.0,0.0,Bad
61.0,76.0,8.0,27.0,8.0,1.0,1.0,100.0,1.4066641956846553,0.0,8.0,9.0,3.0,25.0,0.0,2.0,2.0,74.0,70.21563309749565,2.0,2.0,1.0,67.0,1.0,0.0,0.0,0.0,0.0,0.0,0.0,0.0,0.0,0.0,0.0,Bad
73.0,153.9165304466629,3.0,53.0,27.569393958592876,0.0,0.012392586228504837,103.23667663104214,37.0050306252092,7.0,8.0,26.0,4.0,48.86444277236848,0.0,6.0,5.0,25.0,76.70591498131785,4.0,6.0,0.8646325112332667,71.0,1.0,0.0,0.0,0.0,0.0,0.0,0.0,0.0,0.0,0.0,0.0,Bad
82.0,354.0,1.0,67.0,13.0,-0.06474169282242093,0.0,100.0,43.439123632878534,7.058701206691006,8.0,15.0,3.0,13.0,1.0,1.0413303989657174,1.0,14.0,70.17863902999909,2.0,1.0,0.0,43.0,1.0,0.0,0.0,0.0,0.0,0.0,1.0,0.0,0.0,0.0,0.0,Bad
82.0,258.0,8.0,118.0,22.0,1.0,0.0,90.92152020769205,78.0,7.456598361325962,5.0,23.0,2.0,43.0,3.6286978800787835,0.0,0.0,39.0,68.82006903077836,2.0,2.0,0.0,57.0,0.0,1.0,0.0,0.0,0.0,0.0,0.0,0.0,0.0,0.0,0.0,Good
87.0,171.0,6.0,75.83352722817209,42.272175741961576,0.0,0.0,100.0,46.00414573575401,7.286993001398276,8.0,57.0,2.0,39.0,6.0,0.0,0.0,5.0,68.96186062266617,2.0,2.0,0.0,31.0,1.0,0.0,0.0,0.0,0.0,0.0,1.0,0.0,0.0,0.0,0.0,Good
82.0,185.28369653217615,5.0,68.0,16.84023091182449,0.0,0.0,87.0,19.0,5.367682772707009,6.0,15.0,1.23894798906647,23.70512247667584,4.1958992943043345,0.0,-0.05007793838774777,5.0,64.78548460178098,3.0,1.0,0.0,40.0,0.0,0.0,0.0,0.0,1.0,0.0,1.0,0.0,0.0,0.0,0.0,Good
65.0,259.0,5.0,91.0,18.0,0.0,-0.0011351187581999655,100.0,35.91502771221133,7.0,8.0,20.177566842462287,1.7124464122769063,11.0,0.0,1.0,1.0,89.0,68.35429871505441,7.0,0.8580689521785678,5.0,80.0,1.0,0.0,0.0,0.0,0.0,0.0,1.0,0.0,1.0,0.0,0.0,Bad
68.0,164.0,12.0,78.0,48.0,1.0,1.0,94.0,6.0,4.0,6.0,50.0,0.0,29.0,0.0,2.0820056118687926,2.0,67.0,56.0,4.0,3.959288296677528,1.827288776282425,74.0,0.0,0.0,0.0,0.0,0.0,0.0,0.0,0.0,0.0,0.0,0.0,Bad
70.0,163.0,2.317642069222945,65.0,37.0,0.0,0.0,97.0,6.0,4.6070773850777655,6.0,39.0,3.5999608414329396,36.0,1.0,10.0,10.0,5.0,53.0,4.0,2.0,0.0,47.0,0.0,0.0,0.0,0.0,0.0,0.0,0.0,0.0,0.0,0.0,0.0,Bad
76.0,197.57109584916833,3.0,62.0,31.0,1.0,0.6535886242670556,91.0,13.0,6.0,3.0,33.82332067888562,5.0,36.0,0.0,0.0,0.0,9.0,71.55261578134466,4.0,1.0,0.0,36.0,0.0,0.0,0.0,0.0,0.0,0.0,1.0,0.0,0.0,0.0,0.0,Bad
82.0,186.00809357992196,21.0,87.45666793487209,10.0,0.0,0.0,100.0,44.55466212452603,7.0,8.0,10.0,0.0,10.0,0.0,1.0,1.0,13.0,52.97373932632636,1.0,0.5791728559057681,0.0,67.0,1.0,0.0,0.0,0.0,0.0,0.0,1.0,0.0,0.0,0.0,0.0,Bad
61.38093894658937,156.0,2.0,60.0,22.0,0.23672250529437955,0.0,91.0,16.0,6.0,6.0,23.506222513007746,3.0,38.406594416195205,2.0,3.0,3.0,74.0,91.0,7.0,3.0,1.0,91.0,0.0,0.0,0.0,0.0,0.0,0.0,0.0,0.0,0.0,0.0,0.0,Good
80.0,200.0,4.0,77.0,25.0,0.0,0.0,100.0,41.30120178015471,7.0,8.0,25.0,2.0,29.05800091244184,2.0,3.0,3.0,13.0,70.02662481272992,3.0,1.0,0.0,57.0,1.0,0.0,0.0,0.0,0.0,0.0,1.0,0.0,0.0,0.0,0.0,Good
67.0,144.0,9.0,60.0,17.940203931388055,0.021379909813903808,0.0,95.0,6.0,4.0,6.0,20.0,3.0,45.56397295107166,0.0,3.0,2.8816416361881516,70.0,91.0,3.0,2.0,2.0,83.0,0.0,0.0,0.0,0.0,0.0,0.0,0.0,0.0,0.0,0.0,0.0,Bad
76.0,157.0,4.0,81.0,19.0,0.15498540040239206,0.14952124630950275,100.0,37.29230230090744,7.0,8.0,18.9864191659808,1.0,26.0,2.8971740661128,1.0380175004873988,1.0,33.0,69.07941154532733,3.0,1.0,1.0,56.0,1.0,1.0,0.0,0.0,0.0,0.0,1.0,0.0,0.0,0.0,0.0,Bad
68.0,115.0,12.0,59.0,15.0,0.0,0.0,93.0,4.0,4.0,6.0,15.0,0.0,53.0,0.0,4.106327336986334,4.0,39.0,22.0,2.0,2.0,0.0,67.0,0.0,0.0,0.0,0.0,0.0,0.0,0.0,0.0,0.0,0.0,0.0,Bad
64.0,345.0,3.0,109.0,31.0,2.0,1.0,83.13091751802304,59.0,6.0,2.0,36.0,3.0,42.0,0.0,3.0,3.0,51.0,78.0,6.0,1.0,3.0,64.0,0.0,0.0,0.0,0.0,0.0,0.0,0.0,0.0,0.0,0.0,0.0,Good
54.0,25.0,13.0,16.577638836971886,3.0,2.0,2.0,100.0,12.067121469700353,4.710461673565895,8.0,4.0,2.4427416582609243,33.0,0.0,2.0,1.9067528892287637,33.0,68.84327346462621,1.0,1.0,0.8090969516218289,67.0,1.0,0.0,0.0,0.0,0.0,0.0,1.0,0.0,0.0,1.0,0.0,Bad
85.0,195.82932466601932,7.0,77.99225964182963,11.0,-0.012170285999642871,0.0,100.0,44.83238960086837,7.0,8.0,11.0,1.0,32.77050342245442,0.0,0.0,0.0,6.0,67.07914171823934,2.0,2.0,0.0,50.0,1.0,0.0,0.0,0.0,0.0,0.0,0.0,0.0,0.0,0.0,0.0,Good
60.0,192.52508427746932,8.507407456116724,87.0,17.744669563912502,0.0,0.0,93.0,2.0,4.0,6.0,0.0,3.0,7.0,0.0,2.0,2.0,40.0,63.52319942928083,14.0,1.0,4.0,94.0,0.0,0.0,1.0,0.0,0.0,0.0,1.0,0.0,0.0,0.0,0.0,Bad
61.0,185.0,5.0,83.6595449408549,34.0,0.06566154183252948,0.0,94.0,7.0,4.0,6.0,15.0,2.0,26.0,15.0,0.0,0.0,57.0,83.0,16.0,2.0,3.0,95.0,0.0,0.0,0.0,0.0,0.0,0.0,0.0,0.0,0.0,0.0,0.0,Good
81.0,307.7852011047006,7.529125964128955,123.0,28.0,0.0,0.0,100.0,40.82665721131639,7.0,8.0,29.0,1.0,31.0,3.0,1.0,1.0,22.0,91.0,8.0,2.441724069801529,0.0,63.0,1.0,0.0,0.0,0.0,0.0,0.0,0.0,0.0,0.0,0.0,0.0,Good
75.0,305.0,2.0,106.12679378443106,38.0,2.0,1.0,89.55864950474799,39.0,5.707202318719983,5.0,40.0,3.0,20.0,0.0,4.0,3.8526938256486387,26.0,69.53361709092701,5.0,1.0,0.9330363341621535,50.0,0.0,0.0,0.0,0.0,0.0,0.0,1.0,0.0,0.0,0.0,0.0,Bad
81.0,300.0,12.2269717504233,100.81618306123424,18.0,0.0,0.0,100.0,39.78807204736319,7.0,8.0,19.41422976041661,1.5522528010760062,19.33099296697656,2.0,1.0,0.952720755028173,17.0,59.3828447331218,3.0,1.0,1.0,31.0,1.0,0.0,0.0,0.0,0.0,0.0,1.0,0.0,0.0,0.0,0.0,Good
89.0,222.0,8.015771881032475,89.98207218572163,16.0,0.0,0.0,100.0,53.63361451775407,7.0,8.0,16.0,1.0,44.0,7.0,0.0,0.0,6.0,90.0,1.0,2.0,0.0,100.0,1.0,0.0,0.0,0.0,0.0,0.0,0.0,0.0,0.0,0.0,0.0,Good
84.0,357.1891264635359,71.0,199.0,8.0,0.0,0.0,88.0,65.0,6.0,6.0,9.1051612779532,0.0,13.0,0.0,0.0,0.0,0.0,7.638387413958611,0.0,-0.3003926632066528,-0.5879055746831874,50.0,0.0,0.0,0.0,0.0,0.0,0.0,1.0,0.0,1.0,1.0,0.0,Good
72.0,189.0,11.0,91.0,45.0,1.0,1.0,91.63399478547913,8.0,4.0,6.0,54.0,2.134775207144605,58.0,2.0,3.0,2.888217345354872,0.0,36.0,1.0,3.0,0.0,33.0,0.0,0.0,0.0,0.0,0.0,0.0,0.0,0.0,0.0,0.0,0.0,Good
86.0,248.0,21.0,108.08859165663505,22.0,0.0,-0.0008303164881082459,100.0,41.95338484766762,7.0,8.0,23.543851629314844,0.0,54.0,4.3039319614399805,0.0,0.0,4.0,55.229797919859536,3.0,1.8337391100642084,0.2425744478936398,50.0,1.0,1.0,0.0,0.0,0.0,0.0,1.0,0.0,1.0,0.0,0.0,Good
83.0,113.0,25.0,62.0,15.0,0.0,0.0,100.0,48.3406573127761,7.0,8.0,15.0,0.0,40.0,0.0,0.0,-0.027479580262884162,35.0,52.0,3.0,3.0,0.8424246659672949,60.0,1.0,0.0,0.0,0.0,0.0,0.0,0.0,0.0,0.0,0.0,0.0,Bad
54.0,266.0,6.2538424601708975,99.0,54.0,0.30892598001173077,0.0,96.0,11.0,4.0,6.0,56.0,2.0,30.534140044333057,2.0,3.0,2.903736592614939,58.0,67.0,12.0,6.0,3.0,69.0,0.0,0.0,0.0,0.0,0.0,0.0,0.0,0.0,0.0,0.0,0.0,Bad
71.03185486970753,335.0,2.0,97.0,13.0,2.0,1.0,78.42783498117817,7.0,4.0,4.0,17.0,1.7910160271552131,35.0,2.4163379220080388,2.0,1.9407371180322432,0.0,70.0,1.0,2.305006612436212,0.0,43.0,0.0,1.0,0.0,0.0,0.0,0.0,0.0,0.0,0.0,0.0,0.0,Good
67.0,45.0,5.0,19.0,10.0,1.8008843765755564,2.0,100.0,43.11285689634039,6.0,8.0,13.151921457096913,3.0,62.96698283216614,0.0,1.0,0.9231171112606678,83.0,95.0,2.0,3.0,1.4771749277574673,100.0,1.0,0.0,0.0,0.0,0.0,0.0,0.0,0.0,0.0,1.0,0.0,Bad
81.7398367991366,295.0,15.179142194146921,99.0,19.63276468003482,0.0,0.0,100.0,42.98096559892332,7.0,8.0,22.60766066818069,1.5134855915796441,41.174523790584175,0.0,1.1760674626668852,1.0805059201425031,3.0,60.91326605154349,5.0,2.0,0.3300150599660441,78.0,1.0,0.0,0.0,0.0,0.0,0.0,1.0,0.0,0.0,1.0,0.0,Good
62.0,97.07750611917996,9.0,42.0,10.0,2.0,1.0,83.0,5.0,3.0,5.0,4.240644051774945,2.0,33.0,1.0,1.0,1.0,14.0,90.0,4.0,2.3255931207997733,1.0,63.0,0.0,0.0,1.0,0.0,0.0,0.0,0.0,0.0,0.0,0.0,0.0,Bad
70.0,98.0,3.0,43.0,17.0,0.0,0.0,100.0,35.0595163496763,7.0,8.0,18.368716358035456,2.0,35.0,2.0,3.0,3.0,36.0,74.7836438714991,2.0,1.828006877742388,1.0,75.0,1.0,0.0,0.0,0.0,0.0,0.0,1.0,0.0,0.0,0.0,0.0,Good
80.0,297.0,8.0,82.0,21.222578230663537,-0.02759710055764364,0.0,100.0,38.886232389530676,7.0,8.0,23.483402153675936,1.0,29.931004408573195,0.0,0.040844081880943864,0.0,18.0,11.0,5.0,2.0,0.7683384881386375,70.0,1.0,0.0,0.0,0.0,0.0,0.0,0.0,0.0,0.0,0.0,0.0,Good
84.0,80.0,13.0,74.0,24.0,0.0,0.0,100.0,45.35016184703454,7.0,8.0,22.388416235617758,0.0,21.0,1.0,2.071532152639172,2.0,14.0,61.92753581784248,2.0,1.0089976887480716,0.0,43.0,1.0,0.0,0.0,0.0,0.0,0.0,1.0,0.0,0.0,0.0,0.0,Good
84.0,227.19426419299018,3.0,87.0,21.284780833222694,0.0,0.0,95.0,39.69102428981006,6.0,6.0,22.0,1.0,41.0,0.0,0.0,-0.03187054622582411,8.0,70.2494959413195,2.0,1.0,0.0,43.0,0.0,0.0,0.0,1.0,0.0,0.0,1.0,0.0,0.0,0.0,0.0,Good
77.0,250.5077052594222,0.5749627401838318,89.30935686343865,37.0,0.0,0.0,95.0,16.0,6.0,6.0,38.257711147661766,2.659641671495936,30.0,2.9901221781496274,2.0,2.0,13.0,82.0,4.0,3.298264619357398,0.0,47.0,0.0,1.0,0.0,0.0,0.0,0.0,0.0,0.0,0.0,0.0,0.0,Good
63.0,161.0,5.0,57.544248835247586,41.60906934121205,0.07957811858368391,0.0,100.0,32.541858005923245,7.0,8.0,39.0,6.0,18.0,0.0,1.0,1.0,41.0,74.79229576303041,20.0,2.0,2.0,96.0,1.0,0.0,0.0,0.0,0.0,0.0,0.0,0.0,0.0,0.0,0.0,Bad
60.0,204.0,2.0,60.846690440771695,27.0,0.0,0.0,88.33115777489878,0.0,4.0,6.0,31.0,4.0,35.0,0.0,1.0,1.0,57.0,96.0,5.0,4.0,2.0,64.0,0.0,0.0,0.0,0.0,0.0,0.0,0.0,0.0,0.0,0.0,0.0,Good
79.0,236.32231504349903,13.0,97.03759612428185,23.33798330893674,0.0728678263727982,0.0,96.0,21.0,6.0,6.0,24.0,0.0,25.0,2.0,2.0,2.0,6.0,57.10469081674708,1.0,1.0,0.0,25.0,0.0,0.0,0.0,0.0,0.0,0.0,1.0,0.0,0.0,0.0,0.0,Good
73.0,167.0,5.0,50.0,28.0,0.0,0.0,100.0,34.482981896637796,7.0,8.0,29.13205046067466,5.0,34.0,0.0,1.0,1.0,21.0,93.0,2.0,7.0,1.0,47.0,1.0,0.0,0.0,0.0,0.0,0.0,0.0,0.0,0.0,0.0,0.0,Good
72.0,168.99930967606952,21.0,75.0,14.463774148172938,1.0,0.0,94.0,13.0,6.0,5.0,16.0,0.0,33.79651766710029,0.0,0.055007645068420874,0.0,30.0,54.819118132317996,5.0,1.0,1.0,86.0,0.0,0.0,0.0,0.0,0.0,0.0,1.0,0.0,0.0,0.0,0.0,Bad
73.00011140467235,60.0,4.0,25.0,16.0,0.0,0.0,100.0,38.99326988498396,6.698002336807797,8.0,16.800603598887367,2.0,56.0,9.0,0.0,0.013199610970783232,46.0,85.0,5.0,5.0,0.0,100.0,1.0,0.0,0.0,0.0,0.0,0.0,0.0,0.0,0.0,0.0,0.0,Bad
90.0,240.0,20.0,123.0,19.0,0.0,0.0,100.20388140495557,49.24824578222888,7.0,8.0,18.317310860585515,0.0,19.0,4.889121291980022,0.0,-0.043056689141113436,3.0,51.13935587291103,2.0,1.0,0.0,50.0,1.0,0.0,0.0,0.0,1.0,0.0,1.0,0.0,0.0,0.0,0.0,Good
83.0,160.0,12.0,83.0,24.9970837671428,1.0,0.0,96.0,24.0,6.0,5.0,26.0,0.0,19.0,0.0,0.0,-0.03779925506797066,1.0,19.0,4.0,2.0,0.0,46.0,0.0,0.0,0.0,0.0,0.0,0.0,0.0,0.0,0.0,0.0,0.0,Bad
65.0,53.85732633833098,-0.02729476762775107,13.0,5.0,0.0,0.0,100.0,28.495371433529442,6.228767177773405,8.0,7.0,4.0,57.0,0.7625155142956417,2.0,2.0,54.0,88.0,2.0,2.0,0.0,80.0,1.0,1.0,1.0,0.0,0.0,0.0,0.0,0.0,0.0,0.0,0.0,Bad
79.36556964353144,186.01357505227736,13.0,77.0,16.0,0.0,0.04011956485064225,100.0,40.65960157187615,7.0,8.0,16.0,0.0,19.0,0.0,2.0,2.0,37.0,60.59078019201309,1.0,1.3612020885390397,0.0,33.0,1.0,0.0,0.0,0.0,0.0,0.0,0.0,0.0,0.0,0.0,0.0,Bad
73.0,208.0,22.0,81.0,28.0,0.19146969783047751,0.0,90.0,20.0,6.0,6.0,29.0,0.0,28.0,1.0,1.0,1.0,19.0,76.0,3.0,2.0,0.0,38.0,0.0,0.0,0.0,0.0,0.0,0.0,0.0,0.0,0.0,0.0,0.0,Good
83.0,183.92501717361333,12.0,83.56237455806676,16.962070759056864,0.33186001536230547,0.0,85.0,75.0,6.0,6.0,13.0,1.4811865207747692,46.0,5.0,0.0,-0.03247782210164632,2.0,67.35488382878245,1.0,2.708602610301633,0.0,67.0,0.0,0.0,1.0,0.0,0.0,0.0,0.0,0.0,0.0,0.0,0.0,Good
75.0,255.0,7.554197037491527,102.0,30.0,0.0,0.0,97.0,22.0,6.0,6.0,39.0,2.0,23.0,3.911339150747217,0.0,0.0,31.0,72.0,9.0,2.4887304945138,2.1440653524111806,57.0,0.0,0.0,0.0,0.0,1.0,0.0,0.0,0.0,0.0,0.0,0.0,Good
86.0,360.0,9.0,125.0,20.94379757709464,-0.008077856044241827,0.0,100.0,43.82558390080885,6.894074869723418,8.0,20.0,1.0,15.0,4.626059514801565,0.027086963155118306,0.0,11.0,58.84945413949559,4.0,2.0,0.0,55.0,1.0,0.0,0.0,0.0,1.0,0.0,0.0,0.0,0.0,0.0,0.0,Good
85.0,294.1342413999737,3.0,100.0,33.2990853161801,0.08541364091151982,0.0,100.0,44.24316614765982,7.0,8.0,46.0,3.0,21.108491730046758,4.421354039399306,0.0,0.0,3.0,67.80477631185406,4.0,1.8094147858021215,1.0,50.0,1.0,0.0,0.0,0.0,1.0,0.0,1.0,0.0,1.0,0.0,0.0,Good
80.0,188.0,6.758684847488162,71.0,29.66070836165886,0.0,0.0,102.58787603918897,40.355290040139465,6.991694881281012,8.0,36.0,2.0,39.0,0.0,7.0,7.0,15.0,69.38908840999085,1.0,1.0,0.3717970393737413,25.0,1.0,0.0,0.0,0.0,0.0,0.0,1.0,0.0,0.0,0.0,0.0,Good
91.0,290.0,7.0,108.0,21.0,0.061520527083596566,0.0,100.0,52.852562974713436,7.502360593663999,8.0,43.0,1.0,14.0,4.290972426627539,0.9215978764443556,0.883149740522049,3.0,61.78567087331131,3.0,1.0,0.0,50.0,1.0,0.0,0.0,0.0,1.0,0.0,1.0,0.0,0.0,0.0,0.0,Good
68.0,143.0,2.0,60.30987430627711,36.0,3.0,2.1284669327682315,89.14564261048017,36.0,6.0,4.0,40.81123796768749,7.0,48.028321004552694,0.7216471805814959,4.0,4.0,42.0,77.0,4.0,3.0,1.0,88.0,0.0,1.0,0.0,0.0,0.0,0.0,0.0,0.0,0.0,0.0,0.0,Bad
81.0,501.53347397861285,38.94687504415808,240.0,13.0,0.0,0.0,100.0,40.27216968123574,7.0,8.0,13.0,1.0,8.0,11.0,0.0,0.0,55.0,25.96349270950769,3.0,-0.18808435783176886,1.0,50.0,1.0,0.0,0.0,0.0,0.0,0.0,1.0,0.0,1.0,0.0,0.0,Good
66.0,187.0,-2.3063286819445885,38.0,21.63449345147603,0.27007869148363595,0.0,95.0,62.0,6.0,5.0,22.0,5.0,36.0,0.0,4.0,4.0,46.0,79.0,6.0,4.0,1.0,92.0,0.0,0.0,0.0,0.0,0.0,0.0,0.0,0.0,0.0,0.0,0.0,Bad
77.0,155.0,13.0,70.0,13.0,0.0,0.0,93.0,13.0,6.0,6.0,14.0,0.0,64.0,14.0,0.08389649257220014,0.0,0.0,61.08272180301673,0.0,1.0,-0.6214782716888911,50.0,0.0,0.0,0.0,0.0,0.0,0.0,1.0,0.0,0.0,1.0,0.0,Bad
57.09095812545311,109.0,9.0,59.0,31.0,1.0,0.8652244542754189,94.0,2.0,4.0,2.0,33.0,2.2397438775952807,38.0,0.0,3.0,3.0,62.0,69.0177778327884,8.0,1.0,3.0,82.0,0.0,0.0,0.0,0.0,0.0,0.0,1.0,0.0,0.0,0.0,0.0,Bad
84.49520883437327,267.3984818113051,3.0,115.0,18.40009659254982,1.0,0.7904523712950087,93.0,69.0,6.0,3.0,14.0,2.0,14.0,0.0,1.0,1.0,3.0,94.0,1.0,2.0,0.0,33.0,0.0,0.0,0.0,0.0,0.0,0.0,0.0,0.0,0.0,0.0,0.0,Bad
71.0,139.0,13.0,65.99223930725144,6.6308693398444785,1.0,0.0,80.0,8.0,4.311441949146074,5.0,5.0,1.3484666105910366,60.0,0.0,1.0,1.0,0.0,93.0,0.0,2.6209788821399695,-1.0178408935370862,67.0,0.0,0.0,0.0,0.0,0.0,0.0,0.0,0.0,0.0,1.0,0.0,Bad
61.0,74.0,14.0,59.0,20.0,2.0,2.0,90.0,16.0,4.186847722988071,6.0,23.0,0.0,5.0,0.0,0.04838562986698425,0.0,19.0,59.74823729283855,4.0,0.37678202519693493,1.0,31.0,0.0,0.0,0.0,0.0,0.0,0.0,1.0,0.0,0.0,0.0,0.0,Bad
79.0,204.38650250750226,2.0,70.0,30.0,0.0,0.0,100.0,34.64623687055584,7.0,8.0,32.0,2.0,39.0,2.0,1.0,0.9981049504363324,6.0,84.0,2.0,10.0,0.07034713224444356,60.0,1.0,0.0,0.0,0.0,0.0,0.0,0.0,0.0,0.0,0.0,0.0,Good
62.26359313699915,120.0,8.0,63.0,5.0,1.0,0.0,80.0,18.0,6.0,5.0,10.0,1.0,74.56064735987762,0.0,5.0,5.0,59.625615127463334,71.97709041603309,1.1919178797830536,1.3515508774921126,0.7702582648566567,100.0,0.0,0.0,0.0,0.0,0.0,1.0,1.0,1.0,0.0,1.0,0.0,Bad
88.0,205.283608725158,23.947772217433872,89.0,21.0,0.0,0.0,101.60488471489953,45.43152597697099,7.189717415017525,8.0,21.0,0.0,48.0,5.0146937509395855,0.0,0.0,3.0,0.0,2.0,2.0,0.0,57.0,1.0,1.0,0.0,0.0,0.0,0.0,0.0,0.0,0.0,0.0,0.0,Good
61.0,122.0,3.0,53.0,39.0,0.0,0.0,92.4814027433915,1.0,4.0,6.0,43.0,4.0,65.0,0.0,3.0,2.910561180677462,53.0,82.0,5.0,7.0,1.0,81.0,0.0,0.0,0.0,0.0,0.0,0.0,0.0,0.0,0.0,0.0,0.0,Good
79.0,161.0,8.0,83.0,17.0,0.025777371425264928,0.0,100.0,42.70973905138936,7.0,8.0,17.623027289857344,2.0,42.0,0.0,1.0,0.9695237280654879,13.0,69.19545925269838,5.0,1.9913959377841945,1.0,86.0,1.0,0.0,0.0,0.0,0.0,0.0,1.0,0.0,0.0,0.0,0.0,Good
65.0,176.0,5.0,72.0,12.0,2.0,2.0,79.0,10.0,4.0,3.0,14.714786481926648,0.9701135649976038,36.0,20.0,0.0,0.0,58.0,64.7803494898594,5.0,1.0,1.7432168453548509,60.0,0.0,0.0,0.0,0.0,0.0,0.0,1.0,0.0,0.0,0.0,0.0,Good
84.0,331.833920842563,25.0,154.0,17.039613708545502,0.0,0.0,100.0,41.16697328074147,7.0,8.0,15.0,0.0,36.0,4.4719206547512815,0.0,0.0,13.0,46.710061727966945,2.0,1.0,1.0,50.0,1.0,0.0,0.0,0.0,1.0,0.0,1.0,0.0,0.0,0.0,0.0,Good
59.0,170.285401142809,10.0,72.21418131217654,11.0,1.0616668539035592,1.0,91.0,3.0,4.0,6.0,11.0,1.0,35.16052382568344,0.0,3.0,3.0,105.0,65.32016673409103,4.0,1.0,2.810277620796194,83.0,0.0,0.0,0.0,0.0,0.0,0.0,1.0,0.0,0.0,0.0,0.0,Bad
74.0,225.0,2.0,71.0,26.0,0.0,-0.04412334930253939,100.0,38.76466765684523,7.0,8.0,32.0,2.996463968764372,50.0,1.527752859223447,3.0,2.9279431513379346,40.0,77.0,8.0,5.0,1.0,100.0,1.0,1.0,0.0,0.0,0.0,0.0,0.0,0.0,0.0,0.0,0.0,Bad
79.0,81.0,5.054931162968483,46.0,24.0,0.0,0.0,101.83893326848113,41.33488358607926,7.0,8.0,24.0,2.7390846729773983,25.0,1.2276665958775772,4.0,4.0,13.0,71.88688099775915,2.0,1.0,0.0,43.0,1.0,1.0,0.0,0.0,0.0,0.0,1.0,0.0,0.0,0.0,0.0,Good
78.0,284.0,3.0,81.0,30.0,0.0,0.0,100.0,38.532942044979194,6.0,8.0,32.0,3.0,50.0,0.0,1.0,1.0,43.0,24.0,6.0,2.0,1.2793476793192977,89.0,1.0,0.0,0.0,0.0,0.0,0.0,0.0,0.0,0.0,0.0,0.0,Good
58.0,163.0,6.0,101.0,20.0,3.0,1.0,76.17005759276651,16.0,6.0,5.0,24.0,2.0,29.0,2.0,4.0,4.0,86.0,66.37740689760363,5.0,1.4201280803937766,2.0,67.0,0.0,0.0,0.0,0.0,0.0,0.0,1.0,0.0,1.0,0.0,0.0,Bad
63.09396467132788,220.0,2.0,70.0,26.764526618378145,0.0,0.0,97.0,4.0,4.0,6.0,30.0,2.0,47.0,0.0,0.0,0.0,55.0,73.13541097552844,4.0,3.0,3.0,70.0,0.0,0.0,0.0,0.0,0.0,0.0,0.0,0.0,0.0,0.0,0.0,Bad
76.0,188.0,7.0,56.0,24.0,-0.05714062206271908,-0.024976662371276437,100.0,39.7773078736204,7.0,8.0,24.0,1.0,42.0,13.0,0.0,-0.021256637946979254,47.0,69.07335404937166,5.0,1.0,1.8920713316250581,55.0,1.0,0.0,0.0,0.0,0.0,0.0,1.0,0.0,0.0,0.0,0.0,Good
59.0,128.68182836275676,0.0,62.76514504945547,2.0,5.0,3.325548936477245,50.0,4.0,4.0,5.0,0.0,1.0,75.0,1.9064382958759007,0.0,0.0,20.0,75.66657231004926,1.0,1.0,-0.7329418094962166,100.0,0.0,1.0,1.0,0.0,0.0,0.0,1.0,0.0,0.0,0.0,0.0,Bad
74.0,158.0,8.0,88.0,37.0,0.0,0.0,94.33039023378208,24.0,6.0,6.0,4.0,1.0,42.0,0.0,2.0,2.0,37.0,67.62190489911569,3.0,4.0,1.0,78.0,0.0,0.0,0.0,0.0,0.0,0.0,0.0,0.0,0.0,0.0,0.0,Bad
74.43583291991936,322.0,5.0,81.0,42.0,0.0,-0.07203179699266368,98.0,65.0,6.0,6.0,42.0,5.0,19.0,0.0,4.0,4.0,14.0,77.0,11.0,4.0,3.0,50.0,0.0,0.0,0.0,0.0,0.0,0.0,0.0,0.0,0.0,0.0,0.0,Bad
58.0,92.0,7.0,32.483761770301186,11.0,0.0,0.0,92.0,50.0,6.0,6.0,11.991728270079594,1.0,58.0,0.0,1.0,0.9702635745769344,70.0,78.0,2.0,3.0,1.0,83.0,0.0,0.0,0.0,0.0,0.0,0.0,0.0,0.0,0.0,0.0,0.0,Bad
63.0,192.0,2.0,145.0,12.0,2.0,1.0,88.0,5.0,2.0,4.0,25.0,1.0,44.0,2.7388081256143884,1.0440587915558501,1.0285535462355688,56.0,66.66445819192495,5.0,3.0,1.0,89.0,0.0,1.0,0.0,0.0,0.0,0.0,0.0,0.0,0.0,0.0,0.0,Bad
73.0,214.0,16.0,97.0,27.0,0.0,0.0,96.0,46.0,6.0,6.0,17.0,0.0,18.0,0.0,4.0,4.0,35.0,59.01243138535542,6.0,2.0,1.749705593488334,60.0,0.0,0.0,0.0,0.0,0.0,0.0,0.0,0.0,0.0,0.0,0.0,Bad
83.74061665084461,313.0,4.104727554943434,103.0,25.0,0.0,0.0,100.0,42.60993849159638,6.774677599463654,8.0,26.803361991876354,1.9484824421381952,24.0,11.0,0.0,0.004825268892412193,10.0,92.0,4.0,3.0,0.0,70.0,1.0,0.0,0.0,0.0,0.0,0.0,0.0,0.0,0.0,0.0,0.0,Good
78.8335358818799,139.0,3.289388471461624,43.0,15.417020630150777,0.0,0.0,100.0,41.68869322659009,7.0,8.0,14.0,2.529019158252939,40.154432033036315,1.0,2.0,2.0,8.0,74.72457533936559,3.0,2.8418498232176086,-0.04491274247827182,71.0,1.0,0.0,0.0,0.0,0.0,0.0,0.0,0.0,0.0,0.0,0.0,Bad
68.0,126.0,6.0,50.0,18.0,0.0,0.0,94.0,51.0,6.0,6.0,9.0,3.0,44.0,0.0,3.094804771508101,3.0,41.0,68.0,4.0,3.0667977577037067,1.0,79.0,0.0,0.0,0.0,0.0,0.0,0.0,0.0,0.0,0.0,0.0,0.0,Good
64.0,139.0,3.0,40.0,23.0,0.0,0.0,100.0,33.639269708783814,7.0,8.0,23.0,4.0,43.0,0.0,0.03732148291832675,0.0,73.0,73.0,5.0,5.0,2.2861636265812155,91.0,1.0,0.0,0.0,0.0,0.0,0.0,0.0,0.0,0.0,0.0,0.0,Bad
70.6689695113207,301.0,17.0,132.0,13.0,0.0,0.0,93.0,4.0,4.321177095266015,6.0,14.0,0.0,36.0,0.0,0.0,0.0,46.0,52.77297202707877,2.0,1.0,1.0,60.0,0.0,0.0,0.0,0.0,0.0,0.0,1.0,0.0,0.0,0.0,0.0,Good
67.72361201318542,162.0,12.805378387063424,58.0,14.021615773560836,0.9528815173953449,1.0,100.0,34.32670163579681,6.0,8.0,13.0,2.0,46.0,0.0,2.0,2.0,73.0,42.0,4.0,3.0,1.0,88.0,1.0,0.0,0.0,0.0,0.0,0.0,0.0,0.0,0.0,0.0,0.0,Bad
67.0,171.0,7.0,64.08496632341645,23.0,-0.015712415350799258,-0.031842569871910587,100.0,36.65676271398635,6.729341987468331,8.0,23.0,4.0,13.0,1.9157913397509527,1.0435565774502789,1.0,65.0,92.0,12.0,2.0,3.704095225766496,79.0,1.0,1.0,0.0,0.0,0.0,0.0,0.0,0.0,0.0,0.0,0.0,Bad
76.0,160.0,5.0,57.92161897156748,15.0,0.0,0.0,99.79855315315409,45.54562501629101,7.0,8.0,28.0,2.0,47.0,4.0,1.0,1.0,60.0,73.69061649339694,2.0,3.1794848885342386,1.0,100.0,1.0,0.0,0.0,0.0,0.0,0.0,0.0,0.0,0.0,0.0,0.0,Good
91.0,450.0,35.43577101650051,196.0,10.279026029180518,0.0,0.0,95.8831622543394,48.757692192303324,7.0,8.0,12.0,0.0,8.0,5.231701031832673,0.0,0.0,6.0,31.362144847525656,2.0,0.20133183702405089,0.0,67.0,1.0,0.0,0.0,0.0,1.0,0.0,1.0,0.0,1.0,0.0,0.0,Good
69.0,372.0,18.0,147.0,11.0,1.0,0.0,76.37135402013462,1.0,4.0,5.0,13.0,0.0,38.0,0.0,0.0,0.0,23.0,70.0,5.0,3.0,0.0,73.0,0.0,0.0,0.0,0.0,0.0,0.0,0.0,0.0,0.0,0.0,0.0,Bad
59.0,145.0,2.0,52.0,12.0,2.732184834911894,2.0,79.0,15.0,6.0,2.0,16.190940950690266,3.0,36.0,0.0,5.0,4.839821073156216,42.0,88.0,5.0,2.768731940533353,1.0,82.0,0.0,0.0,0.0,0.0,0.0,0.0,0.0,0.0,0.0,0.0,0.0,Bad
66.0,203.0,2.0,64.0,21.0,1.0,0.0,83.0,4.0,4.0,5.0,23.0,2.0,26.0,2.0,1.0,0.9643195259503106,14.0,68.50688326540049,3.0,2.0,0.510280873353192,38.0,0.0,0.0,0.0,0.0,0.0,0.0,1.0,0.0,0.0,0.0,0.0,Good
72.0,204.12159391363843,1.0,60.0,29.0,0.0,0.0,100.0,39.31849401095198,7.0,8.0,48.0,2.0,43.0,1.5220783863467573,3.0,3.0,60.0,85.0,6.0,2.0,2.0,89.0,1.0,1.0,0.0,0.0,0.0,0.0,0.0,0.0,0.0,0.0,0.0,Good
64.0,288.61177331706176,25.0,121.0,33.0,0.0,0.0,88.0,18.0,6.0,6.0,34.0,0.0,22.458142897274463,14.0,0.8820500983994815,0.8155092620726259,52.0,46.14167858249991,12.0,4.0,3.706240784285863,76.0,0.0,0.0,0.0,0.0,0.0,0.0,0.0,0.0,0.0,0.0,0.0,Good
65.0,150.0,5.0,47.0,24.411380159408626,1.0,1.0,84.0,11.0,4.0,3.0,26.39813196765571,2.498471334216368,30.217699793404492,0.0,2.0,2.0,51.0,93.0,7.0,2.0,1.0,69.0,0.0,0.0,0.0,0.0,0.0,0.0,0.0,0.0,0.0,0.0,0.0,Good
72.0,169.2973702205579,1.0,52.0,33.779121309558924,1.0,0.8151059780622038,97.0,28.0,6.0,2.0,37.0,4.0,22.0,0.0,6.0,5.790158779444717,12.0,99.0,6.0,2.0,0.0,42.0,0.0,0.0,0.0,0.0,0.0,0.0,0.0,0.0,0.0,0.0,0.0,Bad
85.0,163.8168266579356,18.0,72.0,8.0,0.0,0.0,100.0,47.88517803704184,7.0,8.0,9.134968089640742,0.0,37.01631343318026,17.0,0.0,-0.020240468524095168,17.0,62.0,2.0,1.0,0.0,75.0,1.0,0.0,0.0,0.0,0.0,0.0,0.0,0.0,0.0,0.0,0.0,Good
65.0,345.0,1.0,110.0,57.0,0.0,0.0,95.0,11.0,4.0,6.0,59.0,3.6386558528150497,28.986495104307444,1.0,1.0673342808638933,1.0,24.0,66.0,6.0,4.0,0.0,33.0,0.0,0.0,0.0,0.0,0.0,0.0,0.0,0.0,0.0,0.0,0.0,Bad
65.0,242.0,-2.7959486916321588,28.0,6.0,2.0,2.0,75.0,13.0,6.0,2.0,7.0,3.0,63.0,1.3051167717902534,2.0,2.0,23.0,79.89732012220563,1.0,3.0,0.0,100.0,0.0,1.0,0.0,0.0,0.0,0.0,0.0,0.0,0.0,0.0,0.0,Bad
69.0,76.8048196138688,2.0,15.0,13.0,0.0,0.0,99.36511531405765,38.64077762116071,7.0,8.0,14.0,8.0,21.0,1.0,5.0,5.0,24.0,76.0,5.0,2.501658908043377,0.0,67.0,1.0,0.0,0.0,0.0,0.0,0.0,0.0,0.0,0.0,0.0,0.0,Good
77.0,138.0,15.75178567387865,105.0,13.0,1.0,1.0,93.0,39.0,6.0,2.0,21.0,2.0,24.68842814278735,2.0,2.0,1.9103944105380828,1.0,57.950784734142744,1.0,0.6851882511507703,0.0,33.0,0.0,0.0,0.0,0.0,0.0,0.0,1.0,0.0,0.0,0.0,0.0,Good
79.0,150.0,5.0,43.0,25.0,0.0,0.0,100.0,41.85293531650234,7.0,8.0,25.0,5.0,42.19259935318476,0.0,0.040369431944907726,0.0,18.0,75.03909915798778,2.0,5.0,0.1462960802481792,47.0,1.0,0.0,0.0,0.0,0.0,0.0,0.0,0.0,0.0,0.0,0.0,Good
59.0,75.0,0.0,50.0,2.0,1.971239210199046,1.0,50.0,39.0,6.0,6.0,5.0,1.0,50.0,0.0,5.12773094866502,5.0,0.0,75.86955610847467,0.0,-0.4086007551866175,0.13545522600261872,0.0,0.0,0.0,0.0,0.0,0.0,0.0,1.0,0.0,1.0,1.0,0.0,Bad
71.0,236.0,1.0,68.55956043126046,18.0,0.0,0.0,100.0,40.96956120080526,7.0,8.0,20.0,2.4904128597405712,60.0,1.0,4.0,3.8806948000183965,84.0,78.03708211756624,3.0,7.0,3.0,91.0,1.0,0.0,0.0,0.0,0.0,0.0,1.0,0.0,0.0,0.0,0.0,Good
82.02692360967518,248.0,2.0,103.0,27.0,0.0,0.0,101.73308714729836,42.7373750399079,7.0,8.0,29.0,3.0,31.0,1.0,2.0,2.0,16.0,70.62371841494588,4.0,1.0,0.0,45.0,1.0,0.0,0.0,0.0,0.0,0.0,1.0,0.0,0.0,0.0,0.0,Good
89.0,344.0,6.0,137.0,20.167131402724465,0.0,0.0,100.0,48.364408424147456,7.0,8.0,20.0,1.0,25.0,0.0,1.0,0.9591150297299519,10.0,62.735137126581606,3.0,2.0,0.0,63.0,1.0,0.0,0.0,0.0,0.0,0.0,1.0,0.0,0.0,0.0,0.0,Good
61.04802759062968,98.0,4.0,60.0,22.91682402494376,0.3164558832378357,0.0,84.7060878825204,3.0,4.0,6.0,25.0,1.0,32.0,7.0,0.0,-0.014811846225195394,75.0,96.0,3.0,2.0,1.0,56.0,0.0,0.0,0.0,0.0,0.0,0.0,0.0,0.0,0.0,0.0,0.0,Bad
64.0,52.24670843547085,5.0,19.0,6.967120423259098,1.0,0.0,86.0,14.0,6.0,5.0,7.0,1.9114016901457145,57.0,0.0,1.0,1.0,51.470994707328856,92.0,2.507736888540403,2.242583694892673,0.6399088526314833,100.0,0.0,0.0,0.0,0.0,0.0,1.0,0.0,1.0,0.0,1.0,0.0,Bad
84.0,199.0,5.0,89.0,20.566619897437302,0.0,0.0,94.0,48.0,6.4748977250155155,6.0,18.0,1.0,22.387874689581402,5.0,1.0,1.0,8.0,66.24386032870805,2.0,1.0,0.0,30.0,0.0,0.0,0.0,0.0,0.0,0.0,1.0,0.0,0.0,0.0,0.0,Good
41.42650279088896,179.0,1.0,72.0,50.0,9.0,6.6573327962496895,69.0,0.0,2.2262168780577243,2.0,62.0,2.609451168975853,53.0,0.9502927338612919,2.0,2.0,92.0,94.0,4.0,5.0,4.0,100.0,0.0,1.0,0.0,0.0,0.0,0.0,0.0,0.0,0.0,0.0,0.0,Bad
57.0,177.0,10.0,71.9729359345762,11.61409730629208,3.0,2.0,71.88795767452734,5.0,1.0,3.0,13.0,1.0,38.0,0.0,4.0,3.880937125116467,8.0,31.0,1.0,3.0,0.0,67.0,0.0,0.0,0.0,0.0,0.0,0.0,0.0,0.0,0.0,0.0,0.0,Bad
58.0,33.0,5.0,18.0,12.0,0.0,-0.0557814455523043,96.94678623934239,31.14515578127012,7.0,8.0,12.0,4.0,50.0,0.0,1.0,0.9760374277280279,96.0,68.0,5.0,5.0,4.0,91.0,1.0,0.0,0.0,0.0,0.0,0.0,0.0,0.0,0.0,0.0,0.0,Bad
57.0,47.0,9.0,35.0,9.12303205344035,1.0,0.0,50.0,16.0,4.78703822518667,5.0,10.0,1.0,30.0,0.0,2.0,2.0,66.0,70.0,2.0,2.0,0.0,57.0,0.0,0.0,0.0,0.0,0.0,0.0,0.0,0.0,0.0,0.0,0.0,Bad
72.0,295.0,0.5759018521630566,84.0,18.0,1.0,0.896252487655001,83.20990267069803,8.0,0.0,2.0,19.0,2.0,53.0,0.0,0.0,-0.011274028802007993,24.0,99.0,2.0,2.0,0.0,57.0,0.0,0.0,0.0,0.0,0.0,0.0,0.0,0.0,0.0,0.0,0.0,Good
55.0,236.0,2.0,92.0,52.0,5.0,3.0,83.0,3.0,3.0,2.0,64.0,4.0,50.63806144357155,3.0,4.0,3.9041839367864695,16.0,94.0,4.0,6.0,0.0,56.0,0.0,0.0,0.0,0.0,0.0,0.0,0.0,0.0,0.0,0.0,0.0,Bad
62.14450617493694,113.33737874877778,5.0,39.0,18.0,0.0,0.0,100.0,36.0471876018467,7.0,8.0,19.143821168477935,1.0,33.0,0.0,3.0,3.0,96.0,75.00721927321334,7.0,4.0,5.0,100.0,1.0,0.0,0.0,0.0,0.0,0.0,0.0,0.0,0.0,0.0,0.0,Bad
83.21512844673784,127.0,11.0,88.0,7.0,0.0,0.0,100.0,46.12608927604404,7.0,8.0,7.0,1.0,43.0,0.0,1.0,1.0,0.0,86.0,2.0,1.0,-0.4709089494748384,75.0,1.0,0.0,0.0,0.0,0.0,0.0,0.0,0.0,0.0,1.0,0.0,Bad
66.0,219.00915954818169,17.870709963737944,97.0,15.0,7.0,7.0,86.0697688360491,37.0,0.0,6.0,20.908180920766622,1.0,48.82512494323946,0.0,0.0,0.0,50.0,63.123199514179774,3.0,2.041665490092408,1.0,100.0,0.0,0.0,0.0,0.0,0.0,0.0,1.0,0.0,0.0,0.0,0.0,Bad
65.69597136659274,39.0,1.0,27.0,12.359966753635717,0.0,0.0,100.0,36.87670009330421,7.0,8.0,13.0,1.0,54.0,0.07882906419004154,4.088048796568197,4.0,94.0,62.0,3.0,1.0,2.0,80.0,1.0,1.0,0.0,0.0,0.0,0.0,0.0,0.0,0.0,0.0,0.0,Good
78.0,244.30399424707304,5.0,92.0,28.0,0.0,0.0,100.0,44.493040971981344,7.0,8.0,29.86654208134415,4.0,57.0,5.0,2.0,1.922663264311647,49.0,79.0,3.0,2.0,2.0,63.0,1.0,0.0,0.0,0.0,0.0,0.0,0.0,0.0,0.0,0.0,0.0,Good
66.0,139.6466154746244,8.600453710725066,63.0,9.0,1.0,0.0,80.0,42.0,6.0,5.0,10.0,1.0,30.0,0.0,1.0843552899262232,1.0331249077143394,74.0,77.0,3.0,1.0,2.0,100.0,0.0,0.0,0.0,0.0,0.0,0.0,0.0,0.0,0.0,0.0,0.0,Bad
62.0,134.0,2.0,29.55603610499451,7.0,0.0,0.0,100.0,27.648396940027595,7.0,8.0,9.24586758157352,6.0,13.0,0.5635722994873844,2.0,2.0,44.0,75.50835682761398,3.0,0.7861458679228197,0.0,57.0,1.0,1.0,0.0,0.0,0.0,0.0,1.0,0.0,0.0,0.0,0.0,Bad
71.97163958175027,224.0,12.0,109.0,29.0,0.0,0.0,94.0,1.0,4.263229805301792,6.0,31.0,0.0,35.0,0.0,1.0,1.0,27.0,57.982555100076944,2.0,1.0,0.0,33.0,0.0,0.0,0.0,0.0,0.0,0.0,1.0,0.0,0.0,0.0,0.0,Good
68.0,267.7774216998581,1.0,96.0,31.0,0.0,-0.06857492999672458,100.0,39.63348594995108,7.0,8.0,33.0,2.0,18.0,1.0,3.0,3.0,81.0,76.0,15.0,2.0,4.782543765903927,95.0,1.0,0.0,0.0,0.0,0.0,0.0,0.0,0.0,0.0,0.0,0.0,Bad
86.0,174.0,3.0,77.0,20.83080804466429,0.0,0.0,95.52682742542368,46.0,6.0,6.0,22.0,1.0,23.0,2.0,2.0,2.0,2.0,99.0,1.0,2.1958554005576065,0.0,50.0,0.0,0.0,0.0,0.0,0.0,0.0,0.0,0.0,0.0,0.0,0.0,Good
60.0,75.0,56.0,69.0,2.0,1.0,0.5632420404447155,75.5000868842326,15.0,6.0,5.0,4.516133780765678,0.0,67.0,0.0,0.0,0.0,80.0,33.127711758951655,1.0,1.0,1.0,100.0,0.0,0.0,0.0,0.0,0.0,0.0,1.0,0.0,0.0,0.0,0.0,Bad
81.0,202.0,5.0,106.0,38.19969368954088,0.0,0.0,95.0,40.0,6.0,6.0,44.0,2.4038078209272835,46.0,1.0,1.0,1.0,0.0,92.0,2.0,3.4593923493067953,-0.0932207670096159,36.0,0.0,0.0,0.0,0.0,0.0,0.0,0.0,0.0,0.0,0.0,0.0,Good
66.0,105.0,6.0,41.0,13.0,0.0,0.0,85.0,3.0,4.413302329681796,6.0,13.0,3.0,54.0,0.0,2.0,2.0,36.0,71.82448584132524,1.0,3.0,0.0,80.0,0.0,0.0,0.0,0.0,0.0,0.0,0.0,0.0,0.0,0.0,0.0,Bad
71.0,206.0,6.0,75.0,11.0,0.0,0.0,91.0,4.0,4.0,6.0,13.906396372460124,3.0,45.0,4.0,1.0,0.9433387318139013,71.0,67.49629923901516,1.0,1.0,0.0,67.0,0.0,0.0,0.0,0.0,0.0,0.0,1.0,0.0,0.0,0.0,0.0,Good
80.6063355357721,167.0,2.0,65.74858193768074,11.0,0.0,0.0,100.0,42.88121665503877,6.9477719549931205,8.0,13.010674817257055,1.8642624808539514,35.595322035204006,2.4121288968158487,2.0,2.0,15.0,72.98089887881655,2.0,1.0,0.0,75.0,1.0,1.0,0.0,0.0,0.0,0.0,1.0,0.0,0.0,0.0,0.0,Good
82.0,176.0,18.0,88.15455645238369,40.0,0.0,0.009372719464823931,100.0,36.13390576040675,7.0,8.0,40.0,0.0,35.0,0.0,0.0,0.0,0.0,57.707525179485145,2.0,2.9899379032702593,1.0,21.0,1.0,0.0,0.0,0.0,0.0,0.0,0.0,0.0,0.0,0.0,0.0,Good
71.37070661517846,288.0,5.0,67.0,32.0,0.0,0.0,97.0,27.357754254337806,5.533970185471303,6.0,34.0,3.0,21.0,0.0,1.0,1.0,25.0,41.0,9.0,2.925372019780861,1.0,65.0,0.0,0.0,0.0,1.0,0.0,0.0,0.0,0.0,0.0,0.0,0.0,Good
78.0,218.0,3.0,73.0,35.0,0.0,0.0,97.0,71.0,7.0558923495448145,6.0,36.0,5.0,29.0,22.0,0.0,-0.011807939071930187,5.0,96.0,3.0,3.109714061461098,2.0,41.0,0.0,0.0,0.0,0.0,0.0,0.0,0.0,0.0,0.0,0.0,0.0,Bad
73.0,183.0,6.0,90.0,19.0,1.0,1.0,93.8456210296504,20.8077458247582,5.559378842778055,8.0,19.0,1.0,32.0,3.6617210584071214,0.0,0.0,6.0,52.0,1.0,2.4348826088271607,0.0,50.0,1.0,1.0,0.0,0.0,0.0,0.0,0.0,0.0,0.0,0.0,0.0,Good
72.94186370592274,322.0,20.0,117.0,29.0,1.0894867570724636,1.0,93.0,9.0,4.0,6.0,30.0,0.0,48.0,3.01370223848421,2.0,1.9054116334249676,21.0,52.43805501887408,2.0,1.0,0.0,25.0,0.0,1.0,0.0,0.0,0.0,0.0,1.0,0.0,0.0,0.0,0.0,Good
82.0,589.0,3.0,213.0,6.0,0.0,0.006641230348124527,100.0,35.8796656332473,6.330342424433432,8.0,9.839870392490923,2.0,17.0,0.0,1.0,1.0,30.0,57.623564721191755,3.0,0.10531019991018842,0.8914619137271727,60.0,1.0,0.0,0.0,0.0,0.0,0.0,1.0,0.0,1.0,0.0,0.0,Good
66.0,367.0,30.0,84.0,31.0,-0.013783832988928157,0.0,97.0,2.0,3.882898144071551,6.0,20.0,0.0,32.0,6.0,0.059448395135299065,0.0,15.0,44.35214914428174,3.0,2.0,0.0,31.0,0.0,0.0,0.0,0.0,0.0,0.0,1.0,0.0,0.0,0.0,0.0,Bad
84.0,454.0,4.0,130.75122042712655,29.0,-0.010744873575648572,0.0,100.0,38.38218953932957,7.0,8.0,30.0,2.0,17.0,1.0,3.0,2.0,8.0,37.0,2.0,1.0,0.0,33.0,1.0,0.0,0.0,0.0,0.0,0.0,0.0,0.0,0.0,0.0,0.0,Good
75.0,46.18555852100593,41.0,41.0,0.37824130423069047,0.0,0.0,100.0,48.19352713092263,7.0,8.0,1.0,-0.018502874638965494,76.38550835416298,5.0,1.0,1.0,49.51350414523357,49.910803223465976,-0.3834935670794164,1.0,0.23622195920646716,100.0,1.0,0.0,0.0,0.0,0.0,1.0,1.0,1.0,0.0,1.0,0.0,Bad
70.85934724356026,182.16527875139923,14.0,77.54235091037508,22.0,1.0,1.0,95.0,19.0,6.0,6.0,23.0,0.0,68.0,0.0,0.0,0.0,28.0,91.0,5.0,4.087698636294985,0.0,100.0,0.0,0.0,0.0,0.0,0.0,0.0,0.0,0.0,0.0,0.0,0.0,Bad
63.0,76.0,9.0,31.0,2.606420815918937,1.0,1.0,85.28465892069971,49.0,5.802495071465011,4.0,5.0,1.0,20.0,0.0,1.0,1.0,84.0,71.428057552658,4.0,0.7362463168435576,3.0,100.0,0.0,0.0,0.0,0.0,0.0,0.0,1.0,0.0,1.0,0.0,0.0,Bad
74.7274466373686,98.0,10.83978154415906,59.81603756118956,21.0,0.0,0.0,99.04709254464638,39.115727237253196,6.754229335494725,8.0,24.0,1.0,13.0,0.0,1.0,1.0,36.0,65.00208243981905,7.0,1.0,1.0,67.0,1.0,0.0,0.0,0.0,0.0,0.0,1.0,0.0,0.0,0.0,0.0,Good
67.0,100.0,3.0,61.0,19.0,0.0,0.0,99.77817966570888,41.769170840464795,7.052039845776833,8.0,21.0,1.0,31.101542403679478,0.0,0.0,-0.01646505067090695,99.0,75.55978303252101,7.0,1.0,5.0,89.0,1.0,0.0,0.0,0.0,0.0,0.0,0.0,0.0,0.0,0.0,0.0,Bad
67.0,427.0,17.0,130.28984556216977,35.0,0.21598285843369558,0.0,94.0,4.0,4.0,6.0,37.0,1.2284773817392773,51.0,17.0,0.0,0.0,45.0,47.0,5.0,6.0,2.0,85.0,0.0,0.0,0.0,0.0,0.0,0.0,0.0,0.0,0.0,0.0,0.0,Bad
81.4128670835031,204.95598908886438,15.0,91.0,8.0,-0.01718792778359335,0.0,100.0,46.883969131377626,7.0,8.0,8.0,0.0,26.368186726387876,22.0,0.0,0.0,36.0,56.58848418147994,5.0,0.9983769156595481,0.9430731363474467,100.0,1.0,0.0,0.0,0.0,0.0,0.0,1.0,0.0,1.0,0.0,0.0,Good
85.0,122.0,5.0,105.0,18.0,0.05300740555846817,0.0,100.66283873076586,47.034673997289616,7.0,8.0,28.0,1.4978662884721174,36.90379497829569,1.871902732025839,4.0,4.0,11.0,68.5611717875531,2.0,1.0,0.0,75.0,1.0,1.0,0.0,0.0,0.0,0.0,1.0,0.0,0.0,0.0,0.0,Bad
89.0,256.0,9.109226195555095,100.0,22.63340388612554,0.0,0.0,100.0,47.10169060321007,7.0,8.0,27.0,2.0,47.0,3.978735958595166,1.0,1.0,0.0,73.0,0.0,3.106919031151413,0.0,57.0,1.0,1.0,0.0,0.0,0.0,0.0,0.0,0.0,0.0,0.0,0.0,Good
87.0,117.0,6.0,67.0,11.0,-0.23352306569510128,-0.17145338056827766,100.0,51.17515984422434,7.0,8.0,11.264863620303307,1.0,8.0,1.0,4.0783799035015695,4.0,3.0,66.51269461500146,3.0,1.0,0.0,67.0,1.0,0.0,0.0,0.0,0.0,0.0,1.0,0.0,0.0,0.0,0.0,Good
62.0,76.0,-6.0871973408932085,28.838610263834482,16.922517206509035,3.0,0.0,83.0,56.0,6.0,5.0,18.0,7.0,44.63287741190359,0.0,2.0,2.0,61.0,92.0,6.0,4.0,1.0,100.0,0.0,0.0,0.0,0.0,0.0,0.0,0.0,0.0,0.0,0.0,0.0,Bad
56.0,99.38488024402628,4.0,25.0,25.820442905932577,0.20396355468656946,0.0,91.0,31.0,6.0,6.0,22.0,8.0,27.0,0.0,2.0,2.0,81.0,91.0,9.0,3.0,3.2689446725816955,71.0,0.0,0.0,0.0,0.0,0.0,0.0,0.0,0.0,0.0,0.0,0.0,Bad
75.0,129.0,18.0,64.0,28.0,0.041036109552442745,0.0,100.86302357394884,39.068036600651794,7.0,8.0,28.0,0.0,44.28098863708371,0.0,0.043873134008829064,0.0,59.0,62.02074186405634,2.0,5.0,1.0,58.0,1.0,0.0,0.0,0.0,0.0,0.0,1.0,0.0,0.0,0.0,0.0,Good
68.1230573977623,130.0,5.0,72.0,16.0,1.0,0.0,89.0,5.0,4.33533654116881,5.0,21.0,1.0,47.0,2.4965554090310156,1.0,1.0,35.0,68.181477895977,3.0,1.4654473151403047,0.0,43.0,0.0,1.0,0.0,0.0,0.0,0.0,1.0,0.0,1.0,0.0,0.0,Bad
65.0,129.0,10.0,64.0,30.0,0.0,0.0,78.0,2.0,4.0,6.0,32.0,3.0,34.0,0.0,1.0,1.0,17.0,99.0,2.0,10.0,0.0,67.0,0.0,0.0,0.0,0.0,0.0,0.0,0.0,0.0,0.0,0.0,0.0,Good
64.59234457040952,174.0,3.147249278946717,61.0,25.643028530404386,0.0,0.0,88.0,10.0,4.0,6.0,26.14206146955413,3.0,12.0,3.129498719787357,0.0,0.0,41.0,68.50409398320738,6.0,2.2672375269873317,1.0,57.0,0.0,1.0,0.0,0.0,0.0,0.0,0.0,0.0,0.0,0.0,0.0,Bad
70.0,222.0,20.0,81.0,32.76073650506703,0.0,-0.01411655744155138,100.0,37.342502617231816,7.0272483554228415,8.0,33.0,0.0,9.0,2.4429276604349597,2.0,2.0,72.0,54.0,10.0,1.9663757653669665,7.0,52.0,1.0,1.0,0.0,0.0,0.0,0.0,0.0,0.0,0.0,0.0,0.0,Bad
90.0,470.0,25.0,159.0,13.0,0.0,0.0,100.0,39.072809530090865,6.460775553213016,8.0,37.0,-0.09839805756772524,62.0,23.0,-0.059205441036158546,0.0,0.0,43.763368648376115,1.0,1.4422917668126107,-0.28179832307243213,50.0,1.0,0.0,0.0,0.0,0.0,0.0,1.0,0.0,1.0,0.0,0.0,Good
66.0,54.0,6.0,38.94703089238658,10.0,1.0,1.0,100.0,36.602000605806296,7.0,8.0,10.831739411162458,1.0,40.979377567749225,1.3784737194770647,2.0,2.0,74.0,57.0,3.0,2.0,1.957376332020314,83.0,1.0,1.0,0.0,0.0,0.0,0.0,0.0,0.0,0.0,0.0,0.0,Bad
63.0,142.0,10.0,78.0,16.0,0.5297000212595866,0.0,76.0,5.0,4.208954401476284,5.0,17.0,2.0,47.0,15.0,0.0,0.0,59.0,51.0,3.0,2.0,2.0,83.0,0.0,0.0,0.0,0.0,0.0,0.0,0.0,0.0,0.0,0.0,0.0,Bad
70.0,148.0,2.0,79.0,19.833849081171277,0.0,0.0,90.0,26.0,5.395556268604864,6.0,21.0,1.0,38.0,1.3782072897561526,3.0,2.896290727061663,38.0,100.0,2.0,2.0,2.0,63.0,0.0,1.0,0.0,0.0,0.0,0.0,0.0,0.0,0.0,0.0,0.0,Bad
78.0,188.0,3.0,72.0,20.0,1.0,1.0,96.0,45.0,5.475805778514248,3.0,24.0,2.821316473540231,43.0,0.0,2.0,2.0,1.0,91.0,1.0,5.0,-0.5612705810708962,43.0,0.0,0.0,0.0,0.0,0.0,0.0,0.0,0.0,0.0,0.0,0.0,Good
75.0,302.0,2.0,107.0,26.21165574078982,0.052791285676771604,0.0,100.0,35.665823115883114,7.0,8.0,27.81704043758092,2.0,24.0,2.0,3.0,3.0,21.0,68.81768153772676,7.0,1.0,1.5841444253545407,67.0,1.0,0.0,0.0,0.0,0.0,0.0,1.0,0.0,0.0,0.0,0.0,Good
66.02057505700297,132.0,1.0,71.0,16.540384835974958,2.0,0.0,81.0,71.0,6.0,5.0,16.0,3.0,31.0,0.0,1.1424585644653222,1.0917150028141231,86.0,79.48799335117361,7.0,1.0,2.800346446519643,80.0,0.0,0.0,0.0,0.0,0.0,0.0,1.0,0.0,0.0,0.0,0.0,Bad
66.19232845225552,195.0,2.0,57.0,26.0,0.0,0.0,101.75067878285597,36.45712984361981,6.685242103023712,8.0,27.0,3.153067987138051,33.0,0.2722636623118091,4.0,3.8803510157111676,72.0,100.0,9.0,2.0,3.0,92.0,1.0,1.0,0.0,0.0,0.0,0.0,0.0,0.0,0.0,0.0,0.0,Bad
67.0,260.0,18.334658134722208,90.0,20.0,0.2377812897917626,0.0,88.0,58.0,5.0,6.0,21.8569678998922,0.0,30.036467799219817,22.0,0.0,0.0,86.0,40.0,5.0,2.0,4.0,70.0,0.0,0.0,0.0,0.0,0.0,0.0,0.0,0.0,0.0,0.0,0.0,Bad
61.0,114.0,4.0,56.0,6.0,1.0,1.0,86.0,3.0,0.0,2.0,7.0,3.0,0.0,0.0,0.004380352389683217,0.0,69.0,68.12517049045452,4.0,0.6048530844562514,1.0,100.0,0.0,0.0,0.0,0.0,0.0,0.0,1.0,0.0,1.0,0.0,0.0,Bad
76.0,316.0,13.435994940070447,101.0,9.0,0.0,0.07553179537334265,100.0,46.48921339107676,7.0,8.0,10.0,1.0,80.0,0.0,1.0,0.9487980422619754,81.0,70.0,1.0,1.0,1.3634483263976227,100.0,1.0,0.0,0.0,0.0,0.0,0.0,0.0,0.0,0.0,0.0,0.0,Bad
77.0,291.0,3.0,116.0,19.77287642220185,0.0,-0.016788720262468942,100.0,41.17506917758428,7.0,8.0,14.0,1.0,36.0,0.0,6.0,5.791917589603088,45.0,68.99338699385281,6.0,3.0,2.0,75.0,1.0,0.0,0.0,0.0,0.0,0.0,0.0,0.0,0.0,0.0,0.0,Bad
71.0,206.0,2.0,78.02690914699092,34.0,0.0,0.0,100.0,43.917634132756916,7.346611569257428,8.0,35.0,1.7609974628374259,34.0,0.0,1.0,1.0,95.0,61.0,5.0,2.0,5.0,70.0,1.0,0.0,0.0,0.0,0.0,0.0,0.0,0.0,0.0,0.0,0.0,Bad
68.0,288.0,3.0,108.0,26.136395385008687,0.29896382723198256,0.0,86.0,2.0,4.035102085749937,6.0,26.992521274811427,2.2400154352018276,10.0,2.0,1.0,1.0,6.0,101.0,4.0,1.0,0.6405957607462947,38.0,0.0,0.0,0.0,0.0,0.0,0.0,0.0,0.0,0.0,0.0,0.0,Good
89.0,242.41634640802278,25.0,110.0,15.583734430208219,-0.05598894655842779,0.0,100.19547048748714,50.664596059662614,7.0,8.0,19.0,0.0,42.0,0.0,1.0,0.9480278165552597,2.0,52.053376501297066,2.0,1.0,0.0,75.0,1.0,0.0,0.0,0.0,0.0,0.0,1.0,0.0,0.0,0.0,0.0,Good
78.14644539940261,192.0,7.6615844020466,77.0,28.0,0.0,0.0,100.0,41.209668947096304,7.0,8.0,28.0,3.0,11.0,3.810699380256781,0.0,0.0,26.0,66.01545923098496,5.0,1.0,1.0,60.0,1.0,1.0,0.0,0.0,0.0,0.0,1.0,0.0,0.0,0.0,0.0,Good
69.0,57.0,2.0,27.0,14.0,0.0,0.0,100.0,38.92946480010053,6.726887416834603,8.0,15.0,5.0,47.0,0.0,0.0,0.0,46.0,81.39934662552177,6.0,2.0,2.0,89.0,1.0,0.0,0.0,0.0,0.0,0.0,0.0,0.0,0.0,0.0,0.0,Bad
71.0,206.0,2.0,63.0,17.0,0.0,-0.09063415772387948,94.0,49.0,6.0,6.0,19.686745605902917,2.0694381495926835,33.0,0.0,4.0,4.0,74.0,27.0,2.0,2.0,2.0,67.0,0.0,0.0,0.0,0.0,0.0,0.0,0.0,0.0,0.0,0.0,0.0,Bad
82.0,182.0,8.0,70.0,25.0,0.0,0.035039977382210846,100.0,40.88884287845934,7.0,8.0,25.249664733370278,1.0,8.0,0.0,2.0,2.0,6.0,64.04219859617763,2.0,1.0,0.0,30.0,1.0,0.0,0.0,0.0,0.0,0.0,1.0,0.0,0.0,0.0,0.0,Bad
80.25338122709732,438.0,4.0,81.0,22.209831843709,0.0,0.0,93.64108530916769,34.83328343149171,6.0,6.0,28.75162927491022,2.0263139215502415,42.0,0.0,0.0,-0.014944774141129602,5.0,69.03832610468547,3.0,1.0,-0.1436585645907309,57.0,0.0,0.0,0.0,1.0,0.0,0.0,1.0,0.0,0.0,0.0,0.0,Bad
77.0,258.0,4.0,103.0,26.0,0.0,0.0,100.0,39.0915366861625,7.0,8.0,26.358386798274136,1.0,35.09732832165534,8.0,0.0,0.0,31.0,89.0,7.0,3.0,1.6882290254589418,83.0,1.0,0.0,0.0,0.0,0.0,0.0,0.0,0.0,0.0,0.0,0.0,Good
78.07013799577183,222.0,4.0,85.0,47.0,0.0,0.0,100.0,38.132042467889136,7.0,8.0,46.73662561459555,2.0,28.0,0.0,0.0,0.0,37.0,59.0,4.0,4.0,0.0,53.0,1.0,0.0,0.0,0.0,0.0,0.0,0.0,0.0,0.0,0.0,0.0,Good
63.0,322.0,9.172235617945454,92.0,13.0,1.0,0.0,80.0,16.0,6.0,5.0,15.0,2.0,13.0,2.2051366327797113,1.0,1.0,72.0,60.69113393242753,4.0,2.0,4.0,55.0,0.0,1.0,0.0,0.0,0.0,0.0,1.0,0.0,0.0,0.0,0.0,Bad
77.89467222371388,55.0,3.0,25.0,9.0,1.0,1.0,97.60826035357175,40.05391277743783,6.692208101696689,8.0,9.0,3.0,24.23852355914274,2.0,1.0,1.0,1.0,74.23911922520773,1.0,0.6200952493664901,0.0,33.0,1.0,0.0,0.0,0.0,0.0,0.0,1.0,0.0,0.0,0.0,0.0,Bad
60.0,16.0,7.0,12.0,2.0,1.0,1.0,100.0,28.905888127818287,5.897004473742316,8.0,3.0,1.0,100.0,0.0,0.03558872815187399,0.0,74.25394145852215,82.75026677275352,-0.07817279332795213,2.0,1.269063764932202,100.0,1.0,0.0,0.0,0.0,0.0,1.0,0.0,1.0,0.0,1.0,0.0,Bad
70.0,396.0,3.0,134.0,32.46523652039154,0.24164681831296697,0.0,92.81232902360844,46.0,6.0,6.0,34.75991319588658,2.0,23.335078890485356,0.7910122904808814,5.0,5.0,59.0,39.0,6.0,2.0,2.0,50.0,0.0,1.0,0.0,0.0,0.0,0.0,0.0,0.0,0.0,0.0,0.0,Bad
62.0,269.0,4.0,100.0,23.0,3.0,2.0,75.0,9.0,6.0,4.0,28.0,1.5672530675055536,29.0,0.0,1.0,1.0,63.0,66.45628376958213,8.0,1.6021303522221317,3.0,73.0,0.0,0.0,0.0,0.0,0.0,0.0,1.0,0.0,1.0,0.0,0.0,Bad
58.0,150.0,4.0,84.0,14.0,6.0,2.0,55.0,45.0,6.0,4.0,19.014531278639076,3.0,10.0,1.5704671846936322,0.0,0.0,24.0,68.96318211317362,4.0,1.0,1.0,50.0,0.0,1.0,0.0,0.0,0.0,0.0,1.0,0.0,0.0,0.0,0.0,Bad
77.0,142.0,4.0,57.37640125615023,33.0,0.0,0.0,100.0,35.51776793172351,7.0,8.0,33.0,2.0,55.0,1.0,2.0,1.9516982204688424,0.0,78.0,2.0,5.0,-0.32155703301396876,78.0,1.0,0.0,0.0,0.0,0.0,0.0,0.0,0.0,0.0,0.0,0.0,Good
66.0,76.0,2.0,42.0,6.0,1.0,1.0,92.41377069740915,28.964253853079185,6.0,8.0,8.0,2.0,38.0,0.0,2.0,2.0,48.0,95.0,2.0,2.0,0.0,80.0,1.0,0.0,0.0,0.0,0.0,0.0,0.0,0.0,0.0,0.0,0.0,Bad
66.0,145.0,1.0,68.0,33.0,0.0,0.0,100.0,39.01162175382976,7.0,8.0,52.0,6.0,47.67727350208982,2.673908749378603,0.0,0.0,91.0,75.0,9.0,7.0,6.0,100.0,1.0,1.0,0.0,0.0,0.0,0.0,0.0,0.0,0.0,0.0,0.0,Bad
73.0,202.37323004189327,6.0,67.0,42.0,0.2100530662622071,0.15836958803671153,100.0,35.62295199475628,6.668839613049906,8.0,47.0,2.0,49.0,0.0,1.0,1.0,50.0,72.94079874141752,4.0,4.157232981081161,1.6435978942698677,69.0,1.0,0.0,0.0,0.0,0.0,0.0,0.0,0.0,0.0,0.0,0.0,Bad
54.0,93.45800057666403,20.0,45.0,13.0,2.0,1.2779194176633255,50.0,5.0,1.0,3.0,15.0,0.0,43.0,0.0,0.0,0.0,33.0,33.0,3.0,2.692164127632964,0.3430801838079556,86.0,0.0,0.0,0.0,0.0,0.0,0.0,0.0,0.0,0.0,0.0,0.0,Good
55.0,206.0,6.0,77.0,30.0,1.0,1.0,91.0,0.0,4.0,2.0,36.0,2.0,23.0,3.0,1.0,1.0,66.0,52.0,5.0,1.0,2.0,100.0,0.0,0.0,0.0,0.0,0.0,0.0,0.0,0.0,0.0,0.0,0.0,Bad
78.0,253.0,0.0,110.0,37.0,0.0,0.0,103.29332926371092,38.580235282407614,7.0,8.0,39.0,3.0,7.821720618360004,1.0,1.0517403374231789,1.0,21.0,52.0,13.0,2.0,0.0,59.0,1.0,0.0,0.0,0.0,0.0,0.0,0.0,0.0,0.0,0.0,0.0,Good
65.0,37.0,5.0,20.0,16.0,0.0,0.0,95.44343637728697,31.298787762764476,7.0,8.0,16.0,2.5432513853726353,44.0,0.0,0.0,0.010379181566585002,58.0,84.0,1.0,2.939884048100495,1.0,71.0,1.0,0.0,0.0,0.0,0.0,0.0,0.0,0.0,0.0,0.0,0.0,Bad
58.0,38.0,3.0,25.595365593419224,14.477542631644006,1.1236797471574904,0.8049484451098025,93.0,15.0,6.0,4.0,16.725505753026894,2.390930184882521,64.0,0.0,1.0,1.0,82.0,91.0,2.0,3.879370449319956,1.0,100.0,0.0,0.0,0.0,0.0,0.0,0.0,0.0,0.0,0.0,0.0,0.0,Bad
60.67512973353175,164.0,7.0,64.0,20.05659789879602,0.0,0.0,86.0,5.0,4.0,6.0,21.0,1.8270493719509737,19.0,0.0,0.046289964633949326,0.0,70.0,52.0,5.0,2.292067477287384,1.0,75.0,0.0,0.0,0.0,0.0,0.0,0.0,0.0,0.0,0.0,0.0,0.0,Good
75.0,294.0,12.0,94.0,34.0144130686279,0.0,0.0,98.0,32.119747166895735,6.0,6.0,40.0,2.4586819337481085,35.0,0.0,2.0,2.0,17.0,63.26487788928632,6.0,2.3197008040154543,0.0,61.0,0.0,0.0,0.0,1.0,0.0,0.0,1.0,0.0,0.0,0.0,0.0,Good
86.0,202.0,12.0,81.0,25.0,0.0,0.05165688999575796,100.0,46.40175521806941,7.134514903604009,8.0,6.0,0.0,28.0,4.834624987963901,0.05462892581481493,0.0,11.0,19.0,3.0,2.0,0.0,63.0,1.0,0.0,0.0,0.0,1.0,0.0,0.0,0.0,0.0,0.0,0.0,Good
55.0,139.0,3.0,65.0,51.0,0.0,-0.12676345895174207,98.0,2.0,4.0,6.0,51.0,3.0,27.0,0.0,11.0,10.599918892146775,80.0,74.01824432032713,17.0,2.0,10.0,79.0,0.0,0.0,0.0,0.0,0.0,0.0,1.0,0.0,0.0,0.0,0.0,Good
67.0,267.24358409300504,0.0,108.0,10.0,0.39843298285189066,0.0,82.15871721970267,8.0,3.0,5.0,12.029985291873892,0.9785018481203185,17.0,0.0,1.0,1.0,60.0,66.77080781242569,5.0,1.0,2.0,75.0,0.0,0.0,0.0,0.0,0.0,0.0,1.0,0.0,0.0,0.0,0.0,Bad
72.0,179.62365881812394,5.0,67.81345540062729,26.0,-0.008477912261348752,0.0,100.0,42.010168324368436,7.0,8.0,26.0,2.0,50.0,0.0,0.0,0.0,78.0,74.92867676274764,4.0,1.0,1.0,83.0,1.0,0.0,0.0,0.0,0.0,0.0,1.0,0.0,0.0,0.0,0.0,Good
80.0,388.0,15.0,88.0,41.0,-0.052966861327175874,0.0,100.0,42.56545503942431,7.0,8.0,42.0,2.8848902123659173,17.80334732030159,0.0,2.0,1.0,16.0,60.109655998633116,12.0,2.0,0.0,74.0,1.0,0.0,0.0,0.0,0.0,0.0,0.0,0.0,0.0,0.0,0.0,Good
68.0,132.0,4.0,63.090440038081525,16.0,1.0,1.0,88.31428816066415,19.0,6.0,6.0,16.0,1.0,50.0,0.0,3.0,2.883249120090183,50.0,76.0,5.0,2.0,1.3716116660704816,88.0,0.0,0.0,0.0,0.0,0.0,0.0,0.0,0.0,0.0,0.0,0.0,Bad
64.3951735548346,69.0,3.0,43.0,6.0,1.5541576059734654,1.0,78.50644358930563,10.0,4.0,4.0,10.0,1.0,41.3560241295277,0.0,3.069451536048951,3.0,27.0,101.0,1.0,2.0,0.0,60.0,0.0,0.0,0.0,0.0,0.0,0.0,0.0,0.0,0.0,0.0,0.0,Bad
59.0,106.41171008362107,2.0,33.0,18.0,1.0,0.7985043718790042,100.0,29.119441553249743,6.218041481319622,8.0,19.0,4.0,41.28964728194936,1.2695971625431155,1.1833835432541446,1.1641111523436682,84.0,79.90312294636976,6.0,3.226006872322137,4.0,92.0,1.0,1.0,0.0,0.0,0.0,0.0,0.0,0.0,0.0,0.0,0.0,Good
66.0,182.0,1.7260242821663638,58.97374538071749,20.0,0.0,0.0,100.0,29.826022191005052,6.124928071441581,8.0,20.948397385468095,2.0,32.44599431136849,3.0,1.0,0.9762672185035721,55.0,96.0,8.0,2.0,2.5647641294487395,91.0,1.0,0.0,0.0,0.0,0.0,0.0,0.0,0.0,0.0,0.0,0.0,Good
63.0,153.0,4.0,66.57913671105543,6.0,1.0,1.0,71.0,17.0,6.0,3.0,7.0,1.553868124954774,14.0,1.8903025750279165,1.0,1.0,54.0,76.0,5.0,1.0,1.333389542345957,86.0,0.0,1.0,0.0,0.0,0.0,0.0,0.0,0.0,0.0,0.0,0.0,Bad
69.0,240.0,15.0,97.0,29.0,0.0,0.0,100.0,38.05111743607853,7.0,8.0,30.11477198621834,0.0,10.0,3.032225662974209,1.050169002430552,1.004438275521822,84.0,58.87115738926094,6.0,1.0,4.0,90.0,1.0,1.0,0.0,0.0,0.0,0.0,1.0,0.0,0.0,0.0,0.0,Good
59.0,136.0,-3.533107396597021,42.0,21.988385212008684,0.0,0.0,89.0,17.0,4.862197273500864,6.0,18.0,4.0,28.0,0.0,1.0,1.0,44.0,99.0,5.0,2.5287272661060864,3.0,50.0,0.0,0.0,0.0,0.0,0.0,0.0,0.0,0.0,0.0,0.0,0.0,Bad
60.0,349.0,1.0,74.0,16.0,1.0,1.0,83.5440319675777,4.0,2.0,4.0,19.0,4.0,58.0,0.0,3.0,3.0,59.0,29.0,5.0,3.0,1.0,73.0,0.0,0.0,0.0,0.0,0.0,0.0,0.0,0.0,0.0,0.0,0.0,Good
80.49628564662524,187.0,5.656644383592074,59.0,19.0,0.09753429678292491,0.0,97.29910330628424,72.0,6.0,6.0,19.0,2.7112857471317584,58.0,0.0,3.0,3.0,14.0,70.0,2.0,3.0,0.0,56.0,0.0,0.0,0.0,0.0,0.0,0.0,0.0,0.0,0.0,0.0,0.0,Good
86.0,256.0,8.432582445522463,84.0,18.0,0.0,0.0,102.0712231719873,46.26564044024471,7.0,8.0,18.0,0.0,44.0,0.0,1.0,1.0,21.0,76.0,2.0,3.0,0.0,45.0,1.0,0.0,0.0,0.0,0.0,0.0,0.0,0.0,0.0,0.0,0.0,Bad
62.0,150.0,-0.9781190733181226,66.0,40.0,0.5772512714744908,0.0,91.0,2.0,3.0,2.0,39.759080951935985,3.0,20.0,0.0,3.0,3.0,49.0,73.25603178717876,11.0,3.0,2.0,50.0,0.0,0.0,0.0,0.0,0.0,0.0,0.0,0.0,0.0,0.0,0.0,Bad
68.0,160.0,8.562259616169836,71.0,26.0,2.0,1.0,84.0,37.0,6.0,5.0,31.0,3.0,45.0,2.6795132646346587,0.041511521026427634,0.0,0.0,69.26610091204282,0.0,1.0,0.0,25.0,0.0,1.0,0.0,0.0,0.0,0.0,1.0,0.0,0.0,0.0,0.0,Bad
84.0,292.0,9.0,75.0,22.0,0.0,0.0,100.0,44.340104792239515,7.0,8.0,24.0,2.0,27.671765960520847,22.0,0.0,0.0,16.0,71.0,5.0,2.0,0.0,58.0,1.0,0.0,0.0,0.0,0.0,0.0,0.0,0.0,0.0,0.0,0.0,Good
83.0,308.22711902743873,11.427792937047599,106.0,22.0,2.0,1.0,92.0,43.0,5.758904133604593,4.0,47.0,3.0,16.0,2.0,1.0415589308168294,1.0,0.0,35.0,2.0,2.2908037767823077,0.0,44.0,0.0,0.0,0.0,0.0,0.0,0.0,0.0,0.0,0.0,0.0,0.0,Good
60.0,184.0,4.0,69.0,35.0,1.9232778842045917,2.0,100.0,32.3620722592546,6.0,8.0,35.0,6.0,24.835428869272885,-0.5209137822446182,5.119130792737377,5.0,66.0,76.27414789158546,12.0,4.0,10.0,70.0,1.0,1.0,0.0,0.0,0.0,0.0,0.0,0.0,0.0,0.0,0.0,Bad
59.0,330.0,62.0,161.0,5.0,1.0,0.0,63.0,6.0,3.9955296684740707,5.0,8.0,0.0,50.0,2.444084453738435,1.0,1.0,87.0,17.46905071696655,2.0,1.0,1.7770909354955648,100.0,0.0,1.0,0.0,0.0,0.0,0.0,1.0,0.0,0.0,0.0,0.0,Bad
81.0,246.0,12.0,86.0,21.0,0.0,0.015911841013632605,100.0,34.78050598475792,7.0,8.0,22.0,0.0,55.0,3.7334432873321375,0.0,0.0,0.0,89.0,0.0,6.0,0.0,43.0,1.0,0.0,0.0,0.0,1.0,0.0,0.0,0.0,0.0,0.0,0.0,Good
59.0,189.0,9.18407942214014,107.0,16.0,1.0,0.0,78.19144201011846,8.0,4.0,5.0,20.0,1.0,25.0,2.578394850805745,0.0,0.0,78.0,96.0,5.0,2.285923614972648,2.0,88.0,0.0,1.0,0.0,0.0,0.0,0.0,0.0,0.0,0.0,0.0,0.0,Good
83.0,165.0,3.0,74.0,26.0,0.0,0.0,100.0,42.932753547815196,7.0,8.0,28.0,1.0,29.0,0.0,0.0,0.0,9.0,87.0,4.0,3.0,0.0,54.0,1.0,0.0,0.0,0.0,0.0,0.0,0.0,0.0,0.0,0.0,0.0,Good
65.0,317.0,5.0,101.3986847475072,12.0,2.0,1.0,80.0,10.0,3.870900587131853,2.0,15.0,4.0,20.0,0.0,9.0,8.701529755362662,43.0,90.0,7.0,2.0,2.0,100.0,0.0,0.0,0.0,0.0,0.0,0.0,0.0,0.0,0.0,0.0,0.0,Bad
76.0,184.49962220559038,14.0,82.72020534349423,18.0,1.0,0.0,95.0,62.0,6.430376276426913,5.0,19.0,0.0,42.0,0.0,0.0,-0.012710655891167585,20.0,65.68949093500309,4.0,2.0,0.4831360671822442,86.0,0.0,0.0,0.0,0.0,0.0,0.0,1.0,0.0,0.0,0.0,0.0,Bad
73.0,156.0,4.0,74.54164018469486,29.0,0.0,0.0,94.25270361182035,30.0,6.0,6.0,29.0,1.0,38.0,2.316055007469964,3.07927818275184,3.0,45.0,22.0,2.0,5.0,2.0,64.0,0.0,1.0,0.0,0.0,0.0,0.0,0.0,0.0,0.0,0.0,0.0,Good
70.0,260.0652446684048,20.0,114.0,27.0,0.26873579814696535,0.0,85.0,4.0,4.0,6.0,27.0,0.0,19.0,4.107470849076513,0.0,0.0,8.0,48.74550257378897,2.0,1.0,0.0,50.0,0.0,0.0,0.0,0.0,1.0,0.0,1.0,0.0,0.0,0.0,0.0,Good
77.0,154.0,9.0,63.0,27.0,0.0,0.0,96.0,7.0,4.0,6.0,27.0,1.0,63.0,0.0,2.0,2.0,1.0,80.0,1.0,3.907250449715727,-0.6606671916815432,60.0,0.0,0.0,0.0,0.0,0.0,0.0,0.0,0.0,0.0,0.0,0.0,Good
62.99314921352972,331.0,11.0,117.0,16.0,0.0,-0.18036508608585122,82.0,2.0,4.0,6.0,17.0,0.5993640323372142,53.0,0.0,0.0,0.0,60.0,61.563369432873436,6.0,2.0,3.0,100.0,0.0,0.0,0.0,0.0,0.0,0.0,0.0,0.0,0.0,0.0,0.0,Bad
74.0,174.24524058005514,2.0,65.0,35.0,0.2743876495576365,0.26042348422750194,100.0,33.141822655097144,6.40321124600163,8.0,28.059022385123573,2.6392936963671594,28.0,0.0,1.0,0.957893567346529,19.0,73.66556352889714,4.0,3.0,1.0,70.0,1.0,0.0,1.0,0.0,0.0,0.0,1.0,0.0,0.0,0.0,0.0,Good
70.0,335.0,3.0,105.0,33.91938177429995,2.0,2.0,87.0,34.0,6.0,4.0,39.0,5.0,33.0,0.0,2.0,2.0,27.0,6.0,10.0,3.0,1.0,88.0,0.0,0.0,0.0,0.0,0.0,0.0,0.0,0.0,0.0,0.0,0.0,Good
79.01429317262247,158.0,7.0,58.0,25.0,0.0,0.0,100.0,36.45595625863038,6.0,7.0,25.530019627593024,1.0,19.0,13.0,0.0,0.0,19.0,80.0,2.0,2.2830840646956903,1.0,50.0,1.0,0.0,0.0,0.0,0.0,0.0,0.0,0.0,0.0,0.0,0.0,Good
61.0,70.70880401978305,0.4437290100458604,16.529558704485694,9.0,1.0,1.0,100.0,27.423396691096315,6.0,8.0,14.0,4.0,64.0,0.0,3.055349795067693,3.0,65.0,88.0,2.0,6.0,1.0,90.0,1.0,0.0,0.0,0.0,0.0,0.0,0.0,0.0,0.0,0.0,0.0,Bad
58.0,211.0,5.0,54.0,39.0,0.0,0.0,95.0,2.0,4.0,6.0,39.0,4.0,23.0,0.0,1.0,1.0,25.0,43.0,5.0,3.5314479953670874,1.4781781258325135,47.0,0.0,0.0,0.0,0.0,0.0,0.0,0.0,0.0,0.0,0.0,0.0,Bad
66.0,290.0,6.0,118.0,40.0,1.0,0.0,86.0,21.0,5.0,5.0,41.38324356443944,2.0,31.0,5.0,0.0,0.0,79.0,76.0,11.0,3.403707928253991,5.0,82.0,0.0,0.0,0.0,0.0,0.0,0.0,0.0,0.0,0.0,0.0,0.0,Good
63.0,154.0,20.0,85.0,16.20411373816397,2.0,1.4313684089933227,92.0,7.0,4.0,6.0,25.0,0.0,21.0,1.0,3.0,3.0,92.0,54.503587738664166,3.0,1.0,1.0,100.0,0.0,0.0,0.0,0.0,0.0,0.0,1.0,0.0,0.0,0.0,0.0,Bad
66.0,169.0,7.19917844706271,73.0,28.0,1.0,1.0,93.0,76.0,6.0,6.0,30.0,3.0,57.0,0.0,5.0,4.0,72.0,83.0,6.0,3.6289457246278123,3.0,91.0,0.0,0.0,0.0,0.0,0.0,0.0,0.0,0.0,0.0,0.0,0.0,Bad
82.0,153.71600861877636,5.0,57.0,20.226039514828603,0.21537768477004793,0.0,95.0,72.0,6.0,5.0,21.0,2.0,24.0,0.0,6.1002615182039985,6.0,9.0,72.86527617892008,2.0,0.6259939576351079,0.0,20.0,0.0,0.0,0.0,0.0,0.0,0.0,1.0,0.0,1.0,0.0,0.0,Good
61.0,250.0,4.0,66.0,47.0,1.0043846297080958,1.0,100.0,27.682954678503307,6.0,8.0,49.0,3.3236787509889,24.98847800899651,0.0,2.0,2.0,73.0,61.0,14.0,4.0,5.0,90.0,1.0,0.0,0.0,0.0,0.0,0.0,0.0,0.0,0.0,0.0,0.0,Bad
88.0,286.0,76.0,133.0,1.9789786610808786,0.0,0.0,100.0,52.16953749253284,7.0,8.0,5.0,-2.079186121043022,60.0,0.0,0.0,0.0,9.0,11.751250733882728,1.0,1.7859967755827784,0.0,100.0,1.0,0.0,0.0,0.0,0.0,0.0,1.0,0.0,1.0,0.0,0.0,Good
69.0,179.0,2.5568140974257325,61.21172526527444,25.0,1.0,1.0,100.0,33.82886744898366,6.0,8.0,25.0,4.0,32.0,0.0,1.0,1.0,43.0,77.0,6.0,3.0,3.0,75.0,1.0,0.0,0.0,0.0,0.0,0.0,0.0,0.0,0.0,0.0,0.0,Bad
81.0,306.0,-0.29391064643040465,74.0,16.0,-0.07043498532157733,0.0,100.0,46.60755110711844,7.0,8.0,18.0,1.0,11.0,0.0,0.0,0.0,25.0,101.0,7.0,1.0,1.2655663997682627,80.0,1.0,0.0,0.0,0.0,0.0,0.0,0.0,0.0,0.0,0.0,0.0,Good
72.0,136.0,20.549113244465843,74.0,3.0,1.0,1.0,75.0,25.0,6.0,6.0,4.0,0.0,25.0,0.0,1.0843642179871256,1.0520586549286035,0.0,52.92604590821141,0.0,-0.5350809669733785,0.0,0.0,0.0,0.0,0.0,0.0,0.0,0.0,1.0,0.0,1.0,0.0,0.0,Bad
81.0,397.0,35.0,108.0,21.0,0.0,0.0,100.0,46.76028104720612,7.0,8.0,21.0,1.3960266440813456,14.0,0.0,2.0,2.0,23.0,41.99284053203118,13.0,0.9490189165953731,1.0,81.0,1.0,0.0,0.0,0.0,0.0,0.0,1.0,0.0,1.0,0.0,0.0,Bad
81.551833247957,108.1640271264769,-0.8489243192034905,26.0,7.0,0.0,0.0,100.0,41.602360625082525,7.0,8.0,13.0,3.0,29.0,8.0,0.0,0.0,0.0,88.0,0.0,1.0,0.0,25.0,1.0,0.0,0.0,0.0,0.0,0.0,0.0,0.0,0.0,0.0,0.0,Good
69.0,190.0,8.0,77.3811421221813,23.0,0.0,0.0,96.0,1.0,4.0,6.0,23.0,2.0,30.0,0.0,0.0,0.0,41.0,70.0,6.0,3.0,1.0,75.0,0.0,0.0,0.0,0.0,0.0,0.0,0.0,0.0,0.0,0.0,0.0,Bad
83.65668106713166,414.0,5.239677756733595,78.0,8.0,0.0,0.03893911427096594,97.53577829745014,40.64995603184343,7.0,8.0,12.817036574904666,1.0,25.0,0.0,0.023178177040731735,0.0,8.0,65.33217202049555,1.0,1.4872611750551332,0.0,40.0,1.0,0.0,0.0,0.0,0.0,0.0,0.0,0.0,0.0,0.0,0.0,Good
71.0,270.80730058569276,15.0,117.0,19.0,7.0,7.0,75.0,63.0,6.0,3.0,29.0,0.0,72.0,14.0,0.0,0.0,53.0,69.0,1.0,3.0,0.0,67.0,0.0,0.0,1.0,0.0,0.0,0.0,0.0,0.0,0.0,0.0,0.0,Good
72.77889536344367,269.0,0.0,83.14788825681792,40.0,0.0,0.0,98.0,59.0,6.0,6.0,46.0,4.0,17.0,0.0,1.0,0.9561580290827506,49.0,75.99901727181363,6.0,3.0,3.0,45.0,0.0,0.0,0.0,0.0,0.0,0.0,0.0,0.0,0.0,0.0,0.0,Bad
85.0,201.9191734725155,16.0,95.59258926135446,7.619619203212401,0.0,0.0,100.0,49.44729292738276,7.0,8.0,0.0,0.8963997814803255,0.0,1.0,1.0,0.9681587611360286,18.0,55.8429090715839,4.0,-0.04538873304589747,0.0,67.0,1.0,0.0,1.0,0.0,0.0,0.0,1.0,0.0,1.0,0.0,0.0,Good
81.0,222.0,8.0,89.66416029384494,39.0,0.0,0.0,100.0,43.008931235239345,7.0,8.0,41.0,3.0,34.0,7.0,0.0,0.0,44.0,18.0,4.0,2.0,0.0,55.0,1.0,0.0,0.0,0.0,0.0,0.0,0.0,0.0,0.0,0.0,0.0,Good
67.0,62.0,8.0,32.0,10.0,0.0,0.0,100.0,40.89238797427615,6.990355562758726,8.0,10.0,2.0,40.0,0.0,2.0,2.0,89.0,49.0,5.0,3.0,2.0,100.0,1.0,0.0,0.0,0.0,0.0,0.0,0.0,0.0,0.0,0.0,0.0,Bad
76.0,93.0,3.0,52.0,32.0663015996428,0.09460764895194584,0.0,100.0,38.11265477585323,7.0,8.0,35.0,4.0,36.84771613936476,2.0,3.0,3.0,12.0,75.1362829973629,5.0,4.0,0.0,60.0,1.0,0.0,0.0,0.0,0.0,0.0,0.0,0.0,0.0,0.0,0.0,Good
69.0,101.0,2.0,54.0,23.0,1.0,1.0,88.0,20.0,6.0,2.0,26.0,6.0,50.0,0.0,3.0,2.0,27.0,57.0,1.0,7.0,0.0,57.0,0.0,0.0,0.0,0.0,0.0,0.0,0.0,0.0,0.0,0.0,0.0,Bad
74.0,184.19983949165967,5.0,66.0,20.0,0.0,0.0,90.0,38.0,6.0,6.0,27.0,2.0,20.0,4.0,2.0,2.0,41.0,69.02433984298044,4.0,1.0,2.0,83.0,0.0,0.0,0.0,0.0,0.0,0.0,1.0,0.0,0.0,0.0,0.0,Good
61.55344022082456,67.0,5.0,43.163220748139224,14.0,0.11297923157100076,0.0,93.0,6.0,4.0,6.0,14.0,1.0,46.77977950407874,2.0742242682620513,1.0,0.9620477451746163,73.0,86.0,1.0,2.0,1.0,75.0,0.0,1.0,0.0,0.0,0.0,0.0,0.0,0.0,0.0,0.0,0.0,Good
74.0,378.0,15.0,120.0,15.0,0.0,0.0,93.0,19.0,6.0,6.0,15.0,0.0,13.0,0.0,0.052494841188198194,0.0,59.0,53.43160001959035,6.0,1.0,2.0,78.0,0.0,0.0,0.0,0.0,0.0,0.0,1.0,0.0,0.0,0.0,0.0,Bad
69.0,196.0,13.23054337900993,69.0,20.0,2.9263763107699465,3.0,100.0,29.422520498835866,6.0,8.0,31.0,0.0,30.0,2.6412355705923907,1.0,0.9884845805171606,35.0,62.41066319347385,1.0,1.3324109092749306,0.0,50.0,1.0,1.0,0.0,0.0,0.0,0.0,1.0,0.0,0.0,0.0,0.0,Good
70.0,119.0,3.0,29.0,13.49641483704859,0.0,-0.047899377685973965,88.0,2.0,4.0,6.0,17.273818791962025,1.0,75.0,0.0,2.0,2.0,0.0,49.0,0.0,4.0,-1.0925017777348756,80.0,0.0,0.0,0.0,0.0,0.0,0.0,0.0,0.0,0.0,1.0,0.0,Bad
71.4845188597417,63.0,4.0,19.0,8.0,0.0,-0.11091411661783222,88.7393818542908,36.0,5.785193998249308,6.0,9.560920593912853,2.2514020851345036,25.0,2.811684460170771,0.0,0.006865888174224538,20.0,73.68578383422121,3.0,2.0,0.0,83.0,0.0,1.0,0.0,0.0,0.0,0.0,0.0,0.0,0.0,0.0,0.0,Good
83.0,306.0,2.0,92.0,30.0,0.0,0.0,100.0,44.15339253682541,7.0,8.0,32.0,3.0,22.0,4.147561505455643,0.0,0.0,18.0,69.55839248000778,5.0,1.0,1.0,43.0,1.0,0.0,0.0,0.0,1.0,0.0,1.0,0.0,0.0,0.0,0.0,Good
56.0,169.81576784060178,4.569804810435613,55.0,29.0,2.0,1.0,81.0,16.0,6.0,4.0,37.0,6.0,86.0,5.0,1.0,1.0,39.0,68.0,2.0,8.0,0.699534046680701,77.0,0.0,0.0,0.0,0.0,0.0,0.0,0.0,0.0,0.0,1.0,0.0,Bad
72.0,132.0,4.0,78.0,15.0,1.0,1.0,88.0,46.0,5.794384593314633,3.0,16.0,1.0,44.0,0.0,2.0,2.0,80.0,73.28861795012428,2.0,1.0,1.0,60.0,0.0,0.0,0.0,0.0,0.0,0.0,1.0,0.0,0.0,0.0,0.0,Good
71.0983729042612,22.0,11.0,15.0,7.0,0.0,0.0,100.0,42.59204020989449,7.0,8.0,7.0,2.0,43.0,0.0,2.0548451924032785,2.0,46.0,84.0,4.0,3.0,1.0,100.0,1.0,0.0,0.0,0.0,0.0,0.0,0.0,0.0,0.0,0.0,0.0,Bad
61.0,264.0,11.0,110.0,12.0,4.0,3.0,69.0,4.0,3.1164966430208527,4.0,16.0,2.0,38.0,0.0,1.1787275342801447,1.1432237145024635,2.0,59.84462645697624,1.0,1.076237315240915,0.0,33.0,0.0,0.0,0.0,0.0,0.0,0.0,1.0,0.0,0.0,0.0,0.0,Bad
87.0,32.0,2.0,89.0,20.0,-0.009031767518949518,0.0,100.0,40.1685277583247,5.0,7.0,3.0,0.5908892352455162,38.682440986333035,5.004005809449884,0.0,0.0,14.0,22.0,4.0,2.818591739093754,0.0,83.0,1.0,1.0,0.0,0.0,0.0,0.0,0.0,0.0,0.0,0.0,0.0,Good
72.0,203.0,22.0,80.0,15.0,1.5028111845342478,1.0,82.59905878966379,20.0,6.0,3.0,17.690040614122513,0.7357531142928648,38.0,8.0,0.0,0.0,38.0,77.0,6.0,2.0,2.0,73.0,0.0,0.0,0.0,0.0,0.0,0.0,0.0,0.0,0.0,0.0,0.0,Good
71.39617939983447,299.0,11.817555606857425,135.0,24.0,0.0,0.0,96.0,25.0,6.0,6.0,25.0,1.0,29.0,5.0,0.0,0.0,55.0,77.0,8.0,2.0,2.0,71.0,0.0,0.0,0.0,0.0,0.0,0.0,0.0,0.0,0.0,0.0,0.0,Bad
69.0,135.1964056358847,3.0,47.0,19.58146238608139,0.4549207368234258,0.0,84.0,20.0,4.784388425744843,5.0,19.0,3.0,58.0,3.0,1.0,1.0,1.0,52.0,2.0,4.0,-0.41491468420780775,60.0,0.0,0.0,0.0,0.0,0.0,0.0,0.0,0.0,0.0,0.0,0.0,Bad
63.0,298.0,5.0,116.0,11.0,2.0,1.2259346036793972,62.0,6.0,4.0,2.0,15.145355316740954,2.0,41.551053939071565,0.0,0.0,0.0,41.0,64.5176736936032,5.0,2.769776727301661,0.0,100.0,0.0,0.0,0.0,0.0,0.0,0.0,0.0,0.0,0.0,0.0,0.0,Bad
78.0,83.0,12.0,73.7339268637902,17.269566822447068,1.0,0.5464170240892086,91.0,26.0,6.0,5.0,9.0,0.0,48.0,13.0,0.0,-0.041798653912914874,31.0,85.0,6.0,4.0,1.0456411771036693,77.0,0.0,0.0,0.0,0.0,0.0,0.0,0.0,0.0,0.0,0.0,0.0,Bad
69.32633978513402,178.0,8.0,79.0,56.0,0.0,-0.042119414859348864,100.0,30.69884635164263,6.425171663026241,8.0,59.0,2.0,17.0,0.0,1.0,1.0,48.0,67.70976267835015,12.0,3.749515720954933,3.0,70.0,1.0,0.0,0.0,0.0,0.0,0.0,0.0,0.0,0.0,0.0,0.0,Bad
64.0,157.0,2.0,62.97110064431054,8.493103994259226,4.0,4.0,78.7529737060903,33.0,6.0,2.0,8.0,2.0,42.4272043096209,1.6145806086871652,1.0,1.0,34.0,95.0,3.0,2.0,0.0,83.0,0.0,1.0,0.0,0.0,0.0,0.0,0.0,0.0,0.0,0.0,0.0,Bad
68.0,189.0,2.8938095749685218,54.0,19.0,0.0,0.0,100.0,31.99067249025279,7.0,8.0,20.0,3.0,20.0,1.0,1.172500910303888,1.14742920912668,31.0,72.62751389726611,8.0,2.0,1.0,77.0,1.0,0.0,0.0,0.0,0.0,0.0,0.0,0.0,0.0,0.0,0.0,Good
77.0,226.06833783582783,2.0,86.0,19.0,0.0,0.0,100.0,42.90882028559324,7.0,8.0,20.0,3.0,26.794922632025166,2.0,2.0,1.9357264568396961,44.0,71.85762092657208,5.0,1.29622460148158,0.0,70.0,1.0,0.0,0.0,0.0,0.0,0.0,1.0,0.0,0.0,0.0,0.0,Bad
58.0,60.4040003817133,2.0,18.0,10.0,0.0,-0.1413586976545487,91.0,13.0,6.0,6.0,12.663751499691639,2.0,45.0,0.0,10.0,10.0,55.0,78.0,5.0,4.0,1.0,90.0,0.0,0.0,0.0,0.0,0.0,0.0,0.0,0.0,0.0,0.0,0.0,Bad
79.0,98.0,10.0,57.0,20.0,0.0,-0.22914602873509698,95.0,13.0,5.23908352626874,6.0,20.89907808691788,1.0,55.0,3.514671064367621,1.0,1.0,4.0,63.0,2.0,10.0,0.0,80.0,0.0,1.0,0.0,0.0,0.0,0.0,0.0,0.0,0.0,0.0,0.0,Bad
59.0,120.0,1.0788155550058924,32.0,7.0,1.2143779013672025,1.0,86.0,5.0,4.0,6.0,10.993497037155219,2.163910852428229,57.0,1.5322274361097423,1.0,0.992203676218195,42.0,95.0,1.0,2.0,0.0,100.0,0.0,1.0,0.0,0.0,0.0,0.0,0.0,0.0,0.0,0.0,0.0,Bad
73.0,104.0,3.0,39.0,18.0,0.0,0.0,100.0,39.39808826114654,7.0,8.0,18.0,4.0,49.95101579972358,0.0,1.187619885929233,1.1676564174531867,33.0,69.0,5.0,6.0,0.9212923708451815,92.0,1.0,0.0,0.0,0.0,0.0,0.0,0.0,0.0,0.0,0.0,0.0,Bad
70.0,131.0,17.0,65.0,22.0,0.0,0.0,100.0,36.90955995400262,7.0,8.0,24.0,0.0,42.550230027383506,2.554060834233838,1.0336827040436827,0.9923001670710907,84.0,62.671163126110756,4.0,4.0,2.0,73.0,1.0,1.0,0.0,0.0,0.0,0.0,0.0,0.0,0.0,0.0,0.0,Bad
69.0,184.0,15.0,90.56617057657364,9.0,2.6379944867637213,2.0,82.0,49.0,6.0,2.0,11.773847435087216,0.0,15.265311360080487,0.0,0.0,0.0,66.0,59.984074322433,4.0,0.12524183634068603,2.0,57.0,0.0,0.0,0.0,0.0,0.0,0.0,1.0,0.0,1.0,0.0,0.0,Bad
58.0,151.0,12.0,50.0,9.0,2.0,2.0,81.91341768127393,4.0,3.8702695798236983,6.0,9.0,0.0,43.9596910389742,0.0,0.0,-0.009527752030767667,65.0,86.0,5.0,2.0,2.0,100.0,0.0,0.0,0.0,0.0,0.0,0.0,0.0,0.0,0.0,0.0,0.0,Bad
64.0,207.16218980539145,5.0,80.0,17.0,0.08872870794978072,0.06862704090157246,100.0,37.93238117716413,7.0,8.0,18.0,3.0,17.0,0.0,2.0,2.0,92.0,71.16295639332856,9.0,1.0,3.7516666825738896,91.0,1.0,0.0,0.0,0.0,0.0,0.0,1.0,0.0,0.0,0.0,0.0,Bad
68.0,137.0,4.0,85.0,24.0,0.0,0.0,88.0,10.0,4.0,6.0,24.0,2.0,38.0,3.0,1.0,1.0,15.0,68.0,7.0,3.0,0.0,85.0,0.0,0.0,0.0,0.0,0.0,0.0,0.0,0.0,0.0,0.0,0.0,Good
79.1684138862593,163.25691954432978,4.0,58.0,26.0,0.0,0.0,101.74651518172763,41.47430463014834,7.0,8.0,26.0,3.2143125074467562,12.0,0.0,7.0,6.772632748343701,5.0,70.13473040257355,2.0,1.0,0.0,38.0,1.0,0.0,0.0,0.0,0.0,0.0,1.0,0.0,0.0,0.0,0.0,Good
58.147701834180566,119.47056849366939,3.0,50.0,4.0,1.0,1.0,79.51643828459135,14.0,3.9351762542862154,2.0,5.0,2.0,30.766126797884304,2.269448561321463,0.0,0.0,74.0,72.61113404613823,4.0,1.2286524535272767,3.0,100.0,0.0,1.0,1.0,0.0,0.0,0.0,1.0,0.0,1.0,0.0,0.0,Bad
63.0,240.0,4.0,79.03887143013401,20.0,1.0,0.652204002061306,86.0,45.0,6.0,5.0,21.0,2.0,10.0,4.0,1.0,1.0,67.0,69.55954733494313,6.0,0.8897185068793894,2.453743698234936,70.0,0.0,0.0,0.0,0.0,0.0,0.0,1.0,0.0,0.0,0.0,0.0,Bad
55.0,152.0,9.0,43.0,32.51858798730608,0.0,0.0,97.0,12.0,6.0,6.0,43.0,3.19846160131007,32.0,1.0,12.224341596143756,12.0,92.0,70.64514595212682,7.0,1.0,7.0,82.0,0.0,0.0,0.0,0.0,0.0,0.0,1.0,0.0,0.0,0.0,0.0,Bad
68.71885254275126,23.0,11.82284383818196,35.02139547735615,3.0,1.0,0.8117785031029124,100.0,46.661089753450426,7.0,8.0,4.0,1.3623113271635172,33.0,0.0,0.0330621554511458,0.0,94.0,70.60585992991446,2.0,1.0,0.0,100.0,1.0,0.0,0.0,0.0,0.0,0.0,1.0,0.0,0.0,0.0,0.0,Bad
66.0,42.0,2.9228774064861085,15.0,6.0,1.6894235501100352,1.0,74.24732185530476,22.0,6.0,2.0,7.0,3.0,43.0,1.6585373405911708,1.0,1.0,0.0,75.45199714029769,1.0,2.0,-1.0864454311333773,75.0,0.0,1.0,0.0,0.0,0.0,0.0,0.0,0.0,0.0,1.0,0.0,Good
90.0,332.0,27.363837636467146,145.0,8.0,0.0,0.0,100.0,48.44401186799897,7.040819545047587,8.0,8.0,0.0,30.846736194604222,4.961199090958459,0.0,0.0,4.0,24.0,2.0,1.0,0.0,60.0,1.0,0.0,0.0,0.0,1.0,0.0,0.0,0.0,0.0,0.0,0.0,Good
68.0,206.0,3.0,63.0,18.391903420889722,0.13620831806398526,-0.06906739529685946,89.0,21.0,6.0,6.0,20.87640470852076,1.9856485036933758,38.25614885435395,0.0,1.127866767870578,1.0794281683429665,49.0,60.0,5.0,2.0,1.0,88.0,0.0,0.0,0.0,0.0,0.0,0.0,0.0,0.0,0.0,0.0,0.0,Good
60.0,134.0,4.0,55.0,38.0,0.0,0.0,92.0,5.0,4.0,6.0,39.0,3.043987961030574,46.0,0.0,0.0,0.0,42.0,74.11412747270167,11.0,5.0,2.0,89.0,0.0,0.0,0.0,0.0,0.0,0.0,0.0,0.0,0.0,0.0,0.0,Bad
84.49120170381559,446.0,18.138296182864785,103.0,24.645910015882983,0.0,0.03909795949458647,100.0,37.525855594334075,7.0,8.0,29.78328321039301,0.0,46.0,1.0,2.0,2.0,0.0,10.0,1.0,4.0,1.0,50.0,1.0,0.0,0.0,0.0,0.0,0.0,0.0,0.0,0.0,0.0,0.0,Bad
71.0,227.2269009840572,12.975525122234128,92.49939615919156,23.38936829114017,0.34192031564990266,0.0,88.0,3.0,4.0,5.0,24.57322444412191,0.0,37.910870269159304,8.0,0.0,0.0,13.0,53.0,3.0,3.0,0.0,58.0,0.0,0.0,0.0,0.0,0.0,0.0,0.0,0.0,0.0,0.0,0.0,Good
83.12360080186906,146.0,11.0,70.43580745693632,14.0,-0.017357199776293353,0.015110596301428247,100.0,43.7977201802062,7.0,8.0,14.0,1.5485980995565782,21.0,4.0,1.0,1.0,1.0,63.2033110804899,2.0,1.0,0.0,50.0,1.0,0.0,0.0,0.0,0.0,0.0,1.0,0.0,0.0,0.0,0.0,Good
70.0,243.0,7.0,80.0,48.26482761111609,0.0,0.0,100.01856294184802,31.380493060439107,6.0,6.0,58.0,2.0,43.0,3.0,2.0,2.0,48.0,70.22518649869622,10.0,4.0,2.838856112147186,74.0,0.0,0.0,0.0,1.0,0.0,0.0,0.0,0.0,0.0,0.0,0.0,Bad
80.0,96.0,4.0,49.0,25.0,0.0,0.0,100.0,42.4452661303707,7.0,8.0,25.0,3.0,32.0,0.0,1.0,1.0,3.0,73.79991957559079,6.0,2.8754128462027286,0.0,64.0,1.0,0.0,0.0,0.0,0.0,0.0,0.0,0.0,0.0,0.0,0.0,Bad
64.0,314.0,-3.293552000387937,94.0,64.0,0.0,0.0,100.0,36.79815031494746,7.927824646760898,8.0,71.0,5.0,52.0,-1.2914859960287417,7.0,7.0,82.0,82.05591748413767,25.0,19.0,15.0,88.0,1.0,1.0,0.0,0.0,0.0,0.0,0.0,0.0,0.0,0.0,0.0,Bad
68.0,229.79920864421987,8.0,87.0,26.0,0.0,-0.2132348332675486,85.0,8.0,4.0,6.0,27.699520183772254,3.0,48.0,5.0,0.0,0.0,39.0,81.0,6.0,4.0,1.0,83.0,0.0,0.0,0.0,0.0,0.0,0.0,0.0,0.0,0.0,0.0,0.0,Good
75.47170102798427,232.0,3.0,81.0,20.0,0.0,0.0,100.0,42.34085595062726,7.0,8.0,20.0,3.0,35.0,0.0,1.0473279450292703,1.0,46.0,94.0,4.0,2.740872407117503,1.3026060479301647,75.0,1.0,0.0,0.0,0.0,0.0,0.0,0.0,0.0,0.0,0.0,0.0,Good
70.03787786590485,390.0,4.0,151.0,67.0,2.0,1.0,76.0,22.0,6.0,2.0,74.0,3.0,36.648218424332086,1.0,4.0,4.0,19.0,69.0,9.0,5.090662864085912,1.0,68.0,0.0,0.0,0.0,0.0,0.0,0.0,0.0,0.0,0.0,0.0,0.0,Good
86.0,363.0,2.0,180.0,26.0,0.24610051874607475,0.0,97.0,37.41416809261537,6.37661012707583,7.0,25.099649289700952,1.0,28.0,0.0,0.0,0.0,3.0,52.0,3.0,1.0,0.2034343315425189,45.0,1.0,0.0,0.0,0.0,0.0,0.0,0.0,0.0,0.0,0.0,0.0,Good
59.0,151.28203749644803,1.0,57.0,11.609707709152872,3.0,0.0,64.0,11.0,4.0,5.0,14.0,4.0,43.56136767893419,0.0,2.0,2.0,67.0,87.0,4.0,3.0,1.0,88.0,0.0,0.0,0.0,0.0,0.0,0.0,0.0,0.0,0.0,0.0,0.0,Bad
68.0,277.9993300984645,7.0,109.0,30.136437772917237,1.0,0.6762711227578776,96.0,6.0,4.0,6.0,27.0,1.9767955693096706,19.0,0.0,0.05014444666756513,0.0,31.0,60.0,8.0,3.0,1.0,58.0,0.0,0.0,0.0,0.0,0.0,0.0,0.0,0.0,0.0,0.0,0.0,Good
54.0,244.0,15.0,92.0,36.0,2.0,2.0,69.0,5.0,4.0,2.0,42.0,0.0,21.0,0.0,0.0,0.0,78.0,80.0,12.0,2.0,5.0,61.0,0.0,0.0,0.0,0.0,0.0,0.0,0.0,0.0,0.0,0.0,0.0,Bad
73.0,206.0,7.0,97.0,23.423428843130782,0.0,-0.10196792227384766,97.0,23.0,6.0,6.0,23.422270701413684,1.0,35.0,0.0,0.0,0.0,34.0,56.0,4.0,3.0,0.0,73.0,0.0,0.0,0.0,0.0,0.0,0.0,0.0,0.0,0.0,0.0,0.0,Good
70.0,214.0,21.0,148.0,16.0,7.0,5.27492800057845,88.0,15.0,0.0,6.0,17.0,0.0,31.0247288205046,4.178241591297173,0.0,0.0,28.0,50.60826430876171,4.0,1.0,0.0,63.0,0.0,1.0,0.0,0.0,0.0,0.0,1.0,0.0,0.0,0.0,0.0,Bad
82.0,286.0,1.0,103.0,16.0,0.0,-0.03926747988774859,100.0,43.20782023679362,6.98602130368376,8.0,17.0,3.0,47.0,6.0,0.023123046923449644,0.0,25.0,22.0,4.0,3.0,0.3352120811257091,89.0,1.0,0.0,0.0,0.0,0.0,0.0,0.0,0.0,0.0,0.0,0.0,Good
78.0,249.0,0.5005823128965439,86.0,37.0,0.0,0.0,100.0,44.202902674393016,7.0,8.0,54.0,5.0,42.0,2.0,4.0,4.0,41.0,84.0,4.0,3.9610314410489647,0.0,79.0,1.0,0.0,0.0,0.0,0.0,0.0,0.0,0.0,0.0,0.0,0.0,Good
77.65733170035621,169.0,7.0,73.61565302695269,29.742146269377603,0.0,0.0,102.82267173160425,39.00801033821557,7.0,8.0,29.18362449945204,2.0507302434943813,26.43374784994852,15.0,0.016245587633343203,0.0,36.0,43.0,6.0,3.0,1.0,53.0,1.0,0.0,0.0,0.0,0.0,0.0,0.0,0.0,0.0,0.0,0.0,Bad
73.0,489.0,3.0,63.0,28.252962909669,0.0,0.0,93.0,21.0,6.0,6.0,36.105859858724145,3.0,47.0,0.0,2.0,1.9283792487638658,31.0,80.0,2.0,3.4390232727516925,1.0,46.0,0.0,0.0,0.0,0.0,0.0,0.0,0.0,0.0,0.0,0.0,0.0,Bad
55.0,234.0,17.5133366787103,83.0,20.0,1.0,0.0,77.51781527218759,1.0,3.0,5.0,22.157693012058335,0.0,22.0,4.0,3.0,3.0,46.0,24.0,8.0,3.0,2.0,72.0,0.0,0.0,0.0,0.0,0.0,0.0,0.0,0.0,0.0,0.0,0.0,Bad
89.0,243.2546615055943,12.560123765724658,93.0,24.0,0.0,0.0,103.01152590386423,47.832553234502655,7.0,8.0,28.0,1.0,24.179855999148142,13.0,0.0,0.0,0.0,58.758447317596136,3.0,1.0,0.0,44.0,1.0,0.0,0.0,0.0,0.0,0.0,1.0,0.0,0.0,0.0,0.0,Good
66.9692356104733,111.0,6.0,79.0,9.0,2.0,2.0,92.0,23.0,4.044582716178423,2.0,24.0,1.1499494055776784,67.0,2.8488303936163457,0.0,0.0,39.0,72.46339739565174,4.0,2.1125461540497006,2.0,83.0,0.0,1.0,0.0,0.0,0.0,0.0,1.0,0.0,1.0,0.0,0.0,Bad
61.309021729645785,216.0,7.0,72.0,32.43986107583919,0.0,0.0,91.0,4.0,4.0,6.0,33.0,3.0,21.62194877999647,0.0,1.0,1.0,37.0,66.75494217591235,9.0,2.0,4.0,58.0,0.0,0.0,0.0,0.0,0.0,0.0,0.0,0.0,0.0,0.0,0.0,Bad
79.0,83.0,2.0,43.16152692653763,28.0,0.0,0.0,100.0,41.64981563838907,7.0,8.0,31.0,4.0,17.0,0.0,1.1959183595901262,1.1693583438271493,6.0,89.0,3.0,3.0,0.0,46.0,1.0,0.0,0.0,0.0,0.0,0.0,0.0,0.0,0.0,0.0,0.0,Good
86.0,317.8549406962867,7.0,145.0,12.0,0.038385964214602275,0.0,100.0,41.46556390310997,6.788916379930947,8.0,0.0,0.5388448139837676,25.0,7.0,0.0481855975612438,0.0,11.0,35.0,4.0,2.0,0.0,67.0,1.0,0.0,1.0,0.0,0.0,0.0,0.0,0.0,0.0,0.0,0.0,Good
84.97424448002806,302.0,22.0,93.0,14.0,0.0,0.0,100.0,45.6241808659218,7.0,8.0,17.26840400062679,0.0,7.0,4.0,1.0039614189113661,1.0,2.0,49.92476761231297,4.0,0.6087834109928905,0.1048710286409884,67.0,1.0,0.0,0.0,0.0,0.0,0.0,1.0,0.0,1.0,0.0,0.0,Good
73.0,273.0,5.0,100.0,23.0,2.0,2.0,88.0,37.0,6.0,2.0,25.0,1.9607885405518517,46.0,0.0,0.0,0.0,0.0,82.0,1.0,2.0,0.0,50.0,0.0,0.0,0.0,0.0,0.0,0.0,0.0,0.0,0.0,0.0,0.0,Bad
65.0,121.16966342042622,8.0,55.0,7.0,2.0,2.0,78.0,67.0,5.965319851460569,2.0,9.273722733682689,1.0,56.0,1.9303780517401026,0.0,-0.011183776376490817,78.0,77.0,2.0,2.279698743601278,1.0,75.0,0.0,1.0,0.0,0.0,0.0,0.0,0.0,0.0,0.0,0.0,0.0,Bad
82.40649119911643,173.56992799948762,7.0,54.0,26.0,0.0,0.0,97.63053270474725,70.0,7.259859691244284,6.0,40.0,2.0,35.557301077597934,0.0,2.0,2.0,5.0,79.0,3.0,2.0,-0.051231593368526784,56.0,0.0,0.0,0.0,0.0,0.0,0.0,0.0,0.0,0.0,0.0,0.0,Good
65.0,114.0,3.64177992254346,63.0,14.0,4.0,2.0,72.52453768608588,16.0,3.935017068068481,2.0,19.0,2.0,33.02298914120791,1.1212919367346692,3.0,2.9038180880817195,23.0,80.0,3.0,1.0,1.0,57.0,0.0,1.0,0.0,0.0,0.0,0.0,0.0,0.0,0.0,0.0,0.0,Good
66.26548458297445,26.0,2.0,51.0,7.0,0.0,-0.09881553156098954,90.0,4.0,4.0,6.0,3.0,2.0,60.0,2.1321434242740698,1.0870604722356703,1.053319373527576,28.0,74.97322750921491,2.0,3.0,0.14331032038403113,83.0,0.0,1.0,0.0,0.0,0.0,0.0,0.0,0.0,0.0,0.0,0.0,Bad
77.0,177.0,-2.9275071129836228,59.0,41.0,0.0,0.0,100.0,39.22523479563475,7.0,8.0,43.0,6.0,9.0,0.0,3.09213057890795,3.0,3.0,77.33111493126877,8.0,1.0,1.0,33.0,1.0,0.0,0.0,0.0,0.0,0.0,1.0,0.0,0.0,0.0,0.0,Good
67.0,256.0,4.0,67.0,23.0,0.07264566802203287,0.0,96.0,5.0,4.329515519782959,6.0,23.0,4.0,39.0,0.0,0.04308157721250059,0.0,9.0,79.0,7.0,4.0,3.0,92.0,0.0,0.0,0.0,0.0,0.0,0.0,0.0,0.0,0.0,0.0,0.0,Good
80.0,222.0,3.0,96.0,28.0,0.0,0.0,93.0,21.0,6.0,6.0,29.0,2.0,41.0,0.0,0.0,0.0,14.0,45.0,2.0,4.0,0.0,46.0,0.0,0.0,0.0,0.0,0.0,0.0,0.0,0.0,0.0,0.0,0.0,Good
76.65725984514359,97.0,13.0,51.0,13.516620829855414,0.0,0.0,93.0,45.0,6.0,6.0,14.0,0.0,21.0,3.5805346247780814,0.0,0.0,20.0,63.28205812084575,2.0,2.0947009597461665,0.0,71.0,0.0,1.0,0.0,0.0,0.0,0.0,0.0,0.0,0.0,0.0,0.0,Bad
56.0,165.76068306364078,12.0,67.0,25.0,1.4960930320163586,1.0,80.22546865704481,0.0,0.0,5.0,26.0,0.0,42.10301828616238,12.0,-0.00021216903722455147,0.0,16.0,77.0,3.0,4.0,0.7372603058600273,58.0,0.0,0.0,0.0,0.0,0.0,0.0,0.0,0.0,0.0,0.0,0.0,Bad
57.0,156.85331761204532,7.0,62.0,16.0,1.7066798139061528,1.0,72.0,2.0,3.5917165636968837,3.0,19.0,2.0,47.0,0.0,1.0,1.0,67.0,69.55859033529693,5.0,2.0,3.0,100.0,0.0,0.0,0.0,0.0,0.0,0.0,0.0,0.0,0.0,0.0,0.0,Bad
73.0,403.0,9.0,114.43535753354162,20.0,2.0,2.0,100.0,28.3377728182611,6.0,8.0,23.846091881089645,1.0,32.0655219098978,3.515313882123109,0.0,0.0,17.0,83.0,4.0,2.0,1.0,55.0,1.0,1.0,0.0,0.0,0.0,0.0,0.0,0.0,0.0,0.0,0.0,Bad
73.6112600571152,142.0,10.0,65.0,22.0,0.0,0.0,100.23988162080931,41.66192226206229,7.0,8.0,23.0,1.981265270296781,41.49026452973895,4.0,1.0,1.0,55.0,71.0,5.0,3.0,1.0,89.0,1.0,0.0,0.0,0.0,0.0,0.0,0.0,0.0,0.0,0.0,0.0,Good
57.0,239.0,4.4825998091112815,93.0,22.88501580216409,0.0,0.0,93.0,3.0,4.0,6.0,24.498209503257552,2.0,37.0,0.0,3.0,3.0,63.0,94.0,6.0,2.0,3.0,90.0,0.0,0.0,0.0,0.0,0.0,0.0,0.0,0.0,0.0,0.0,0.0,Good
61.0,199.0,9.0,85.0,24.0,0.0,0.0,100.0,26.961025840472473,7.0,8.0,24.953466768697414,1.9036620442090562,18.978648591966657,6.0,0.0,0.029867842658846094,80.0,65.26835360863845,5.0,1.2704682787970136,4.0,63.0,1.0,0.0,0.0,0.0,0.0,0.0,1.0,0.0,1.0,0.0,0.0,Bad
77.0,225.0,9.0,88.0,44.0,0.0,-0.16393723163950932,98.0,23.0,6.0,6.0,58.0,3.0,21.0,10.0,0.0,0.0,22.0,62.70913343732452,10.0,1.0,0.0,65.0,0.0,0.0,0.0,0.0,0.0,0.0,1.0,0.0,0.0,0.0,0.0,Good
72.0,118.0,8.0,60.61173869987785,19.0,0.2603927877546446,0.0,95.0,60.0,6.0,5.0,20.0,1.0,43.13897943803293,21.0,-0.005005034062879048,0.0,53.0,69.83232558759342,5.0,3.0366208684312817,0.0,100.0,0.0,0.0,0.0,0.0,0.0,0.0,0.0,0.0,0.0,0.0,0.0,Bad
66.0,209.0,19.0,90.700207466213,29.0,0.4462130148554171,0.0,83.0,6.0,4.48737661249698,6.0,30.0,0.0,50.0,3.0,1.0,1.0,43.0,55.998332532892185,8.0,8.0,1.0,94.0,0.0,0.0,0.0,0.0,0.0,0.0,0.0,0.0,0.0,0.0,0.0,Good
60.0,294.0,9.423466169842666,101.78430784946288,11.0,3.0,2.0,71.71291120211691,2.0,0.0,2.0,16.0,1.2986867166329183,25.0,3.122220243748506,0.0,0.0,28.0,74.0,5.0,2.0,0.0,78.0,0.0,1.0,0.0,0.0,0.0,0.0,0.0,0.0,0.0,0.0,0.0,Bad
79.0,54.0,4.387926866093309,21.0,7.0,0.0,0.0,100.0,44.44308287591039,7.0,8.0,7.0,2.0,43.0,2.1009096136259866,2.0,2.0,9.0,74.0,2.0,3.0,0.0,100.0,1.0,1.0,0.0,0.0,0.0,0.0,0.0,0.0,0.0,0.0,0.0,Bad
74.0,218.0,9.0,71.0,24.0,0.0,0.0,100.0,38.193930621812,7.0,8.0,24.0,2.0,38.0,8.0,0.0,0.0,42.0,88.0,7.0,3.0,0.0,77.0,1.0,0.0,0.0,0.0,0.0,0.0,0.0,0.0,0.0,0.0,0.0,Good
62.168953768384846,380.0,5.0,112.5368651599921,16.0,0.5333354769546044,0.0,71.0,7.0,4.0,6.0,19.926946197167236,1.222091343862874,18.0,0.0,1.0,1.0,66.0,61.7395491905705,4.0,1.0,3.0,50.0,0.0,0.0,0.0,0.0,0.0,0.0,1.0,0.0,0.0,0.0,0.0,Bad
59.0,191.19969476578763,18.0437616308619,90.0,13.0,0.0,-0.10394018879937661,85.0,5.0,4.0,6.0,14.0,0.0,54.0,1.0,1.083173749962329,1.0191418133109114,104.0,59.327782312123006,2.0,1.0,2.0,100.0,0.0,0.0,0.0,0.0,0.0,0.0,1.0,0.0,0.0,0.0,0.0,Good
87.0,182.0,8.0,73.0,45.0,0.0,0.00372970622468502,98.0,43.768887414057104,6.0,6.0,45.0,4.0,20.0,15.0,0.0,0.0,4.0,64.84868572448588,2.0,2.0,0.0,20.0,0.0,0.0,0.0,1.0,0.0,0.0,0.0,0.0,0.0,0.0,0.0,Good
76.0,178.0,1.0,73.0,6.0,0.0,-0.04713112822030363,99.46099530204154,51.391299161577564,7.724117798336794,8.0,11.0,1.0,37.030111978521475,1.271875055815482,3.0,3.0,98.0,74.84399028356417,3.0,2.0,1.0,83.0,1.0,1.0,0.0,0.0,0.0,0.0,1.0,0.0,0.0,0.0,0.0,Bad
63.0,184.0,9.0,75.0,22.0,0.0,0.0,95.0,4.0,4.0,6.0,22.0,1.0,18.0,0.0,1.0,1.0,78.0,6.0,8.0,2.0,4.0,79.0,0.0,0.0,0.0,0.0,0.0,0.0,0.0,0.0,0.0,0.0,0.0,Bad
66.0,502.0,4.0,148.58343501105202,51.230303655967674,0.0,-0.21792520714400432,97.0,36.0,6.0,6.0,54.7954741653639,4.0,27.0,4.0,3.0,3.0,80.0,53.0,17.0,3.0,12.0,83.0,0.0,0.0,0.0,0.0,0.0,0.0,0.0,0.0,0.0,0.0,0.0,Bad
74.4034215945266,280.0,2.0,98.94994776105922,54.0,0.0,0.0004093162283734797,100.0,36.06461226482716,6.68597590934627,8.0,11.0,8.0,21.089380599367846,5.0,2.0,1.0,22.0,73.27928396392673,9.0,4.0,1.0,44.0,1.0,0.0,0.0,0.0,0.0,0.0,0.0,0.0,0.0,0.0,0.0,Good
66.0,184.0,11.954490192909137,112.0,15.0,1.0,0.0,56.0,4.0,4.0,5.0,43.0,1.0,28.0,2.9979542068860616,0.0,0.0,58.0,87.0,5.0,2.0,1.5964420059102267,70.0,0.0,1.0,0.0,0.0,0.0,0.0,0.0,0.0,0.0,0.0,0.0,Bad
75.0,155.0,16.64713289739442,77.0,23.0,0.8623721051156994,1.0,100.0,33.676024810790096,7.0,8.0,3.0,0.0,17.0,3.558608333941766,1.0,0.0,6.0,37.0,4.0,2.375200904149396,0.0,64.0,1.0,1.0,0.0,0.0,0.0,0.0,0.0,0.0,0.0,0.0,0.0,Bad
63.0,222.0,6.0,66.21162982161945,25.592071882756933,0.0,-0.09274388361324146,92.0,70.0,6.0,6.0,26.0,5.0,58.0,0.0,4.0,4.0,86.0,80.69499910835523,8.0,3.8133310624027263,4.0,100.0,0.0,0.0,0.0,0.0,0.0,0.0,0.0,0.0,0.0,0.0,0.0,Bad
72.0,206.0,6.0,84.45918078166856,43.0,0.0,0.0,100.0,39.615072343183726,7.0,8.0,43.45260564499533,1.0,40.37698520019154,0.0,1.0657685285038008,1.0,66.0,60.0,7.0,3.0,4.0,91.0,1.0,0.0,0.0,0.0,0.0,0.0,0.0,0.0,0.0,0.0,0.0,Good
64.0,85.0,0.0,13.0,2.0,0.0,0.0,100.0,61.40661480017911,8.896154958335986,8.0,9.0,8.0,33.0,0.0,66.0,66.0,65.0,82.20973522836344,2.0,3.0,1.1950949911828141,71.0,1.0,0.0,0.0,0.0,0.0,0.0,1.0,0.0,0.0,0.0,0.0,Bad
82.0,351.0,14.849573174904226,113.43939006781763,18.450953320943082,0.0,0.0,100.0,42.563790966520656,6.756685462367626,8.0,21.569900504019625,1.0663765499220261,47.0,0.0,0.0,0.0,22.0,60.47649377065913,4.0,2.0,0.0,86.0,1.0,0.0,0.0,0.0,0.0,0.0,1.0,0.0,0.0,0.0,0.0,Good
71.0,202.17328779691866,5.0,79.0,14.0,0.0,0.0,87.0,7.0,4.0,6.0,15.0,0.820315669399716,67.0,15.0,0.0,0.0,58.0,71.0,3.0,3.1742775731678425,1.0,86.0,0.0,0.0,1.0,0.0,0.0,0.0,0.0,0.0,0.0,0.0,0.0,Good
78.0,128.0,24.96798502817447,54.0,7.0,0.0,0.0,92.23800866350896,45.664683447889274,7.0,8.0,8.0,3.0,63.0,0.0,1.1274690848388036,1.0800134895828584,33.58241051638683,2.0,1.0,2.0,-0.3503493371445201,100.0,1.0,0.0,0.0,0.0,0.0,1.0,0.0,0.0,0.0,1.0,0.0,Bad
68.0,130.0,8.0,51.0,30.0,2.0,2.0,97.0,71.0,6.0,6.0,36.0,2.0,53.0,0.0,0.04775359848229969,0.0,59.0,24.0,5.0,4.0,0.0,75.0,0.0,0.0,0.0,0.0,0.0,0.0,0.0,0.0,0.0,0.0,0.0,Bad
85.0,158.0,16.0,70.0,8.0,0.0,0.018797683325371017,100.0,51.65452928523976,7.0,8.0,8.0,1.0567102357259106,25.0,6.0,0.0,0.0,20.0,80.0,3.0,2.0,0.0,83.0,1.0,0.0,0.0,0.0,0.0,0.0,0.0,0.0,0.0,0.0,0.0,Good
57.0,180.0,9.0,98.0,19.0,3.0,3.0,74.0,4.0,0.0,6.0,21.0,1.0,21.0,0.0,1.0,0.9714248532144505,21.0,62.71313729089934,9.0,1.0,1.7234874694790165,71.0,0.0,0.0,0.0,0.0,0.0,0.0,0.0,0.0,0.0,0.0,0.0,Bad
84.0,249.9400208502458,3.0,86.0,36.30658948644327,0.0,0.0,100.0,39.19285919910422,7.0,8.0,40.0,3.0,25.0,3.757371009378421,1.0,1.0,1.0,68.51947354704274,3.0,6.0,0.0,41.0,1.0,1.0,0.0,0.0,0.0,0.0,1.0,0.0,0.0,0.0,0.0,Good
61.0,93.52790051667874,5.0,27.0,18.0,0.0,0.0,89.52024350742668,21.0,6.0,6.0,19.5990818894923,3.023281177704164,48.09940568032195,0.0,2.0,1.9403165168139003,48.0,62.0,6.0,6.0,1.6911610477081735,92.0,0.0,0.0,0.0,0.0,0.0,0.0,0.0,0.0,0.0,0.0,0.0,Bad
56.0,49.0,-0.996141989422501,24.508131524412725,22.846389178645676,0.0,0.0,95.0,2.0,4.0,6.0,22.0,4.0,18.0,0.0,0.0,0.0,48.0,77.23186470895247,6.0,2.0,1.0,67.0,0.0,0.0,0.0,0.0,0.0,0.0,0.0,0.0,0.0,0.0,0.0,Good
76.44618539940694,193.9082543542868,8.0,82.0,13.0,-0.005549366303432723,0.0,100.0,43.66815653901017,7.0,8.0,13.0,1.0,42.25682070553219,0.0,0.03470069210161836,0.0,47.0,92.0,3.0,2.0,2.0,83.0,1.0,0.0,0.0,0.0,0.0,0.0,0.0,0.0,0.0,0.0,0.0,Good
73.0,300.0,32.0,143.0,13.953537544157253,0.0,-0.21722672275488797,77.0,0.0,4.0,6.0,13.0,0.0,23.0,0.0,2.0,1.902704495710431,7.0,66.0,3.0,1.0,0.0,67.0,0.0,0.0,0.0,0.0,0.0,0.0,0.0,0.0,0.0,0.0,0.0,Bad
92.09521686685548,451.0,20.0,207.0,9.0,0.0,0.0,100.0,50.32288158695246,7.0,8.0,10.597133498224267,0.0,11.0,0.0,1.0,1.0,1.0,44.33347366519696,4.0,0.3309348822093203,0.0,80.0,1.0,0.0,0.0,0.0,0.0,0.0,1.0,0.0,1.0,0.0,0.0,Good
64.11289870078511,198.7942077466676,2.0,71.0,27.0,1.711393490903094,1.0,83.0,21.0,4.077775415670582,2.0,35.0,4.0,43.0,0.0,4.090357471632315,4.0,35.0,100.0,5.0,3.0,0.0,90.0,0.0,0.0,0.0,0.0,0.0,0.0,0.0,0.0,0.0,0.0,0.0,Bad
87.0,254.0,31.0,106.0,14.0,0.0,0.0,100.0,46.15234476754725,7.0,8.0,14.0,0.0,43.0,0.0,2.0,1.9050644955009906,5.0,46.81590695006018,2.0,2.0,0.0,44.0,1.0,0.0,0.0,0.0,0.0,0.0,1.0,0.0,0.0,0.0,0.0,Good
86.0,272.0,7.0,101.9957255043784,17.0,1.0,0.0,94.0,81.0,7.512022862264754,5.0,18.765706652496846,1.0,18.011479554319948,6.0,0.0,-0.02544268257620659,7.0,66.23048604206544,4.0,0.5647625016123462,0.3422942430326401,42.0,0.0,0.0,0.0,0.0,0.0,0.0,1.0,0.0,0.0,0.0,0.0,Bad
64.0,246.0,9.710819726573959,106.0,5.0,3.0,3.0,88.0,57.0,6.0,3.0,8.0,1.7056091955362431,88.0,0.8886024212645718,1.0,1.0,68.74115058353719,144.0,0.701089265569061,4.0,1.031822164177336,100.0,0.0,1.0,0.0,0.0,0.0,1.0,0.0,1.0,0.0,1.0,0.0,Bad
67.0,181.0,6.0,62.0,27.0,0.20559793676673666,0.0,89.73123130359448,26.0,6.0,6.0,27.0,4.0,26.0,0.0,2.0,1.9151677525640416,34.0,70.09302904073932,3.0,1.0,2.0,33.0,0.0,0.0,0.0,0.0,0.0,0.0,1.0,0.0,0.0,0.0,0.0,Good
89.0,218.0,4.0,87.0,24.0,0.0,0.0,100.0,47.840247171665794,7.307057438777482,8.0,10.0,2.0,35.0,22.0,0.016175941786483405,0.0,9.0,66.08039613967775,1.0,1.0,0.0,20.0,1.0,0.0,0.0,0.0,0.0,0.0,1.0,0.0,0.0,0.0,0.0,Good
73.0,160.0,4.0,66.0,14.0,0.0,0.0,86.0,6.0,4.0,6.0,14.0,1.0,14.0,1.0,2.0,2.0,15.0,64.78782315288213,3.0,1.0,1.0,40.0,0.0,0.0,0.0,0.0,0.0,0.0,1.0,0.0,0.0,0.0,0.0,Good
69.8233909564467,191.0,2.0,70.0,30.0671344345845,0.0,-0.23346770218684615,86.0,42.0,6.0,6.0,29.0,2.490976297388919,21.0,13.0,0.0,-0.024068797703875405,41.0,71.0680671191048,10.0,2.0,2.539110385534376,67.0,0.0,0.0,0.0,0.0,0.0,0.0,0.0,0.0,0.0,0.0,0.0,Good
60.71230310807473,249.63056845819528,-1.5388681604467571,80.29505469921841,44.20000482199677,0.0,0.0,98.0,1.0,4.0,6.0,50.0,1.0,28.0,1.0,2.0,2.0,59.0,100.0,10.0,3.0,3.5321601144505284,62.0,0.0,0.0,0.0,0.0,0.0,0.0,0.0,0.0,0.0,0.0,0.0,Good
72.0,77.0,5.0,51.0,8.0,0.0,0.0,100.0,46.02090278908503,7.0,8.0,9.0,1.0,63.0,7.0,0.0,0.0,89.0,76.60005553044098,1.0,1.0,1.5831188838846226,100.0,1.0,0.0,0.0,0.0,0.0,0.0,1.0,0.0,0.0,1.0,0.0,Bad
69.38116768895843,126.0,5.0,49.0,49.0,0.0,0.0,107.54210080744005,41.99171708866996,7.0,8.0,49.63610495342854,10.0,29.0,1.0,2.0960391566352303,2.0,46.0,78.0,6.0,3.0,2.0,56.0,1.0,0.0,0.0,0.0,0.0,0.0,0.0,0.0,0.0,0.0,0.0,Good
68.76636751007511,37.0,9.743144768744376,23.0,4.0,0.0,0.0,94.58412907159371,39.93507274686473,7.0,8.0,4.486368750621351,1.0,25.0,0.0,0.0,-0.008013231865539955,86.0,70.14396038740375,1.0,1.0,1.0,67.0,1.0,0.0,0.0,0.0,0.0,0.0,1.0,0.0,0.0,0.0,0.0,Bad
83.0,217.0,3.649589734761488,73.0,34.0,-0.00902889934277118,0.0,100.0,44.5727009154881,7.0,8.0,39.0,2.4687106724364316,21.0,1.0,1.0,0.9655047907760044,7.0,70.29976095727388,6.0,2.0,1.0,57.0,1.0,0.0,0.0,0.0,0.0,0.0,0.0,0.0,0.0,0.0,0.0,Good
66.0,265.0,-0.7452489400749265,78.0,50.0,1.0,0.0,88.0,11.0,3.0,5.0,51.0,5.0,22.829704155513046,2.0,4.0,4.0,24.0,56.0,7.0,2.0,3.0,39.0,0.0,0.0,0.0,0.0,0.0,0.0,0.0,0.0,0.0,0.0,0.0,Good
68.37713539578183,244.0,3.0,73.0,23.334134221832322,0.5882611683047765,0.0,74.0,25.0,6.0,5.0,27.0,1.0,37.0,0.0,2.081236107211315,2.0,48.0,69.49497145865642,2.0,1.0,1.0,27.0,0.0,0.0,0.0,0.0,0.0,0.0,0.0,0.0,0.0,0.0,0.0,Bad
71.36161815634608,187.0,5.0,53.0,24.0,0.0,0.0,100.0,37.08353033052646,6.691125947198478,8.0,24.0,4.0,33.0,14.0,0.0,0.0,51.0,98.0,6.0,3.0,3.0,60.0,1.0,0.0,0.0,0.0,0.0,0.0,0.0,0.0,0.0,0.0,0.0,Good
71.45724503689749,256.0,15.0,52.0,17.0,0.0,0.0,100.0,39.88307800885303,7.0,8.0,19.0,2.513767619426544,29.0,2.0,5.0,5.0,57.0,79.0,2.0,2.3611020117640393,2.0,60.0,1.0,0.0,0.0,0.0,0.0,0.0,0.0,0.0,0.0,0.0,0.0,Good
75.16679697771698,212.0,14.0,87.0,21.0,0.0,0.0,100.0,30.905144872576102,5.0,7.0,21.331685715923495,0.0,33.0,3.7504693944355485,0.011233962687569717,0.0,40.0,85.0,7.0,2.0,0.0,90.0,1.0,1.0,0.0,0.0,0.0,0.0,0.0,0.0,0.0,0.0,0.0,Bad
55.0,66.23937123509465,7.0,23.0,12.742026144273012,0.0,0.0,77.0,7.0,4.64028134273586,6.0,13.0,1.984926227888887,62.0,1.582218392600868,0.0362510253461775,0.0,93.0,91.0,2.0,3.012504575936544,2.0,75.0,0.0,1.0,0.0,0.0,0.0,0.0,0.0,0.0,0.0,0.0,0.0,Bad
56.0,148.0,12.0,59.0,13.0,2.0,1.565572421153325,75.0,1.0,0.0,2.0,16.0,0.0,63.0,0.0,1.0,1.0,86.0,4.0,3.0,2.0,1.9173615577773577,71.0,0.0,0.0,0.0,0.0,0.0,0.0,0.0,0.0,0.0,0.0,0.0,Bad
72.0,391.0,14.0,95.0,15.0,0.0,0.0,87.0,19.0,6.0,6.0,15.0,0.0,27.0,3.534439776471053,0.03188217733788877,0.0,30.0,72.0,8.0,2.3565529206234848,1.0,91.0,0.0,0.0,0.0,0.0,1.0,0.0,0.0,0.0,0.0,0.0,0.0,Good
72.0,139.0,6.0,51.756837648277596,11.0,-0.1296032802564322,0.0,91.0,37.09430952244995,6.0,6.0,13.824230731384231,2.0,91.0,0.0,0.05544155035796848,0.0,46.89613596748512,80.0,0.5106105851568943,3.0,0.07289541036917124,100.0,0.0,0.0,0.0,1.0,0.0,1.0,0.0,1.0,0.0,1.0,0.0,Bad
64.10010459764008,188.28128563520144,6.0,77.0,18.0,3.0,3.0,100.0,-3.4056739387256556,0.0,8.0,13.422641699713907,2.0,32.0,0.0,4.0,4.0,19.0,67.34793386426541,2.0,1.1703216499612779,1.0,40.0,1.0,0.0,1.0,0.0,0.0,0.0,1.0,0.0,1.0,0.0,0.0,Good
80.0,250.0,1.0,76.0,21.12430112613198,0.0,0.03663881953160486,95.0871157536389,37.17713804787695,6.0,6.0,24.102420806936717,1.0,33.0,0.0,2.0,2.0,4.0,71.68677649582348,3.0,2.9324527285023274,1.0,75.0,0.0,0.0,0.0,1.0,0.0,0.0,0.0,0.0,0.0,0.0,0.0,Bad
64.51104816630553,180.0,14.0,90.0,3.4465966504747723,1.4129422034378236,1.0,72.1043115771987,21.0,4.423195653902797,4.0,5.0,0.0,40.0,0.0,0.0,0.0,53.968108298168886,85.0,1.0,2.0,0.4027478823942605,100.0,0.0,0.0,0.0,0.0,0.0,1.0,0.0,0.0,0.0,1.0,0.0,Bad
72.0,76.94723899854068,48.0,48.0,1.0,1.5065563606808596,0.0,0.0,25.0,6.0,6.0,24.0,0.0,100.0,0.0,2.0,2.0,18.236612836277473,38.71779648175394,-5.055465464111938,1.0,-2.7815646908184433,100.0,0.0,0.0,0.0,0.0,0.0,1.0,1.0,1.0,0.0,1.0,0.0,Good
64.0,207.0,25.0,77.0,11.0,2.0,2.0,82.0,13.0,4.426052299776621,6.0,11.0,0.0,36.0,2.0702613252375444,2.061275768727203,2.0,57.0,22.0,2.0,2.2341050743373305,0.0,71.0,0.0,1.0,0.0,0.0,0.0,0.0,0.0,0.0,0.0,0.0,0.0,Bad
64.0,230.0,11.0,108.0,35.0,0.0,0.0,92.0,4.0,4.443534450773025,6.0,34.85926794961554,1.0,47.0,2.0,1.0,1.0,56.0,40.0,7.0,8.0,2.0,83.0,0.0,0.0,0.0,0.0,0.0,0.0,0.0,0.0,0.0,0.0,0.0,Good
72.0,348.0,11.713476586268833,120.33191202781394,28.0,0.0,0.0,93.0,27.0,6.0,6.0,28.0,1.0,13.125147973074561,3.0,1.0,1.0,40.0,58.013588615480884,14.0,1.0,1.0,100.0,0.0,0.0,0.0,0.0,0.0,0.0,1.0,0.0,0.0,0.0,0.0,Good
77.0,239.0,3.0,112.0,14.0,0.0,0.0,93.0,36.74091333142786,6.0,6.0,14.0,1.3362848764935222,36.0,0.0,1.0,1.0,33.0,98.0,3.0,2.0,2.0,63.0,0.0,0.0,0.0,1.0,0.0,0.0,0.0,0.0,0.0,0.0,0.0,Good
87.0,210.0,18.18851308899984,97.0,16.0,0.0,0.0,100.0,49.12439192055675,7.0,8.0,15.81425843568569,0.0,25.0,3.885808231103368,0.9052005941266746,0.8317790407007576,19.0,55.59001119846627,3.0,0.656822895680987,0.0,50.0,1.0,0.0,0.0,0.0,1.0,0.0,1.0,0.0,0.0,0.0,0.0,Good
83.62207395294682,232.6773532774107,38.0,114.97103335996779,8.638340781973643,0.0,0.0,100.0,49.8389166356321,7.0,8.0,12.0,0.0,17.0,18.0,0.0,0.0,33.0,36.47799424238528,4.0,0.852039954104455,0.0,100.0,1.0,0.0,0.0,0.0,0.0,0.0,1.0,0.0,1.0,0.0,0.0,Good
70.99348935109455,262.1614631731056,2.0,114.0,11.731463037948792,7.0,7.0,75.0,38.0,6.0,2.0,13.0,1.0650426531170787,31.0,6.0,1.0437368199346477,1.00017737141915,2.0,67.53143243858169,1.0,0.9694817914243521,0.0,50.0,0.0,0.0,0.0,0.0,0.0,0.0,1.0,0.0,0.0,0.0,0.0,Bad
80.0,381.0,2.0,90.0,23.0,0.0,0.0,92.0,33.0,6.0,6.0,26.876640276496417,2.0,33.0,0.0,1.0488477469053112,1.0,3.0,84.0,3.0,3.0,0.0,50.0,0.0,0.0,0.0,0.0,0.0,0.0,0.0,0.0,0.0,0.0,0.0,Good
69.0,200.0,7.0,90.0,23.0,2.0,2.0,93.89173526428469,24.98474748307663,6.0,8.0,24.0,1.0,42.0,22.0,-0.018196986224018573,0.0,17.0,74.0,2.0,2.0,1.0,80.0,1.0,0.0,0.0,0.0,0.0,0.0,0.0,0.0,0.0,0.0,0.0,Good
69.86513161810919,71.0,8.54865270520978,47.0,9.27322067620615,0.13868279572233666,0.0,89.0,14.0,6.0,6.0,11.397678101201981,0.0,66.99798289953318,0.0,2.114710221967684,2.0,17.0,93.0,1.0,3.3014594968588007,-0.42721612550457344,100.0,0.0,0.0,0.0,0.0,0.0,0.0,0.0,0.0,0.0,1.0,0.0,Bad
70.0,117.0,12.0,56.0,9.355654498793939,0.0,0.0,100.0,42.71118846726736,7.0,8.0,11.0,0.0,27.0,0.0,1.0,1.0,99.0,6.0,4.0,1.0,2.0,100.0,1.0,0.0,0.0,0.0,0.0,0.0,0.0,0.0,0.0,0.0,0.0,Bad
62.0,238.88824819721975,22.0,94.0,41.0,1.0,0.0,67.0,2.0,4.0,5.0,52.0,0.0,65.0,2.0,3.0,3.0,7.0,66.0,4.0,4.0,0.7573838939057946,53.0,0.0,0.0,0.0,0.0,0.0,0.0,0.0,0.0,0.0,0.0,0.0,Bad
89.0,244.57952706627447,7.0,95.65678123848974,22.0,-0.041039632771909584,0.0,100.0,50.622478280418676,7.0,8.0,25.0,1.2638426509196767,36.0,3.0,1.045110029361226,1.0,10.0,66.49704923132585,2.0,1.0,0.0,60.0,1.0,0.0,0.0,0.0,0.0,0.0,1.0,0.0,0.0,0.0,0.0,Bad
88.65502582253546,386.0,6.0,189.0,26.0,0.0,0.0,100.36172635604284,42.08483554240746,6.908473660422523,8.0,28.0,2.0,18.39013943421348,7.0,0.0,-0.023141864679393748,12.0,47.0,3.0,1.0,0.6517972807256687,24.0,1.0,0.0,0.0,0.0,0.0,0.0,0.0,0.0,0.0,0.0,0.0,Good
71.78022735181897,150.37665226870607,2.0,60.0,15.267648045020449,3.0,1.0,82.0,41.0,6.0,2.0,18.0,1.0,53.0,0.0,3.0,3.0,6.0,60.0,3.0,4.0,1.0,88.0,0.0,0.0,0.0,0.0,0.0,0.0,0.0,0.0,0.0,0.0,0.0,Bad
67.0,287.107894392352,7.0,123.0,21.0,0.3244376678786103,0.0,87.05267519570383,36.0,6.0,6.0,22.0,1.4567884207300281,9.0,0.0,1.0278283460556168,1.0,68.0,63.07046379180484,5.0,1.0720751056695697,2.0990390543723807,83.0,0.0,0.0,0.0,0.0,0.0,0.0,1.0,0.0,1.0,0.0,0.0,Bad
68.0,125.0,9.0,95.0,14.0,3.0,2.643359594319902,94.0,58.0,0.0,2.0,16.0,1.0,50.0,7.0,0.01708204308890593,0.0,14.0,97.0,2.0,2.0,0.0,57.0,0.0,0.0,0.0,0.0,0.0,0.0,0.0,0.0,0.0,0.0,0.0,Bad
80.0,187.0,2.0,93.0,18.0,-0.0022102342462710922,0.0,100.0,43.32197350877453,7.0,8.0,19.0,1.0,26.0,3.838536022619271,0.0,0.0,31.0,69.93504541776018,3.0,1.0,2.0,63.0,1.0,0.0,0.0,0.0,1.0,0.0,1.0,0.0,0.0,0.0,0.0,Good
68.0,377.0,10.0,81.0,16.0,1.0,0.0,90.0,58.0,6.0,5.0,21.0,3.0,29.0,0.0,2.0,1.0,54.0,35.0,8.0,2.0,2.212641808918405,85.0,0.0,0.0,0.0,0.0,0.0,0.0,0.0,0.0,0.0,0.0,0.0,Bad
78.0,245.0,12.0,17.0,4.0,0.0,0.0,100.0,36.693657615722515,7.0,8.0,11.0,2.0968790046778314,50.0,15.0,0.0,0.0,0.0,72.0,0.0,2.0,0.0,50.0,1.0,0.0,0.0,0.0,0.0,0.0,0.0,0.0,0.0,0.0,0.0,Bad
80.0,172.0,1.0,92.0,21.0,0.002738735971580031,0.0,100.0,47.446353342123416,7.170082773260906,8.0,22.0,2.0,27.0,0.0,1.0,0.9660116432535794,37.0,72.95670981596245,4.0,1.0,1.0,83.0,1.0,0.0,0.0,0.0,0.0,0.0,1.0,0.0,0.0,0.0,0.0,Good
55.0,336.0,14.66356760795735,111.0,17.0,2.0,1.6326163401218907,74.0,1.0,0.0,2.0,20.0,2.0,32.0,2.9296933805607357,0.0,0.0,39.0,57.34134129704695,5.0,2.0,0.0,88.0,0.0,1.0,0.0,0.0,0.0,0.0,1.0,0.0,0.0,0.0,0.0,Bad
85.0,176.0,3.0,71.0,29.0,0.0,0.0,100.0,42.63941439280734,6.0,7.0,32.0,3.0,34.0,2.036338993662899,4.0,4.0,1.0,72.09500760264635,2.0,1.0,0.0,50.0,1.0,1.0,0.0,0.0,0.0,0.0,1.0,0.0,0.0,0.0,0.0,Good
64.61602208924226,209.0,9.320222557907119,110.0,43.0,1.0,0.0,87.43757805980394,13.0,5.0,5.0,48.0,2.0,54.0,2.827405912772441,1.0,1.0,51.0,66.12014985048494,10.0,3.0,2.0,76.0,0.0,1.0,0.0,0.0,0.0,0.0,0.0,0.0,0.0,0.0,0.0,Bad
68.0,132.0,3.2093108876919416,60.0,19.0,1.0,1.0,100.0,31.975014924176946,5.971899423629995,8.0,20.0,2.0,35.0,0.0,2.0,2.0,43.0,95.0,6.0,2.0,0.0,89.0,1.0,0.0,0.0,0.0,0.0,0.0,0.0,0.0,0.0,0.0,0.0,Bad
78.0,380.0,9.0,86.0,17.0,0.0,0.09548227268121451,94.0,25.907161059435253,5.0,7.0,17.0,1.0,41.0,8.0,0.0,0.0,9.0,80.0,1.0,4.0,0.0,67.0,1.0,0.0,0.0,0.0,0.0,0.0,0.0,0.0,0.0,0.0,0.0,Good
57.0,198.0,5.0,49.0,8.0,2.0,0.0,77.0,36.0,6.0,2.0,13.644907047390864,2.0799455291060394,45.02354875759648,0.0,1.0,1.0,94.0,61.0,4.0,2.9439970652728884,2.2281632127569484,100.0,0.0,0.0,0.0,0.0,0.0,0.0,0.0,0.0,0.0,0.0,0.0,Bad
71.0,245.0,30.740428746497834,122.0,11.0,-0.1118114023684349,0.0,91.0,7.0,4.0,6.0,11.93936398912401,0.0,45.0,3.8884734176648315,0.04981251516774757,0.0,40.40571154174438,44.16314798554585,3.8759888111646204,1.0,0.8003856755646317,100.0,0.0,0.0,0.0,0.0,1.0,1.0,1.0,1.0,0.0,1.0,0.0,Good
81.21672376405017,179.0,3.0,66.0,20.0,0.0,0.0,100.0,41.073218155900804,7.0,8.0,26.0,2.0,40.0,0.0,2.0,1.942633967059712,9.0,76.0,1.0,2.6809611299389173,0.0,50.0,1.0,0.0,0.0,0.0,0.0,0.0,0.0,0.0,0.0,0.0,0.0,Good
70.0,149.22582924760252,5.0,55.0,20.0,0.0,0.0,100.0,38.03392550743263,7.0,8.0,21.234499072636805,2.4039349684918814,43.186126865444166,0.0,1.0,1.0,43.0,88.0,6.0,3.0,2.0,100.0,1.0,0.0,0.0,0.0,0.0,0.0,0.0,0.0,0.0,0.0,0.0,Bad
54.77523189037223,296.0,8.0,87.0,33.0,5.0,3.8693549704650363,79.0,1.0,0.0,2.0,41.0,1.632599083705442,20.0,1.0,1.0,1.0,41.0,17.0,4.0,3.0336825575073956,3.0,54.0,0.0,0.0,0.0,0.0,0.0,0.0,0.0,0.0,0.0,0.0,0.0,Good
62.0,133.0,12.02502090872142,53.0,10.0,0.0,0.0,80.33600585373873,5.0,4.0,6.0,10.0,1.0,33.87261988709089,0.0,1.0,1.0,0.0,62.7865871581268,1.0,1.0,0.0,60.0,0.0,0.0,0.0,0.0,0.0,0.0,1.0,0.0,0.0,0.0,0.0,Bad
80.0,161.0,8.0,74.53001351621246,18.0,0.0,-0.08551244687230433,94.0,44.0,6.162653333007132,6.0,28.0,1.7674056466271528,43.334992792699225,1.5428422740360657,4.075440818455457,4.0,7.0,69.12948347472302,3.0,1.0,0.0,100.0,0.0,1.0,0.0,0.0,0.0,0.0,1.0,0.0,0.0,0.0,0.0,Good
73.0,192.0,20.0,93.0,20.0,1.1767960005354432,1.0,95.0,48.0,6.0,6.0,20.0,0.0,50.0,2.6343105411877974,1.0,1.0,33.0,75.0,1.0,5.0,0.0,60.0,0.0,1.0,0.0,0.0,0.0,0.0,0.0,0.0,0.0,0.0,0.0,Bad
91.0,401.0,58.0,152.0,9.0,0.0,0.0,100.0,47.278393000045526,7.0,8.0,11.428892225594446,-1.1569011432691871,44.0,4.885234469106869,0.0,-0.04045053879403557,3.0,20.047331590678752,1.0,0.4065287203578155,0.052250452540707704,25.0,1.0,0.0,0.0,0.0,1.0,0.0,1.0,0.0,1.0,0.0,0.0,Good
67.0,143.40822575452685,2.0,44.0,20.0,0.21632399105912503,0.0,95.0,71.0,7.152575193090888,6.0,22.0,10.0,19.0,0.0,1.0,1.0,34.0,82.11915763768013,4.0,1.6023665948854826,0.8957457021723907,50.0,0.0,0.0,0.0,0.0,0.0,0.0,1.0,0.0,0.0,0.0,0.0,Good
82.44421406981213,160.0,69.0,106.0,9.0,2.0,2.0,100.0,44.855079627572024,6.455444631220425,8.0,11.0,0.0,7.83321811720056,0.0,0.0,-0.01867830685171426,3.0,14.04331840922768,1.0,-0.4428822136917109,0.0,11.0,1.0,0.0,0.0,0.0,0.0,0.0,1.0,0.0,1.0,0.0,0.0,Bad
77.0,131.0,40.0,95.01283700098782,8.0,1.0,1.0,90.0,15.0,6.0,3.0,10.0,0.0,50.0,3.928059741049505,0.0,0.0,3.0,40.0,1.0,1.0,0.0,40.0,0.0,0.0,0.0,0.0,1.0,0.0,0.0,0.0,0.0,0.0,0.0,Good
54.45310763094718,57.0,57.0,57.0,-2.5789682561853713,1.0,1.0,76.72677881176433,2.0,4.0,6.0,1.0,0.0,39.41935429694463,0.0,2.0,1.930369045439042,93.0,29.38427173235651,1.0,1.0732805367296196,1.6832711843103814,100.0,0.0,0.0,0.0,0.0,0.0,0.0,1.0,0.0,1.0,0.0,0.0,Bad
72.0,122.614607156257,-3.0611950766682945,32.0,21.0,0.0,0.0,100.0,37.86457269409925,7.0,8.0,21.0,2.717329101944899,24.0,21.0,0.0,-0.0027839246007354407,50.0,100.0,5.0,2.0,2.0,57.0,1.0,0.0,0.0,0.0,0.0,0.0,0.0,0.0,0.0,0.0,0.0,Good
72.36153193138068,15.0,2.0,8.0,8.0,0.045836364163369225,0.05212898853804315,100.0,40.464140870613534,7.0,8.0,10.0,3.111732520490769,31.388200014036467,0.0,3.0,3.0,31.0,78.66347025193245,5.0,2.0,0.0,70.0,1.0,0.0,0.0,0.0,0.0,0.0,0.0,0.0,0.0,0.0,0.0,Bad
63.0,257.3145968549353,2.0,70.0,24.0,1.0,1.0,80.80510116714123,5.0,4.0,2.0,60.0,2.0,42.0,0.0,1.0,1.0,52.0,70.60402805455223,4.0,3.0,1.3428077242649032,70.0,0.0,0.0,0.0,0.0,0.0,0.0,0.0,0.0,0.0,0.0,0.0,Bad
90.0,243.0,4.0,103.0,19.0,0.0,0.0,100.0,48.44793543903623,7.0,8.0,20.0,3.0,30.0,3.980338134192667,1.0,0.0,4.0,85.0,2.0,2.0,-0.13299215784902163,29.0,1.0,1.0,0.0,0.0,0.0,0.0,0.0,0.0,0.0,0.0,0.0,Good
83.0,284.0,34.0,114.85626372079015,20.926225237547516,-0.006523680959963141,0.0,100.0,37.53713985380665,7.0,8.0,22.0,0.0,33.0,7.0,0.0,0.0,0.0,50.0,0.0,1.0,0.0,25.0,1.0,0.0,0.0,0.0,0.0,0.0,0.0,0.0,0.0,0.0,0.0,Bad
57.0,107.0,3.0,53.0,24.183593360524174,1.0,1.0,96.0,31.38834811259167,6.0,3.0,26.0,4.0,40.849470937217234,0.0,7.0,7.0,89.0,36.0,5.0,3.0,2.5869857586651515,82.0,0.0,0.0,0.0,1.0,0.0,0.0,0.0,0.0,0.0,0.0,0.0,Bad
71.0,136.0,10.0,59.86784692450185,24.0,0.0,0.0,100.0,38.568059634377846,7.0,8.0,24.0,2.1195776133580804,29.0,0.0,2.0,2.0,62.0,68.42312166330841,2.0,1.0,1.0,60.0,1.0,0.0,0.0,0.0,0.0,0.0,1.0,0.0,0.0,0.0,0.0,Good
62.8402184939539,236.75072777402488,5.0,95.81458660357684,13.0,2.755408546913525,2.105045704034194,73.0,1.0,0.0,2.0,15.0,1.0,20.0,3.7303189674848345,0.0,-0.017916566955699487,16.0,35.0,6.0,2.0,0.410205825785221,80.0,0.0,0.0,0.0,0.0,1.0,0.0,0.0,0.0,0.0,0.0,0.0,Good
76.0,225.44611533827918,5.0,70.0,64.0,0.0,0.0,108.57716003716303,37.15244604463285,7.0,8.0,65.0,2.0,30.0,2.0,1.0,1.0,26.0,75.0,7.0,4.0,1.0,55.0,1.0,0.0,0.0,0.0,0.0,0.0,0.0,0.0,0.0,0.0,0.0,Good
61.05030833220794,257.0,12.0,84.0,31.0,0.0,0.0,97.0,14.0,6.0,6.0,32.15623143946753,0.0,29.0,0.0,4.0,4.0,70.0,62.41366525985798,10.0,2.8149809897186824,5.0,70.0,0.0,0.0,0.0,0.0,0.0,0.0,0.0,0.0,0.0,0.0,0.0,Bad
74.48452852857022,207.0,1.0,79.0,21.0,1.9971280229815687,2.0,99.03911690359553,35.54013914950491,6.0,8.0,22.0,3.0,73.0,1.0,1.0,1.0,30.0,78.51476761301284,1.0,3.0,1.0,57.0,1.0,0.0,0.0,0.0,0.0,0.0,0.0,0.0,0.0,0.0,0.0,Good
62.0,192.0,-2.2745217926303276,59.498865990294874,62.0,0.3231505086241002,0.0,94.0,1.0,4.0,6.0,87.0,4.0,44.0,0.0,7.0,7.0,35.0,77.73679711790871,7.0,5.0,1.0,71.0,0.0,0.0,0.0,0.0,0.0,0.0,1.0,0.0,0.0,0.0,0.0,Bad
73.0,339.0,-2.029459073789358,89.0,33.0,2.0,1.0,92.0,36.0,6.0,3.0,38.49093019647893,5.0,32.0,2.0,2.0,2.0,23.0,72.0,6.0,4.0,1.0,77.0,0.0,0.0,0.0,0.0,0.0,0.0,0.0,0.0,0.0,0.0,0.0,Good
63.0,102.0,4.0,56.0,5.0,4.0,3.0,38.0,11.0,3.6727687228852917,3.0,13.0,1.0,38.0,0.0,0.0,0.017538861898675,16.0,81.0,1.0,4.0,0.0,83.0,0.0,0.0,0.0,0.0,0.0,0.0,0.0,0.0,0.0,0.0,0.0,Bad
88.0,211.0,7.0,85.0,38.0,0.0,0.0,100.0628762079382,51.0,6.0,6.0,38.652081240107236,1.0,8.0,4.271221260007142,1.0,1.0,0.0,63.727083406840784,1.0,0.9926738874474026,0.0,4.0,0.0,1.0,0.0,0.0,0.0,0.0,1.0,0.0,1.0,0.0,0.0,Good
60.0,286.0,3.0,81.0,23.609436074038708,0.0,0.0,90.0,2.0,4.0,6.0,21.0,4.0,70.0,1.0,2.0579678949142197,2.0,55.0,72.0,4.0,8.0,1.0,100.0,0.0,0.0,0.0,0.0,0.0,0.0,0.0,0.0,0.0,0.0,0.0,Good
68.0,207.94164577706846,-0.9712477036959619,70.0,41.0,1.0,1.0,98.0,69.0,6.73077424838044,4.0,43.82339830252916,6.0,50.00248819710116,2.0,1.253562371965258,1.208747228047123,74.0,83.0,6.0,4.742626429266156,3.0,100.0,0.0,0.0,0.0,0.0,0.0,0.0,0.0,0.0,0.0,0.0,0.0,Bad
78.0,174.0,2.0,98.0,18.0,0.0,0.0,95.0,35.36245803452982,6.0,6.0,20.0,1.602765823147656,55.0,0.0,1.0,1.0,23.0,72.83735609072696,1.0,4.0,0.0,75.0,0.0,0.0,0.0,1.0,0.0,0.0,0.0,0.0,0.0,0.0,0.0,Bad
56.0,197.90440527683378,21.0,98.0,19.0,1.0,1.0,81.0,1.0,4.0,2.0,12.0,0.0,39.78921581712609,21.0,0.0,-0.03387736192524288,60.0,50.75875834790081,4.0,3.0,1.810180982878951,88.0,0.0,0.0,0.0,0.0,0.0,0.0,1.0,0.0,0.0,0.0,0.0,Bad
87.0,336.0,4.0,114.06349080285209,35.0,0.0,-0.02841789957267349,100.0,45.996946876412125,7.0,8.0,35.0,2.1292018954707705,20.690186155789956,0.0,2.0,2.0,3.0,66.2671645718404,6.0,1.6342217506117869,0.7119007487508764,47.0,1.0,0.0,0.0,0.0,0.0,0.0,1.0,0.0,0.0,0.0,0.0,Good
79.0,335.0,2.356922823040673,106.0,45.0,-0.09517232528322594,0.0,107.69995185466729,43.93337277254318,7.0,8.0,45.0,2.4398277794110084,42.0,0.0,1.1660281057717197,1.1177969185171472,49.0,90.0,4.0,4.0,3.0,56.0,1.0,0.0,0.0,0.0,0.0,0.0,0.0,0.0,0.0,0.0,0.0,Bad
73.54966877168255,216.0,5.0,107.0,18.0,0.0,0.0,95.0,61.0,6.861007243072779,6.0,3.0,2.4290466815856346,21.0,3.0,5.0,5.0,54.0,89.0,6.0,3.0,1.9310090866604241,75.0,0.0,0.0,0.0,0.0,0.0,0.0,0.0,0.0,0.0,0.0,0.0,Bad
87.64973290735827,278.0,29.0,120.97240424189907,18.24404024671056,0.0,0.0,100.0,47.25689559211986,7.0,8.0,19.0,0.0,32.0,4.653573415668387,0.0,0.0,1.0,45.799535888124986,4.0,1.0,0.0,63.0,1.0,0.0,0.0,0.0,1.0,0.0,1.0,0.0,0.0,0.0,0.0,Good
72.0,232.0,5.0,77.0,21.0,0.0,-0.1040549820237992,91.0,5.0,4.0,6.0,22.0,3.0,32.0,0.0,0.0,0.0,20.0,85.0,2.0,2.0,0.3213191221592617,36.0,0.0,0.0,0.0,0.0,0.0,0.0,0.0,0.0,0.0,0.0,0.0,Bad
63.0,222.49526324492564,10.956337054707298,81.0,26.0,0.0,-0.06630154247582032,96.0,4.0,4.0,6.0,27.0,4.0,8.0,3.09292487720642,0.029202186691313144,0.0,53.0,61.22842295890702,7.0,1.0795192350232639,3.0,47.0,0.0,0.0,0.0,0.0,1.0,0.0,1.0,0.0,1.0,0.0,0.0,Good
61.1417628981604,88.0,6.0,30.65346288152186,18.0,0.0,0.0,95.0,39.0,6.0,6.0,19.0,6.0,47.0,0.0,2.0,2.0,87.0,87.0,3.0,5.0,2.0171542218499914,80.0,0.0,0.0,0.0,0.0,0.0,0.0,0.0,0.0,0.0,0.0,0.0,Bad
68.0,113.0,4.0,46.0,13.0,0.08387007742857788,0.0,100.0,33.03600183059157,7.0,8.0,14.0,3.0,50.0,6.0,0.0,0.0,54.0,75.29260110554036,2.0,3.0,1.4229454225394926,63.0,1.0,0.0,0.0,0.0,0.0,0.0,1.0,0.0,0.0,0.0,0.0,Bad
76.0,274.2229614160568,2.0,103.0,24.0,1.0,0.7921714293988891,100.0,27.522640775383195,6.0,8.0,28.0,2.0,7.0,1.0,1.152832564204971,1.1602552868146416,2.0,65.63110047069486,3.0,0.556730737455419,0.0,21.0,1.0,0.0,0.0,0.0,0.0,0.0,1.0,0.0,1.0,0.0,0.0,Good
73.0,280.0,8.0,104.0,49.0,0.0,0.0,96.0,60.0,6.0,6.0,52.0,1.0,31.770696857224387,2.0,2.0,2.0,51.0,91.0,4.0,2.0,1.0,43.0,0.0,0.0,0.0,0.0,0.0,0.0,0.0,0.0,0.0,0.0,0.0,Good
63.390145375807116,374.0,6.0,117.0,65.0,0.0,-0.10952051301531712,99.0,6.0,4.0,6.0,67.0,5.0,46.0,3.8862836412851878,0.0460518637027323,0.0,42.0,68.38872764569086,12.0,7.0,4.0,69.0,0.0,1.0,0.0,0.0,0.0,0.0,0.0,0.0,0.0,0.0,0.0,Good
88.61096403202924,362.0,23.0,174.0,5.0,1.0,0.0,83.0,69.0,6.0,5.0,6.0,0.0,17.0,0.0,0.0,0.0,0.0,46.464745683164935,1.0,-0.75406324340049,-0.5267618253743942,33.0,0.0,0.0,0.0,0.0,0.0,0.0,1.0,0.0,1.0,1.0,0.0,Bad
71.0,179.0,7.0,69.0,34.0,0.0,0.0,100.0,33.20600233267834,7.0,8.0,34.0,3.0,29.0,0.0,1.0,1.0,34.0,69.87158587782235,7.0,3.0,2.1430030372218907,50.0,1.0,0.0,0.0,0.0,0.0,0.0,0.0,0.0,0.0,0.0,0.0,Bad
68.0,123.81068193379443,3.0,38.0,13.0,1.0,1.0,96.4497333571075,31.83649553137974,6.0,8.0,13.0,6.0,23.0,0.0,1.0,1.0,29.0,75.76849137218831,6.0,2.264487080093976,0.0,67.0,1.0,0.0,0.0,0.0,0.0,0.0,0.0,0.0,0.0,0.0,0.0,Good
85.0,324.0,23.84292911840184,143.0,21.0,0.0,0.0,100.0,43.66043399728753,7.0,8.0,21.327811390128186,0.0,30.125032085724598,4.630746833219932,0.0,0.0,10.0,48.007207224983475,4.0,1.3932304303485883,0.0,70.0,1.0,0.0,0.0,0.0,1.0,0.0,1.0,0.0,0.0,0.0,0.0,Good
71.0,117.0,13.530976689534842,37.0,13.0,0.0,0.0,100.0,40.66843589087068,6.7786114554076535,8.0,13.0,3.0,100.0,2.0,1.0,1.0,50.90366008456563,72.0,0.5159354708090209,3.502870328285801,0.44789909766919367,100.0,1.0,0.0,0.0,0.0,0.0,1.0,0.0,1.0,0.0,1.0,0.0,Bad
73.65169717510847,172.0,17.759259673950204,115.0,18.0,1.0,1.0,84.0,19.0,6.0,3.0,19.0,1.0,47.0,0.0,3.0,2.874419139078534,8.0,56.309160118930166,3.0,2.0,0.0,71.0,0.0,0.0,0.0,0.0,0.0,0.0,1.0,0.0,0.0,0.0,0.0,Good
84.0,52.0,3.0,40.599599671878764,7.0,-0.01680225623370246,0.0,100.0,47.404930310592675,7.0,8.0,7.0,2.0,43.0,0.0,0.0,0.0,5.0,98.0,1.0,2.0327460969594537,0.0,50.0,1.0,0.0,0.0,0.0,0.0,0.0,0.0,0.0,0.0,0.0,0.0,Good
66.0,410.0,14.0,151.0,22.0,1.0,1.0,100.0,27.499404919424563,6.0,8.0,22.0,1.113060837732733,16.758292882718116,3.0,1.0,0.9530649601673543,69.0,55.57621042777766,10.0,2.0,5.0,71.0,1.0,0.0,0.0,0.0,0.0,0.0,1.0,0.0,0.0,0.0,0.0,Bad
83.0,178.50711440623343,10.0,66.0,23.0,0.0,0.0,96.0,32.0,6.0,6.0,25.0,3.0,32.0,10.0,0.029521200714303426,0.0,7.0,64.43250396794011,2.0,2.0,0.0,80.0,0.0,0.0,0.0,0.0,0.0,0.0,1.0,0.0,0.0,0.0,0.0,Good
59.0,277.0,1.0,137.0,22.0,3.0,1.0,60.0,10.0,4.0,5.0,24.74504554881941,6.0,20.0,0.0,5.0,5.0,43.0,67.9077356502754,17.0,2.0,3.452723871500514,95.0,0.0,0.0,0.0,0.0,0.0,0.0,0.0,0.0,0.0,0.0,0.0,Good
62.0,216.65195578467268,1.0,68.0,43.0,1.0,1.0,98.0,2.0,3.4157991095647864,3.0,48.0,5.0,19.0,3.4952989006180935,0.0,0.0,17.0,71.48189140119548,3.0,2.0,1.0,29.0,0.0,1.0,0.0,0.0,0.0,0.0,0.0,0.0,0.0,0.0,0.0,Bad
70.0,132.0,2.0,49.0,20.0,0.0,0.0,100.325530051312,38.08722189140008,7.0,8.0,21.1969053772851,4.0,42.032789085999596,0.25506923184690544,5.0,4.0,70.0,60.0,2.0,2.9091464839167918,1.0,67.0,1.0,1.0,0.0,0.0,0.0,0.0,0.0,0.0,0.0,0.0,0.0,Bad
79.0,284.0,4.375748908444809,96.0,51.0,0.0,0.0,98.0,24.0,6.0,6.0,53.0,2.4503229905418875,42.0,0.0,2.0,2.0,10.0,69.07167201882143,3.0,1.0,0.0,40.0,0.0,0.0,0.0,0.0,0.0,0.0,1.0,0.0,0.0,0.0,0.0,Good
87.0,253.0,11.280450512965238,92.0,13.0,0.0,-0.09350145298119836,93.0,58.0,6.0,6.0,14.310599886018807,2.0,23.136761925833582,0.0,0.0,0.0,0.0,62.547333984368876,0.0,1.0,-0.6944830641794195,20.0,0.0,0.0,0.0,0.0,0.0,0.0,1.0,0.0,0.0,0.0,0.0,Good
57.0,81.0,2.0,36.216761194011895,13.0,1.4599351920103343,1.0,79.0,13.0,6.0,6.0,15.0,2.347839337769445,64.0,0.0,1.0536582678474598,1.0,48.0,19.0,5.0,4.0,0.0,100.0,0.0,0.0,0.0,0.0,0.0,0.0,0.0,0.0,0.0,0.0,0.0,Bad
68.09934669999973,156.0,3.0,76.0,16.0,0.0,0.03385275277718322,100.0,37.30016515142108,6.979410758776632,8.0,16.0,3.0,69.0,0.0,0.0,0.0,96.0,46.0,1.0,3.0,2.2292553836127453,67.0,1.0,0.0,0.0,0.0,0.0,0.0,0.0,0.0,0.0,1.0,0.0,Bad
74.0,111.0,2.0,37.0,8.0,0.0,0.0,100.0,44.70397164148258,7.0,8.0,9.0,2.0,22.0,0.0,4.0,4.0,49.0,73.0,5.0,1.9794208980145713,1.3651450828158698,88.0,1.0,0.0,0.0,0.0,0.0,0.0,0.0,0.0,0.0,0.0,0.0,Bad
70.0,167.0,6.7769738243441004,61.0,19.0,0.0,-0.34766174095528835,70.0,11.0,4.728164322036511,6.0,20.0,2.0,35.0,0.0,1.0,0.9650645080074615,4.0,66.12870506609801,3.0,3.0,-0.3327610701445183,70.0,0.0,0.0,0.0,0.0,0.0,0.0,0.0,0.0,0.0,0.0,0.0,Bad
65.0,77.0,17.0,52.0,18.0,1.0,0.0,95.0,4.0,3.0,5.0,18.66216180487473,0.0,42.0,2.6709529888069183,1.0,1.0,30.0,68.0,6.0,4.0,1.0,77.0,0.0,1.0,0.0,0.0,0.0,0.0,0.0,0.0,0.0,0.0,0.0,Bad
70.0,196.0,4.0,64.0,34.0,0.0,0.0,100.0,41.483733214258166,6.913106389019419,8.0,35.0,1.0,37.0,0.0,0.0,0.0,83.0,74.69730348017254,6.0,1.0,3.0,100.0,1.0,0.0,0.0,0.0,0.0,0.0,1.0,0.0,0.0,0.0,0.0,Good
76.37665996610212,164.0,11.0,77.0,17.88510158176933,1.0,0.6331892328232432,88.0,26.0,6.0,5.0,17.0,1.0,12.0,3.7456834539344617,0.0,0.0,5.0,59.43953703754468,1.0,1.0,-0.17564674301627337,25.0,0.0,1.0,0.0,0.0,0.0,0.0,1.0,0.0,0.0,0.0,0.0,Good
67.0,152.0,21.0,97.0,24.75996150042548,1.0,1.0,96.0,33.83764627093771,6.13933239038635,7.0,24.557307598086677,1.898296635211251,35.0,0.0,7.0,6.0,59.0,58.18496141302554,7.0,1.0,2.652943803069114,67.0,1.0,0.0,0.0,0.0,0.0,0.0,1.0,0.0,0.0,0.0,0.0,Bad
76.0,97.0,9.0,44.0,14.0,0.0,0.028457845606774945,100.0,39.31873199697941,6.824924943997137,8.0,14.0,2.0,33.64568833250259,0.0,1.0,1.0,32.0,43.0,3.0,2.0,0.0,63.0,1.0,0.0,0.0,0.0,0.0,0.0,0.0,0.0,0.0,0.0,0.0,Good
58.0,522.0,16.0,200.0,34.247402853779334,0.0,0.0,89.0,36.0,5.259221594621042,6.0,27.0,0.0,19.0,2.928206965170052,0.0,0.0,81.0,68.0,15.0,2.0,7.0,81.0,0.0,1.0,0.0,0.0,0.0,0.0,0.0,0.0,0.0,0.0,0.0,Good
59.0,152.0,8.0,50.0,23.0,4.0,2.0,79.0,29.0,6.0,2.0,27.704198799615224,2.510617871823296,41.0,0.0,0.04230597891067677,0.0,70.0,93.0,8.0,3.0,1.0,100.0,0.0,0.0,0.0,0.0,0.0,0.0,0.0,0.0,0.0,0.0,0.0,Bad
54.388586040233214,232.0,15.423227897899514,91.0,19.0,0.0,-0.3731408230021147,70.0,2.0,4.438022566694673,6.0,23.0,3.0,48.0,0.0,1.0,1.0,97.0,36.0,6.0,3.0,2.997833528605068,90.0,0.0,0.0,0.0,0.0,0.0,0.0,0.0,0.0,0.0,0.0,0.0,Bad
81.0,197.41911270691523,6.0,67.0,28.203185168412507,0.0,0.0,101.54273114802501,40.93752338637415,7.0,8.0,33.0,2.0,21.0,0.0,0.0,0.0,15.0,68.15043587689217,2.0,3.0,0.0,43.0,1.0,0.0,0.0,0.0,0.0,0.0,0.0,0.0,0.0,0.0,0.0,Bad
77.0,345.16381843488966,18.0,137.07879347735877,41.0,0.0,0.015315259975050732,98.0,31.181017932018904,5.0,7.0,40.0,0.0,18.0,21.0,0.0,0.0,49.0,50.06480500997184,13.0,1.0,5.0,64.0,1.0,0.0,0.0,0.0,0.0,0.0,1.0,0.0,0.0,0.0,0.0,Bad
54.326961647561475,120.0,7.0,42.0,11.01741691783025,0.9758465200047992,0.37231653186972924,67.0,2.0,4.0,6.0,14.622672320270969,4.0,50.0,0.0,0.0,0.0,77.0,89.0,2.0,4.0,1.2036032385075939,100.0,0.0,0.0,0.0,0.0,0.0,0.0,0.0,0.0,0.0,0.0,0.0,Bad
55.9174910457388,168.0,1.0,68.04514013074333,16.0,2.0,2.0,78.38788930125973,6.0,0.0,2.0,19.026089898635373,1.0,42.0,20.0,0.0,0.0,89.0,70.57779030275488,2.0,2.0,1.0,83.0,0.0,0.0,0.0,0.0,0.0,0.0,0.0,0.0,0.0,0.0,0.0,Bad
79.0,212.891068575932,16.0,92.0,17.09866749317785,0.0,0.0,100.14193053980193,47.254429889093274,7.241117756710137,8.0,20.0,0.0,40.0,3.796590200925617,0.021530522441611605,0.0,65.0,71.0,3.0,2.0,1.5682860048353513,83.0,1.0,1.0,0.0,0.0,0.0,0.0,0.0,0.0,0.0,0.0,0.0,Good
68.11157128200726,379.0,2.0,100.16871316934571,15.0,0.0,0.0,84.0,3.0,4.0,6.0,19.0,3.0,74.0,0.0,2.0,2.0,31.0,71.6120329299499,1.0,2.0,1.0,60.0,0.0,0.0,0.0,0.0,0.0,0.0,0.0,0.0,0.0,0.0,0.0,Bad
65.31977052745846,179.0,9.925116678738206,99.0,24.0,1.0,0.0,76.0,0.0,3.7245571303100187,5.0,25.0,1.3163180041673423,32.0,22.0,0.0,0.0,26.0,71.0,10.0,2.0,1.0,86.0,0.0,0.0,0.0,0.0,0.0,0.0,0.0,0.0,0.0,0.0,0.0,Bad
74.0,169.0,6.0,79.0,57.0,-0.059219536967088704,0.0,100.0,41.49506327016849,6.9198817400738895,8.0,31.0,4.0,49.71795156197421,12.0,0.0,0.0,61.0,93.0,5.0,5.137550533794243,1.8823014902018724,82.0,1.0,0.0,0.0,0.0,0.0,0.0,0.0,0.0,0.0,0.0,0.0,Bad
75.0,161.51370681544392,5.0,59.0,25.0,0.0,0.0,100.0,43.411414203631466,6.0,8.0,25.0,2.0,41.54264862526882,0.0,5.0,4.8181342914261425,89.0,74.13408412809478,2.0,2.0,1.9642199368791353,67.0,1.0,0.0,0.0,0.0,0.0,0.0,0.0,0.0,0.0,0.0,0.0,Bad
69.0,132.0,16.0,71.91170277808021,19.0,0.0,-0.06291507391509193,90.0,10.0,4.0,6.0,20.0,0.0,25.0,0.0,1.1062723703626194,1.0591275236269766,8.0,57.690293073647865,5.0,2.0,0.0,70.0,0.0,0.0,0.0,0.0,0.0,0.0,1.0,0.0,0.0,0.0,0.0,Good
75.0,206.84233574813237,6.0,70.0,32.0,0.048317041968418906,0.0,100.0,36.14983623590237,6.653509173999173,8.0,32.0,5.0,28.0,0.0,0.0,0.0,20.0,81.0,6.0,3.0,1.286067934829596,47.0,1.0,0.0,0.0,0.0,0.0,0.0,0.0,0.0,0.0,0.0,0.0,Good
77.0,215.0,3.0,80.0,17.0,0.0,-0.18813443789985151,89.0,22.0,6.0,6.0,18.0,2.0,11.0,0.0,4.0,3.852433764879432,2.0,65.55590731848477,3.0,1.0,0.0,33.0,0.0,0.0,0.0,0.0,0.0,0.0,1.0,0.0,0.0,0.0,0.0,Good
67.38763643088004,156.18471585317238,2.0,56.0,17.0,1.0,0.0,89.0,34.0,6.0,5.0,19.0,2.0,37.0,2.0,1.0,1.0,52.0,74.47019941237093,4.0,3.0,2.0,67.0,0.0,0.0,0.0,0.0,0.0,0.0,0.0,0.0,0.0,0.0,0.0,Good
70.0,237.82330249987223,11.0,87.0,16.0,1.0,0.0,84.07112115416166,12.0,6.0,5.0,31.0,1.0,18.0,3.086239748259358,1.0,1.0,74.0,66.0,7.0,3.0,3.0,100.0,0.0,1.0,0.0,0.0,0.0,0.0,0.0,0.0,0.0,0.0,0.0,Bad
82.31040644867154,311.0,20.70454801001814,133.0,18.0,0.0,0.021270215510638818,100.0,42.49442129049643,7.0,8.0,21.0,0.0,25.244492449592915,4.33351143705173,0.0,0.0,34.0,50.89250032017779,4.0,0.8872377804519016,1.2458676102072386,60.0,1.0,1.0,0.0,0.0,0.0,0.0,1.0,0.0,0.0,0.0,0.0,Good
81.0,211.30788217242747,3.0,68.0,34.120081705933586,0.0,0.0,95.0,13.0,5.323706789092223,6.0,36.0,2.0,50.0,0.0,1.0,1.0,6.0,37.0,2.0,7.0,0.0,47.0,0.0,0.0,0.0,0.0,0.0,0.0,0.0,0.0,0.0,0.0,0.0,Bad
78.0,185.0,10.0,77.0,35.0,0.0,0.0,97.0,59.0,6.0,6.0,37.0,1.0,29.0,13.0,0.0,0.0,49.0,41.0,3.0,2.0,0.0,83.0,0.0,0.0,0.0,0.0,0.0,0.0,0.0,0.0,0.0,0.0,0.0,Good
74.70466204397883,241.0,4.0,85.9552288850114,31.456722945009307,0.0,0.0,100.0,36.111872588504895,7.0,8.0,31.326623870684703,2.0,10.0,0.0,2.0,2.0,34.0,45.0,8.0,2.0,2.287313617511208,48.0,1.0,0.0,0.0,0.0,0.0,0.0,0.0,0.0,0.0,0.0,0.0,Good
77.0,201.66221014095328,1.0,71.0,24.0,0.13839481771246875,0.0,97.94120285050472,81.0,6.0,6.0,30.0,4.0,55.0,1.0,1.0,1.0,43.0,74.0,3.0,2.0,0.9006729055062794,63.0,0.0,0.0,0.0,0.0,0.0,0.0,0.0,0.0,0.0,0.0,0.0,Bad
68.0,265.0,-0.07353345309858028,84.0,21.0,0.0,0.0,95.0,2.0,4.289393032659975,6.0,36.0,3.0,55.0,2.043008773829895,2.0,2.0,27.0,100.0,3.0,3.5471365600980214,1.0,71.0,0.0,1.0,0.0,0.0,0.0,0.0,0.0,0.0,0.0,0.0,0.0,Bad
73.0,104.0,6.0,46.670915391994754,9.0,0.0,0.0,100.0,43.46969876153605,7.0,8.0,9.0,4.0,11.0,0.0,2.0,2.0,56.0,71.19182438368908,3.0,1.0,2.0,50.0,1.0,0.0,0.0,0.0,0.0,0.0,1.0,0.0,0.0,0.0,0.0,Bad
57.0,200.0,8.478626911135361,57.0,10.096132462772914,4.815156275308608,4.0,62.0,11.0,0.0,2.0,13.0,3.0,43.05444110748441,4.0,2.0,2.0,54.0,52.0,4.0,3.0,1.0,88.0,0.0,0.0,0.0,0.0,0.0,0.0,0.0,0.0,0.0,0.0,0.0,Bad
88.0,384.0,33.0,146.72771753179262,11.0,0.0,0.0,100.0,49.17919109501344,7.0,8.0,11.0,-0.1382170803686229,9.0,0.0,0.0,0.0,15.0,38.507329829955424,5.0,0.04424460654375528,0.8052894341171037,56.0,1.0,0.0,0.0,0.0,0.0,0.0,1.0,0.0,1.0,0.0,0.0,Good
64.12044182766135,341.0,16.0,87.0,12.0,1.0,0.0,93.0,2.0,4.0,5.0,14.0,0.0,14.0,7.0,0.0,0.0,56.0,53.291387094184415,6.0,1.0,2.0,78.0,0.0,0.0,0.0,0.0,0.0,0.0,0.0,0.0,0.0,0.0,0.0,Bad
57.0,128.0,4.0,58.42747446235566,29.0,3.0,2.0,78.0,1.0,0.0,2.0,32.0,4.0,34.6589442710428,0.0,0.0,0.0,17.0,76.0,8.0,5.0,1.1717970440424779,65.0,0.0,0.0,0.0,0.0,0.0,0.0,0.0,0.0,0.0,0.0,0.0,Good
85.0,504.0,21.440550243132783,147.0,12.0,0.0,0.0,100.0,42.39654250107242,7.0,8.0,17.18900403803872,0.6959887937906712,8.0,17.0,1.0,1.0,5.0,43.65292118085192,6.0,0.4739238590236079,0.0,75.0,1.0,0.0,0.0,0.0,0.0,0.0,1.0,0.0,1.0,0.0,0.0,Good
59.92651574611423,143.0,0.6320566527232607,74.0,22.0,1.0,1.0154380620436423,96.0,5.0,0.0,2.0,29.0,4.0,34.0,0.0,3.0,3.0,30.0,96.0,6.0,3.1428472224290696,2.0,82.0,0.0,0.0,0.0,0.0,0.0,0.0,0.0,0.0,0.0,0.0,0.0,Good
80.35902009973447,222.0,13.208063722998766,94.00419353076292,24.0,1.0,1.0,96.0,50.0,6.0,2.0,27.0,2.0,37.0,0.0,2.0,1.9378455269825416,3.0,63.348511225342364,3.0,1.3564191510621877,0.0,27.0,0.0,0.0,0.0,0.0,0.0,0.0,1.0,0.0,1.0,0.0,0.0,Good
60.0,146.0,22.786761665793698,116.0,6.0,3.0,1.0,55.0,6.0,0.0,2.0,9.233650828544864,1.0,37.1841038726737,2.461250466119624,1.0,1.0,83.0,50.904395858300845,1.0,1.0,1.0,75.0,0.0,1.0,0.0,0.0,0.0,0.0,1.0,0.0,0.0,0.0,0.0,Bad
60.0,227.93891087885874,2.0,107.0,7.0,6.0,6.0,78.19922331344887,78.0,4.896426735673031,2.0,12.0,1.0,33.0,0.0,6.0,5.0,1.0,75.16245153199714,1.0,0.6013287442794706,1.0,50.0,0.0,0.0,0.0,0.0,0.0,0.0,1.0,0.0,1.0,0.0,0.0,Bad
65.0,96.0,15.0,59.2160978003718,11.0,0.0,0.0,100.0,33.9502061847424,6.443692443869625,8.0,10.969440929311041,0.0,9.0,2.8009349390590663,0.0,-0.0015266389364578525,85.0,61.62390603858056,6.0,0.7664695885859145,3.0,100.0,1.0,1.0,0.0,0.0,0.0,0.0,1.0,0.0,0.0,0.0,0.0,Bad
76.15965198452076,253.0,8.0,97.0,14.0,0.0,0.0,100.0,43.85224937794658,6.944620901978793,8.0,14.0,1.0,57.0,3.0,1.0674940659288927,1.0,57.0,69.34294426175681,3.0,1.851269026169382,1.18919528506756,100.0,1.0,0.0,0.0,0.0,0.0,0.0,1.0,0.0,1.0,1.0,0.0,Good
68.0,133.0,10.0,66.0,13.0,0.0,0.0,85.0,0.0,4.0,6.0,13.0,1.0435183125705478,69.0,0.0,0.0,0.0,29.0,75.0,1.0,3.882326297999655,0.0,100.0,0.0,0.0,0.0,0.0,0.0,0.0,0.0,0.0,0.0,0.0,0.0,Bad
74.0,88.0,16.58071571770095,38.0,9.0,0.0,0.0,100.0,40.170492710368364,6.858198080422021,8.0,10.0,3.0,37.817681868035194,0.0,1.0616163700812904,1.0,37.0,8.0,3.0,2.0,0.5594539913114926,83.0,1.0,0.0,0.0,0.0,0.0,0.0,0.0,0.0,0.0,0.0,0.0,Bad
77.91442992976216,263.0,13.284970864465866,102.0,19.0,0.07965506691153834,-0.061480025256719806,95.0,31.0,6.0,6.0,19.0,0.0,42.0,14.0,0.0,-0.02553670116093998,17.0,58.260602434178395,6.0,3.0,0.0,82.0,0.0,0.0,0.0,0.0,0.0,0.0,0.0,0.0,0.0,0.0,0.0,Good
66.0,245.0,44.0,131.0,12.0,1.0,0.6165638002764666,79.0,1.0,4.0,5.0,14.0,0.0,36.0,0.0,1.0781307252831671,1.005335459296903,46.0,32.130417825947816,3.0,1.0,0.714989109362052,100.0,0.0,0.0,0.0,0.0,0.0,0.0,1.0,0.0,0.0,0.0,0.0,Good
67.0,86.15696436939724,5.0,26.0,13.985454492903369,0.0,0.0,100.0,40.10747936824154,7.0,8.0,11.0,8.0,9.0,0.0,3.0,3.0,32.0,96.0,6.0,1.0,1.0,78.0,1.0,0.0,0.0,0.0,0.0,0.0,0.0,0.0,0.0,0.0,0.0,Bad
82.0,154.78157611985677,13.0,63.0,17.0,-0.14136842789282023,-0.09263807766184629,100.0,50.977672089041675,7.0,8.0,20.0,0.0,55.0,0.0,0.0,0.0,55.0,63.0,2.0,3.0,0.677866752256759,100.0,1.0,0.0,0.0,0.0,0.0,0.0,0.0,0.0,0.0,0.0,0.0,Bad
65.39079853674204,113.0,17.0,85.0,8.0,0.0,0.0,81.79704132504021,1.0,4.228147244398838,6.0,8.0,0.0,38.0,1.0,1.0675696198181526,1.0048434489809255,46.0,56.41672826051541,2.0,1.0,1.0,60.0,0.0,0.0,0.0,0.0,0.0,0.0,1.0,0.0,0.0,0.0,0.0,Bad
62.0,214.97778311096508,34.0,109.16524295472716,1.8312150322356437,0.0,0.0,40.0,4.0,4.0,6.0,3.3551200877388805,0.0,0.0,0.0,2.0,1.0,59.0,34.68793979478449,1.0,-1.8303468478816338,1.2619634675960925,25.0,0.0,0.0,0.0,0.0,0.0,0.0,1.0,0.0,1.0,1.0,0.0,Bad
87.09092234496713,435.0,4.0,133.96429760547937,19.0,0.0,0.0,100.58268748406056,43.859496966988274,7.0,8.0,19.0,1.0,0.0,4.0,1.0,1.0,3.0,59.83078467487733,6.0,0.09853703007887532,0.0,43.0,1.0,0.0,0.0,0.0,0.0,0.0,1.0,0.0,1.0,0.0,0.0,Good
66.0,62.0,1.0,37.0,18.0,0.0,0.0,100.0,38.25889624095572,7.0,8.0,22.0,3.0,5.0,0.0,1.0,0.9752200103797122,64.0,75.94044825817616,9.0,0.919919766512848,3.0,85.0,1.0,0.0,0.0,0.0,0.0,0.0,1.0,0.0,0.0,0.0,0.0,Bad
78.0,317.0,13.0,77.0,33.0,0.0742117706994927,0.0,97.0,33.0,6.0,6.0,36.45290713602893,0.0,21.0,4.1682284698392,0.0,0.0,5.0,58.9482809200743,3.0,1.552047138029749,0.0,31.0,0.0,1.0,0.0,0.0,0.0,0.0,1.0,0.0,1.0,0.0,0.0,Good
89.0,388.0,11.0,187.0,16.0,0.0,0.0,100.0,46.28811083801014,7.0,8.0,15.694387436306314,1.0,13.0,4.7785094817574265,0.0,0.0,16.0,52.84632504791235,4.0,0.10349937520320207,0.0,45.0,1.0,0.0,0.0,0.0,1.0,0.0,1.0,0.0,1.0,0.0,0.0,Good
80.17253680509822,135.0,3.0,59.0,29.0,0.0,0.0,103.07718457624293,40.197958212390375,7.0,8.0,31.0,3.0,45.0,0.0,1.0,1.0,2.0,51.0,2.0,4.0,1.0,60.0,1.0,0.0,0.0,0.0,0.0,0.0,0.0,0.0,0.0,0.0,0.0,Good
80.26773286829847,172.0,3.0,75.01557247775209,38.0,-0.00039625073890858786,0.0,100.0,40.793266062113446,7.0,8.0,37.567290843025944,2.0,20.0,4.0,1.0,0.9644494419288261,5.0,74.0,6.0,2.0,0.7245186096259237,64.0,1.0,0.0,0.0,0.0,0.0,0.0,0.0,0.0,0.0,0.0,0.0,Good
76.0,143.0,11.0,32.0,5.0,0.0,0.0,100.0,45.30670662896904,7.0,8.0,1.0,1.0,60.0,15.0,0.0,-0.020190419942068535,62.0,42.0,2.0,2.0,1.0,100.0,1.0,0.0,0.0,0.0,0.0,0.0,0.0,0.0,0.0,0.0,0.0,Bad
83.0,97.0,2.0,40.0,14.294002791156924,0.0,0.023213361394480714,100.0,46.462588517899604,7.0,8.0,11.0,3.0,36.0,3.1099268284473216,1.0,0.0,5.0,95.0,3.0,2.0,0.0,63.0,1.0,1.0,0.0,0.0,0.0,0.0,0.0,0.0,0.0,0.0,0.0,Bad
61.0,83.0,6.0,45.0,18.0,1.0,0.5181096372066505,83.0,43.0,6.117458320693036,6.0,19.0,3.0,33.0,0.0,0.0,0.0,84.0,92.0,4.0,3.0,4.0,73.0,0.0,0.0,0.0,0.0,0.0,0.0,0.0,0.0,0.0,0.0,0.0,Bad
82.0,297.0,19.0,113.38395357101409,31.0,0.0,0.0,100.0,39.71859443777737,7.0,8.0,31.0,0.0,29.0,0.0,0.0,0.0,20.0,54.48989691811117,5.0,1.0,0.0,40.0,1.0,0.0,0.0,0.0,0.0,0.0,1.0,0.0,0.0,0.0,0.0,Bad
88.0,278.43260596149923,51.0,127.0,17.0,0.0,0.0,98.46890422931095,48.26874729939058,7.0,8.0,35.0,-0.2673385617016004,44.0,0.0,2.071586778691681,2.0,5.0,29.876811962898145,2.0,1.4756954028963334,0.0,60.0,1.0,0.0,0.0,0.0,0.0,0.0,1.0,0.0,0.0,0.0,0.0,Good
67.0,136.98009792298333,2.0,36.0,30.0,0.0,0.0,97.0,25.0,6.0,6.0,32.0,8.0,57.88013279159472,0.0,3.0,3.0,39.0,89.0,4.0,8.0,0.7233684956943569,80.0,0.0,0.0,0.0,0.0,0.0,0.0,0.0,0.0,0.0,0.0,0.0,Good
78.0,202.0,1.0,102.0,29.796199420986024,0.35040955967172316,0.0,86.0,17.0,6.0,6.0,39.0,2.0,57.0,4.194051742734112,0.0,0.005138316979245355,16.0,70.85571766948186,3.0,4.0,0.0,89.0,0.0,1.0,0.0,0.0,0.0,0.0,0.0,0.0,0.0,0.0,0.0,Bad
70.0,241.0,2.0,104.0,23.0,1.0,0.0,70.0,26.0,6.0,5.0,27.0,1.6219316927208332,52.0,0.0,1.0,0.957902211529657,43.0,70.90174869306439,5.0,2.0,0.0,89.0,0.0,0.0,0.0,0.0,0.0,0.0,0.0,0.0,0.0,0.0,0.0,Bad
87.0,266.19886206450764,22.816975881231997,128.0,9.0,0.0,0.0,100.0,51.90593941044136,7.155509845060556,8.0,9.0,0.0,33.0,0.0,0.0,0.0,11.0,52.078444565843284,2.0,1.0,1.0,100.0,1.0,0.0,0.0,0.0,0.0,0.0,1.0,0.0,0.0,0.0,0.0,Good
66.0,331.0,6.0,95.95117982043563,28.14602982422444,0.23229228809392533,0.0,92.0,45.0,6.0,6.0,30.52146069590476,2.5493986341647155,25.0,2.7624684293506765,0.0,0.0,56.0,91.0,6.0,2.685176451283059,3.0,64.0,0.0,1.0,0.0,0.0,0.0,0.0,0.0,0.0,0.0,0.0,0.0,Good
67.0,180.0,4.0,81.0,23.22546457768845,1.0,1.0,85.45734900728198,62.0,6.031292984192282,2.0,34.0,6.0,53.0,2.0,2.0,2.0,73.0,99.0,1.0,2.0,0.9111642993078526,80.0,0.0,0.0,0.0,0.0,0.0,0.0,0.0,0.0,0.0,1.0,0.0,Bad
88.0,302.0,9.0,105.0,22.0,0.0,-0.008244986206456001,100.0,48.723961936748566,7.0,8.0,22.0,2.0,23.0,4.047653474360127,0.9326754018955417,0.8757482987235241,2.0,62.449876875408606,5.0,2.316404964410567,0.0,64.0,1.0,0.0,0.0,0.0,1.0,0.0,0.0,0.0,0.0,0.0,0.0,Good
70.0,84.0,1.0,46.0,16.0,0.0,0.0,94.0,36.694730078929695,5.0,7.0,23.0,1.978216830951344,11.0,0.0,2.056578070063006,2.0,86.0,91.0,7.0,1.5876846063871421,4.0,80.0,1.0,0.0,0.0,0.0,0.0,0.0,0.0,0.0,0.0,0.0,0.0,Bad
87.0,260.0,12.6108276984762,69.0,10.0,0.0,0.0,100.0,51.18522070375809,7.0,8.0,12.0,0.0,33.0,19.0,0.0,0.0,25.0,48.0,3.0,3.0,0.0,100.0,1.0,0.0,0.0,0.0,0.0,0.0,0.0,0.0,0.0,0.0,0.0,Bad
65.0,175.0,1.0,51.0,53.0,0.0,0.0,100.0,27.380354427885607,7.0,8.0,65.0,7.0,48.0,-0.821106282794088,6.0,6.0,36.0,88.0,9.0,9.0,2.526921753279271,63.0,1.0,1.0,0.0,0.0,0.0,0.0,0.0,0.0,0.0,0.0,0.0,Good
70.69875582857902,213.0,24.316625192085414,96.0,29.0,0.0,0.0,87.0,26.0,5.395172197294879,6.0,30.0,0.0,23.0,4.267463617963024,0.0,0.0,60.0,8.0,2.0,3.0,1.0,67.0,0.0,0.0,0.0,0.0,1.0,0.0,0.0,0.0,0.0,0.0,0.0,Good
68.0,196.0,2.0,77.09395080161856,54.0,1.6495864516216632,1.0,85.05760284077458,2.0,3.4930528672058205,2.0,57.0,5.0,36.06595569760241,0.0,2.0,1.9237580740939177,5.0,75.0,2.0,3.0,-0.1404341744664852,25.0,0.0,0.0,0.0,0.0,0.0,0.0,0.0,0.0,0.0,0.0,0.0,Bad
68.0,194.0,3.0,60.0,29.0,0.0,0.0,97.0,57.0,6.0,6.0,73.0,2.0,47.0,0.0,7.0,7.0,52.0,77.30199318862122,5.0,3.429584720149448,2.0,79.0,0.0,0.0,0.0,0.0,0.0,0.0,0.0,0.0,0.0,0.0,0.0,Good
82.0,157.0,8.0,82.0,19.762112211477397,0.0,0.03318230462672683,100.0,41.64054131145588,7.0,8.0,22.0,1.0,50.0,0.0,2.0,2.0,2.0,85.0,1.0,2.0,0.0,60.0,1.0,0.0,0.0,0.0,0.0,0.0,0.0,0.0,0.0,0.0,0.0,Good
83.0,122.0,10.72040395188187,52.0,13.0,0.0,0.0,100.07345089104714,50.40493891294699,7.0,8.0,13.0,1.0,38.0,4.0,1.0,0.9641345503340935,18.0,68.00495554633888,2.0,1.0,0.0,100.0,1.0,0.0,0.0,0.0,0.0,0.0,1.0,0.0,0.0,0.0,0.0,Good
62.0,233.0,7.0,72.0,7.832475085046767,0.5034795047015033,0.0,78.0,47.0,6.0,5.0,9.0,2.0,44.0,0.0,0.0,-0.01290232798631108,95.0,85.0,3.0,2.0,3.0,100.0,0.0,0.0,0.0,0.0,0.0,0.0,0.0,0.0,0.0,0.0,0.0,Bad
61.0,290.0,1.6396627268432802,95.0,39.0,0.4900749331162486,0.46180727262926224,100.0,18.498624083551675,6.0,8.0,38.8940601528829,2.0,10.0,2.0,4.0,3.0,51.0,95.0,8.0,1.0,3.308939153411351,45.0,1.0,0.0,0.0,0.0,0.0,0.0,0.0,0.0,0.0,0.0,0.0,Bad
83.0,235.19691520857555,3.0,91.01765420184287,22.0,0.0,0.0,96.0,48.0,6.0,6.0,23.59811245489614,1.8068097286132119,50.0,3.556573862508031,1.0,1.0,15.0,64.0,5.0,3.0,0.0,80.0,0.0,1.0,0.0,0.0,0.0,0.0,0.0,0.0,0.0,0.0,0.0,Bad
74.0,129.0,2.0,67.0,18.0,0.0,0.0,89.0,9.0,4.0,6.0,19.0,2.0,21.0,3.040261464847839,1.0397679079905282,1.0051007457640622,5.0,88.0,2.0,2.0,-0.21752316070486133,44.0,0.0,1.0,0.0,0.0,0.0,0.0,0.0,0.0,0.0,0.0,0.0,Good
68.0,184.0,17.0,69.0,19.0,1.0,1.0,88.10737543615974,18.945138330894224,6.0,8.0,19.0,0.0,59.07458757844184,5.0,0.0,-0.04793462085802694,0.0,11.0,1.0,2.0,-0.6487514830912904,100.0,1.0,0.0,0.0,0.0,0.0,0.0,0.0,0.0,0.0,1.0,0.0,Bad
74.0,92.0,10.0,57.0,21.0,1.88595527594005,1.4556847090763276,92.0,45.0,6.0,2.0,21.960949561453123,1.0,39.2141662039319,0.0,0.0,-0.020692246877517764,21.0,64.0,4.0,3.0,0.0,70.0,0.0,0.0,0.0,0.0,0.0,0.0,0.0,0.0,0.0,0.0,0.0,Bad
64.0,107.0,9.0,54.0,23.29451690217871,0.0,0.0,93.0,6.0,4.0,6.0,20.0,1.0,29.0,0.0,2.0939290126587977,2.0,45.0,27.0,5.0,2.0,3.0,44.0,0.0,0.0,0.0,0.0,0.0,0.0,0.0,0.0,0.0,0.0,0.0,Good
64.0,43.0,9.85676956014943,15.0,10.0,0.0,0.04187852277800019,100.0,26.971928130175343,7.0,8.0,12.0,2.3701250798766136,36.0,10.0,0.0,0.0,39.0,41.0,4.0,3.0,1.4759797006355604,70.0,1.0,0.0,0.0,0.0,0.0,0.0,0.0,0.0,0.0,0.0,0.0,Bad
54.0,209.0,55.0,117.34237957619833,19.0,8.0,6.0,56.0,23.0,6.0,2.0,27.0,0.0,7.0,0.0,0.06373867062812189,0.0,14.0,23.2423176726966,4.0,1.0,0.9297380862473807,33.0,0.0,0.0,0.0,0.0,0.0,0.0,1.0,0.0,0.0,0.0,0.0,Bad
66.0,318.36078098899003,4.0,119.0,33.0,4.0,1.0,90.0,2.0,3.0,5.0,41.0,2.0,39.0,0.0,1.0,0.9605433879232304,54.0,98.0,10.0,2.0,4.0,86.0,0.0,0.0,0.0,0.0,0.0,0.0,0.0,0.0,0.0,0.0,0.0,Good
66.0,150.0,14.0,80.0,17.0,3.0,1.0,67.0,43.0,5.713279796104601,5.0,24.0,0.9984743726959229,63.0,0.0,0.0,0.0,54.32186956430558,61.0,3.0229114375806074,2.0,0.7823525992639002,100.0,0.0,0.0,0.0,0.0,0.0,1.0,0.0,1.0,0.0,1.0,0.0,Bad
60.0,232.0,8.0,92.0,31.0,0.0,0.0,87.44060250485364,1.0,4.127990072981416,6.0,34.0,1.0,23.549734994250322,0.0,1.0,1.0,53.0,63.46325695686257,10.0,2.0,3.089030665030961,75.0,0.0,0.0,0.0,0.0,0.0,0.0,0.0,0.0,0.0,0.0,0.0,Bad
81.0,134.0,9.76445451604642,60.0,25.0,-0.06363167003878267,0.0,100.0,48.09457303217454,7.0,8.0,27.0,2.0,15.0,3.6497440833908557,1.0,1.0,32.0,48.0,6.0,3.0,0.8213603106721132,100.0,1.0,1.0,0.0,0.0,0.0,0.0,0.0,0.0,0.0,0.0,0.0,Good
36.0,110.0,9.925335833568678,35.0,9.0,1.0,1.0,68.14539532415478,0.0,4.0,3.0,12.0,2.0,75.0,0.0,1.0,1.0,85.0,85.0,1.0,3.0,2.049540968804812,100.0,0.0,0.0,0.0,0.0,0.0,0.0,0.0,0.0,0.0,1.0,0.0,Bad
60.0,62.0,7.0,35.0,17.0,0.0,-0.18328418129127322,88.0,12.0,6.0,6.0,16.86261493797679,2.0,18.0,0.0,1.0,1.0,63.0,46.0,3.0,2.0,3.0,45.0,0.0,0.0,0.0,0.0,0.0,0.0,0.0,0.0,0.0,0.0,0.0,Bad
71.0,438.11004425791185,1.0,186.0,19.0,1.1622811738989416,1.0,100.0,10.295502770406685,4.614159130962782,8.0,22.0,1.1902478706282924,23.0,6.0,0.0,0.0,3.0,59.774253427104384,2.0,0.9360613765821644,0.0,43.0,1.0,0.0,0.0,0.0,0.0,0.0,1.0,0.0,0.0,0.0,0.0,Good
74.0,202.0,9.0,108.0,21.93177703459987,0.0,0.0,94.0,33.0,6.0,6.0,28.0,1.0,41.29064727974685,3.6492717597103375,0.0,0.0,48.0,82.0,2.0,1.0,1.0,75.0,0.0,0.0,0.0,0.0,1.0,0.0,0.0,0.0,0.0,0.0,0.0,Good
70.0,155.0,4.0,53.0,28.507674010700157,1.0,1.0,90.29028583124122,23.0,6.0,4.0,36.0,2.6049232052956848,47.584022473906444,1.5921325460995042,3.0,3.0,43.0,78.0,4.0,4.0,0.8814730438577358,80.0,0.0,1.0,0.0,0.0,0.0,0.0,0.0,0.0,0.0,0.0,0.0,Bad
77.0,240.0,9.0,78.0,20.0,0.0,0.02508139469611001,100.0,39.35996368595937,7.0,8.0,21.31515944663675,1.0,45.0,0.0,0.0,0.0,34.0,67.0,4.0,2.0,2.0,60.0,1.0,0.0,0.0,0.0,0.0,0.0,0.0,0.0,0.0,0.0,0.0,Good
91.0,225.0,4.0,121.0,12.0,0.0,0.0,100.0,50.55857025921674,7.0,8.0,28.0,0.8452302585413571,25.0,4.646641914094481,0.0,-0.009565498809598269,3.0,64.62628295291022,2.0,1.0,-0.41292084791632977,60.0,1.0,0.0,0.0,0.0,1.0,0.0,1.0,0.0,0.0,0.0,0.0,Good
58.81458706124435,203.0,2.0,79.0,16.0,0.0,0.0,59.0,3.0,4.0,6.0,17.0,1.0,47.0,0.514456007377714,3.0,3.0,55.0,77.0,7.0,3.0,1.0,91.0,0.0,1.0,0.0,0.0,0.0,0.0,0.0,0.0,0.0,0.0,0.0,Bad
68.0,110.0,5.0,48.0,11.948081193773838,0.0,0.0,71.0,23.0,6.0,6.0,14.0,1.0,43.0,0.0,1.052165310191269,1.0,30.0,70.90072304430869,3.0,2.0,1.0,83.0,0.0,0.0,0.0,0.0,0.0,0.0,0.0,0.0,0.0,0.0,0.0,Good
65.0,397.0,4.0,149.0,18.0,2.0,1.0,74.62598212416866,1.0,4.0,5.0,21.0,2.0,39.131082966897445,0.0,1.0,1.0,0.0,61.78331489244464,1.0,2.0361085721100234,0.0,67.0,0.0,0.0,0.0,0.0,0.0,0.0,1.0,0.0,0.0,0.0,0.0,Bad
75.0,157.69510681207788,3.0,52.0,23.0,1.0,0.0,85.0589138115453,43.0,6.0,2.0,24.0,2.0,16.18949211198953,0.0,0.0,0.0,27.0,71.98371463308014,9.0,1.0,1.0,67.0,0.0,0.0,0.0,0.0,0.0,0.0,1.0,0.0,0.0,0.0,0.0,Bad
80.0,338.0,37.01280272449226,186.0,7.0,0.0,0.0,100.0,41.01399969956182,6.722226081744157,8.0,6.735557171305514,-1.128457342247132,0.0,4.4010218107577295,0.0,0.0,65.0,31.10751083073366,2.0,-0.7044388562147467,1.893787407643181,50.0,1.0,1.0,0.0,0.0,0.0,0.0,1.0,0.0,1.0,0.0,0.0,Bad
80.0,108.72335236368278,3.4453981841036843,45.0,6.0,0.0,0.0,100.48575548811166,43.49509485201929,7.0,8.0,6.0,2.0,50.0,-1.9622973207041021,9.0,8.720640273167847,7.0,83.0,1.0,2.530852074524458,0.0,67.0,1.0,1.0,0.0,0.0,0.0,0.0,0.0,0.0,0.0,0.0,0.0,Bad
91.0,232.8361879227959,18.0,104.0,12.022016035997675,0.0,0.0,100.0,49.152140421892284,7.0,8.0,9.0,0.0,44.0,4.0,1.0,0.9701233126765155,1.0,56.520353697931164,1.0,0.7763345095043854,0.0,33.0,1.0,0.0,0.0,0.0,0.0,0.0,1.0,0.0,1.0,0.0,0.0,Bad
66.86590125902214,62.0,6.0,31.0,8.0,0.0,0.05820853788440633,100.0,44.391567776869834,7.0,8.0,8.0,2.0,25.0,0.0,3.0,2.906132097926716,91.0,139.0,5.0,1.0,1.0,86.0,1.0,0.0,0.0,0.0,0.0,0.0,0.0,0.0,0.0,0.0,0.0,Bad
75.0,279.8471166662695,14.0,124.0,22.0,0.05021310194157902,0.0,100.0,40.04279311005462,7.0,8.0,23.0,0.0,39.0,0.0,0.0,-0.005435410539234145,57.0,60.523242695199976,4.0,2.08928834393299,1.0,100.0,1.0,0.0,0.0,0.0,0.0,0.0,1.0,0.0,0.0,0.0,0.0,Bad
78.77338569024285,191.0,10.027577430723962,81.26689420839966,9.0,1.0,0.0,90.0,35.0,5.448228172632208,5.0,11.60272606658171,0.0,60.0,3.0,1.0,1.0,0.0,78.0,0.0,2.0,0.0,60.0,0.0,0.0,0.0,0.0,0.0,0.0,0.0,0.0,0.0,0.0,0.0,Good
61.0,217.0,8.0,87.0,14.28785620831968,0.0,0.0,73.0,5.0,4.0,6.0,15.0,1.4443238205763609,34.51491461945489,7.0,0.9979899937482302,0.9600709688247004,59.0,63.14784920711056,6.0,2.0,0.0,100.0,0.0,0.0,0.0,0.0,0.0,0.0,1.0,0.0,0.0,0.0,0.0,Bad
74.0,137.71329368616213,5.0,44.0,24.0,0.0,0.0,100.0,37.169837301988196,7.0,8.0,24.0,2.6236825181836494,33.0,7.0,0.022790403863856973,0.0,26.0,84.0,5.0,3.0,1.20265514647572,62.0,1.0,0.0,0.0,0.0,0.0,0.0,0.0,0.0,0.0,0.0,0.0,Good
63.0,150.0,0.6540284789740802,50.0,29.0,3.0,3.0,91.0,75.0,6.0,3.0,32.0,4.404517953157035,60.73736762852522,-1.589219258830167,6.0,6.0,33.0,90.0,1.0,7.0,1.0,73.0,0.0,1.0,0.0,0.0,0.0,0.0,0.0,0.0,0.0,0.0,0.0,Bad
62.0,54.0,8.0,31.304618644084954,6.0,0.0,0.0,86.0,40.0,6.0,6.0,7.0,2.0,43.0,0.0,0.0,0.0,65.0,79.0,1.0,1.9493359899834735,1.2148311360990414,75.0,0.0,0.0,0.0,0.0,0.0,0.0,0.0,0.0,0.0,1.0,0.0,Bad
69.0,151.0,32.0,92.99430223567087,14.0,1.2885370194126151,1.0,93.0,3.0,1.0,3.0,15.0,0.0,40.0,3.9014843692225107,1.0,0.0,1.0,44.722928514549196,1.0,2.0,0.0,75.0,0.0,0.0,0.0,0.0,1.0,0.0,0.0,0.0,0.0,0.0,0.0,Good
61.62555893637242,280.0,-0.5062577009165956,77.56700554996317,33.0,0.2958250294182725,0.0,88.0,5.0,4.440601239849534,6.0,36.06287156543712,5.0,38.257020973865295,0.0,1.0592662438371503,1.0,47.0,74.60634231481481,7.0,4.0,2.0,79.0,0.0,0.0,0.0,0.0,0.0,0.0,0.0,0.0,0.0,0.0,0.0,Good
61.0,182.0,2.0,55.0529772326431,6.0,1.0,0.0,88.0,58.0,6.0,5.0,8.0,3.0,50.0,0.0,2.0,2.0,99.0,86.0,4.0,2.0,2.453133661328825,100.0,0.0,0.0,0.0,0.0,0.0,0.0,0.0,0.0,0.0,0.0,0.0,Good
61.0,107.0,5.0,70.0,7.0,4.0,2.0,65.52123393793867,27.0,3.8362568257951573,2.0,13.0,1.9420818465768988,56.070172889482606,1.898637219491928,0.0,0.0,0.0,98.0,0.0,2.0,-1.077337049506983,75.0,0.0,1.0,0.0,0.0,0.0,0.0,0.0,0.0,0.0,1.0,0.0,Bad
59.0,137.0,8.0,62.0,16.0,0.6712088968402488,0.6325770088890827,100.0,26.95750009886268,7.0,8.0,18.0,3.0,59.0,0.0,1.0,1.0,58.0,74.27319555961668,2.0,1.0,1.0,100.0,1.0,0.0,0.0,0.0,0.0,0.0,0.0,0.0,0.0,0.0,0.0,Bad
85.0,208.0,2.0,76.27779659113223,11.0,-0.03448778475488545,0.0,100.0,50.16858559354429,7.0,8.0,13.0,2.0,38.0,1.0,2.0,2.0,19.0,73.02333912541847,2.0,1.4957645543721698,-0.2438043325577337,80.0,1.0,0.0,0.0,0.0,0.0,0.0,1.0,0.0,0.0,0.0,0.0,Good
81.0,276.0,7.0,97.57280249610379,34.0,0.0,0.0,100.0,38.839499494417225,7.0,8.0,34.894756737449825,3.0,0.0,7.0,0.0,0.0,13.0,61.79098168386302,5.0,0.7931630963456828,0.0,24.0,1.0,0.0,0.0,0.0,0.0,0.0,1.0,0.0,1.0,0.0,0.0,Good
65.0,125.0,12.07535165008478,68.24456684476823,12.0,3.0,2.142451959048398,77.69244332603404,8.0,3.0,4.0,18.0,1.0,30.24352388851688,0.0,5.0,4.0,22.0,61.36297836943281,2.0,2.0,0.0,40.0,0.0,0.0,0.0,0.0,0.0,0.0,1.0,0.0,0.0,0.0,0.0,Bad
79.93122555348418,242.55557902191293,8.0,97.33630547475023,29.216889536537366,0.0,0.0,96.0,31.59860091629014,5.614816605981706,6.0,21.276070571834083,2.0,8.0,13.0,0.0,0.0,1.0,71.0,6.0,2.0,0.0,42.0,0.0,0.0,1.0,1.0,0.0,0.0,0.0,0.0,0.0,0.0,0.0,Good
76.0,170.0,9.985863965165546,74.0,33.0,0.2639883899073361,0.2049894787829728,100.0,32.68771853591113,6.290682558682159,8.0,34.0,2.1756517413800402,38.0,12.0,0.011303065572550078,0.0,20.0,65.1109269924833,4.0,4.0,0.0,67.0,1.0,0.0,0.0,0.0,0.0,0.0,1.0,0.0,0.0,0.0,0.0,Good
76.0,65.0,13.0,56.13360024764971,3.0,0.0,0.0,100.0,43.93109289939221,6.940457612300289,8.0,3.0,0.0,0.0,0.0,0.0,0.0,48.0,61.61403226459818,2.0,-0.21843753766846152,1.0,67.0,1.0,0.0,0.0,0.0,0.0,0.0,1.0,0.0,1.0,0.0,0.0,Bad
59.0,179.75844728409157,5.0,70.01162904474444,16.0,1.0,1.0,77.70105492816096,1.0,3.2659545410631217,3.0,17.65676408330312,1.0,18.0,4.0,1.0,1.0,43.0,64.94478314236895,6.0,1.0,0.0,70.0,0.0,0.0,0.0,0.0,0.0,0.0,1.0,0.0,0.0,0.0,0.0,Bad
76.0,224.91269073680206,10.956535355785373,107.0,18.0,0.0,0.0,100.0,40.49121293855501,7.0,8.0,1.0,3.0,28.0,2.8397803354685265,1.0,1.0,47.0,63.6159186687601,6.0,3.0,0.0,75.0,1.0,1.0,0.0,0.0,0.0,0.0,0.0,0.0,0.0,0.0,0.0,Bad
62.0,77.0,9.0,43.0,8.511101496591696,1.792451931527901,1.0,64.0,14.0,6.0,2.0,11.0,1.0,64.0,0.0,0.0,0.0,51.333358680309345,84.0,1.5236464792449422,4.0,0.30486388617747795,100.0,0.0,0.0,0.0,0.0,0.0,1.0,0.0,1.0,0.0,1.0,0.0,Bad
62.0,121.0,8.0,50.0,14.0,0.0,0.0,86.0,10.0,4.0,6.0,14.0,1.0,29.0,2.794127374333194,0.03316119609637727,0.0,54.0,67.30051338245018,4.0,1.0,3.0,83.0,0.0,1.0,0.0,0.0,0.0,0.0,1.0,0.0,0.0,0.0,0.0,Bad
65.0,145.0,2.553179357242957,46.0,36.0,0.0,0.0,94.0,80.0,5.0,6.0,35.65873332657411,4.0,31.0,0.0,1.0,1.0,61.0,74.0,13.0,6.0,5.0,84.0,0.0,0.0,0.0,0.0,0.0,0.0,0.0,0.0,0.0,0.0,0.0,Bad
91.0,306.5788974660502,59.0,161.0,9.0,0.0,0.0,100.0,52.956226627032095,7.0,8.0,9.0,0.0,11.0,5.038461018330823,0.025399281147517824,0.0,9.0,17.070977052254662,2.0,-0.006733159154180435,0.0,50.0,1.0,0.0,0.0,0.0,1.0,0.0,1.0,0.0,1.0,0.0,0.0,Good
71.0,229.0,14.0,104.0,35.0,0.0,0.0,100.0,29.708350961787943,6.147512747321394,8.0,34.36539021465768,0.0,32.72873239980238,19.0,0.0,0.0,74.0,65.0,6.0,2.8234659383759833,1.0,69.0,1.0,0.0,0.0,0.0,0.0,0.0,0.0,0.0,0.0,0.0,0.0,Good
82.0,273.0,13.337064139826115,103.0,28.0,0.0,0.0,100.0,37.09544623524312,6.6302922930233565,8.0,28.898634989105087,1.0,30.116799236417084,1.0,1.1064330347775082,1.0643292928156842,2.0,59.61017463279538,4.0,3.0,0.4565361728092028,50.0,1.0,0.0,0.0,0.0,0.0,0.0,1.0,0.0,0.0,0.0,0.0,Good
76.34744085055878,217.18090764769164,23.0,93.88537988229696,24.0,0.0,0.0,100.0,41.75595019930171,7.0,8.0,29.0,0.0,41.0,2.0,2.0,2.0,50.0,32.0,4.0,3.3559170365584756,1.0,100.0,1.0,0.0,0.0,0.0,0.0,0.0,0.0,0.0,0.0,0.0,0.0,Good
75.0,264.0,7.0,89.0,54.0,0.0,0.0,98.0,24.0,5.4091398001458115,6.0,55.0,1.0,36.0,0.0,1.0,1.0,33.0,55.0,5.0,4.0,1.0,67.0,0.0,0.0,0.0,0.0,0.0,0.0,0.0,0.0,0.0,0.0,0.0,Good
83.0,234.0,1.0,95.0,33.0,0.0,-0.11256307188213864,100.0,44.15454501257349,7.0,8.0,37.0,4.0,59.0,1.0,1.0,0.9811922646044886,6.0,71.0,7.0,6.0,1.0,87.0,1.0,0.0,0.0,0.0,0.0,0.0,0.0,0.0,0.0,0.0,0.0,Good
87.0,158.0,13.653299042348603,78.0,10.0,0.0,0.0,100.0,49.42778740192347,7.0,8.0,11.0,1.0404077418301574,27.0,0.0,0.0,0.0,4.0,61.948761425394835,3.0,1.0,0.0,57.0,1.0,0.0,0.0,0.0,0.0,0.0,1.0,0.0,0.0,0.0,0.0,Good
72.0,164.0,2.8432190362835463,67.0,33.06206806432968,0.0,0.0,100.0,42.542508450850704,7.0,8.0,42.0,8.0,19.0,2.3201173952638627,1.0,1.0,55.0,75.74411232324744,7.0,2.140009626809337,2.011202040838894,67.0,1.0,1.0,0.0,0.0,0.0,0.0,1.0,0.0,1.0,0.0,0.0,Bad
88.0,242.0,14.0,101.0,64.0,0.0,0.0,100.0,38.39194518094715,7.0,8.0,69.0,0.0,23.0,6.03910752884576,0.0,-0.017143878786001154,2.0,15.0,2.0,4.023325742755549,0.0,26.0,1.0,1.0,0.0,0.0,0.0,0.0,0.0,0.0,0.0,0.0,0.0,Good
71.0,207.0,1.0,82.0,22.0,0.0,0.0,96.0,40.31993266131377,6.0,6.0,23.23594059036193,3.0,21.0,0.0,1.0,1.0,72.0,73.95829942473951,9.0,3.0,4.0,92.0,0.0,0.0,0.0,1.0,0.0,0.0,0.0,0.0,0.0,0.0,0.0,Bad
67.0,284.0,6.244850929727782,84.0,40.32925154993734,0.0,0.0,100.0,28.877560596118514,7.0,8.0,45.0,1.0,27.0,2.0,1.0,1.0,48.0,67.87219871307583,11.0,3.2236173486905004,4.0,70.0,1.0,0.0,0.0,0.0,0.0,0.0,0.0,0.0,0.0,0.0,0.0,Good
83.0,158.0,4.0,83.0,27.0,0.0,-0.013084540654641097,100.0,40.78255759415973,7.0,8.0,31.0,1.0,71.0,0.0,1.053730840239067,1.0,1.0,66.0,2.0,3.0,1.0,63.0,1.0,0.0,0.0,0.0,0.0,0.0,0.0,0.0,0.0,0.0,0.0,Bad
84.0,131.58491079400557,16.0,66.0,11.0,0.0,0.0,100.0,44.22111625140184,7.0,8.0,0.0,0.0,50.0,10.0,0.0,0.0,4.0,61.661390075669,2.0,1.0,0.0,67.0,1.0,0.0,1.0,0.0,0.0,0.0,1.0,0.0,0.0,0.0,0.0,Good
63.0,204.0,5.946193733313013,79.0,22.790612549001946,4.554900615358498,4.0,85.0,38.0,6.0,2.0,26.0,1.932216175293053,73.0,0.0,2.0,2.0,77.0,79.0,4.0,3.0,2.0,70.0,0.0,0.0,0.0,0.0,0.0,0.0,0.0,0.0,0.0,0.0,0.0,Bad
66.64490272179377,307.0,6.0,125.0,38.0,3.0,1.0,79.0,24.0,6.0,2.0,49.0,2.0,48.0,4.0,1.1079437252567106,1.0603989842541846,45.0,75.0,8.0,3.8113273935899263,2.209201260548014,65.0,0.0,0.0,0.0,0.0,0.0,0.0,0.0,0.0,0.0,0.0,0.0,Bad
65.0,276.3507152358655,1.0,113.0,17.0,2.2681765484186647,2.0,84.04457481564339,25.0,6.0,6.0,21.0,2.0,16.0,0.0,1.0,1.0,54.0,100.0,5.0,1.0,2.0,78.0,0.0,0.0,0.0,0.0,0.0,0.0,0.0,0.0,0.0,0.0,0.0,Bad
66.0,194.0,21.0,73.0,23.0,1.0,1.0,81.0,6.0,0.0,2.0,26.0,0.0,35.0,0.0,0.0,0.0,74.0,55.512229651216906,5.0,2.0,2.0,64.0,0.0,0.0,0.0,0.0,0.0,0.0,0.0,0.0,0.0,0.0,0.0,Bad
68.0,18.0,20.508615164816934,18.0,2.0,0.0,0.0,100.0,40.126837550583275,7.0,8.0,2.0,0.0,100.0,0.0,0.0,0.0,64.6195965082402,71.23292322517398,-0.953108113390301,1.7753480534736163,0.7402946420111177,100.0,1.0,0.0,0.0,0.0,0.0,1.0,1.0,1.0,0.0,1.0,0.0,Bad
59.0,153.0,11.627347813792657,61.0,18.0,1.0,1.0,84.0,76.0,0.0,6.0,9.0,0.0,28.9263076141977,15.0,0.0,-0.015046547864127013,85.0,89.0,7.0,1.6732252165398978,3.0,82.0,0.0,0.0,0.0,0.0,0.0,0.0,0.0,0.0,0.0,0.0,0.0,Bad
84.0,447.0,10.134879642057147,118.0,20.0,0.0,0.0,95.0,14.0,6.0,6.0,20.0,0.0,40.0,0.0,1.0,1.0,12.0,58.1123966195876,5.0,1.0,0.0,75.0,0.0,0.0,0.0,0.0,0.0,0.0,1.0,0.0,0.0,0.0,0.0,Bad
74.0,197.0,8.0,93.0,49.0,0.0,0.02513381768538181,100.0,29.746593754308975,6.2288107991975075,8.0,48.02161463702792,1.0,29.0,8.0,0.0,-0.014135816185577368,37.0,65.06089496186877,6.0,2.0,1.0,53.0,1.0,0.0,0.0,0.0,0.0,0.0,1.0,0.0,0.0,0.0,0.0,Good
79.0,444.0,1.0,126.0,19.0,1.470242609194592,1.0,95.0,44.0,5.004775407463695,2.0,22.0,2.0,45.0,2.0,1.0,1.0,4.0,75.0,3.0,2.0,0.0,63.0,0.0,0.0,0.0,0.0,0.0,0.0,0.0,0.0,0.0,0.0,0.0,Good
77.0,256.0,3.0,88.94284784423031,37.0,0.0,0.0,92.0,19.0,6.0,6.0,39.0,4.0,23.0,3.0,1.0,1.0,13.0,67.43681812799038,3.0,1.9553939727819323,0.0,31.0,0.0,0.0,0.0,0.0,0.0,0.0,1.0,0.0,0.0,0.0,0.0,Good
80.52281038268782,192.0,1.2421765240491176,65.65527997140599,21.14748910985416,0.008333999921510848,0.0,101.11205423312151,42.36883459378086,6.891897545208554,8.0,23.0,2.4788736897028314,39.0,0.0,1.0,1.0,13.0,96.0,2.0,3.0,-0.00016603535355885768,63.0,1.0,0.0,0.0,0.0,0.0,0.0,0.0,0.0,0.0,0.0,0.0,Good
67.0,101.0,6.0,39.0,15.0,0.0,0.03553693996043672,100.0,38.12613732522561,7.0,8.0,15.0,2.0,33.0,5.0,1.0442626404505615,1.0,70.0,73.41061556333018,7.0,1.0,2.0,89.0,1.0,0.0,0.0,0.0,0.0,0.0,1.0,0.0,0.0,0.0,0.0,Good
77.78110625104267,139.0,5.209421831643386,51.0,14.0,0.0,0.0,100.0,40.31066460857153,7.0,8.0,15.0,4.0,20.0,0.0,3.0,2.0,16.0,60.0,2.0,3.0,0.0,45.0,1.0,0.0,0.0,0.0,0.0,0.0,0.0,0.0,0.0,0.0,0.0,Good
61.0,93.0,-0.4410017727815081,41.0,29.0,0.0720581365513393,0.0,100.0,27.822821949265034,7.0,8.0,31.0,4.0,20.0,1.0,9.0,8.0,39.0,77.77818543233808,10.0,2.0,3.0,71.0,1.0,0.0,0.0,0.0,0.0,0.0,0.0,0.0,0.0,0.0,0.0,Bad
69.0,212.36460987227275,7.454395371451064,76.0,47.0,1.0079894591023102,1.0,98.54076540742737,23.85058903709097,6.0,8.0,48.09738205683283,2.0,27.0,0.0,0.0,0.0,8.0,67.98641934537709,5.0,1.0,1.0,60.0,1.0,0.0,0.0,0.0,0.0,0.0,1.0,0.0,0.0,0.0,0.0,Bad
77.0,198.53349414362478,7.352699533602092,79.25823979312783,20.0,0.0,0.0,90.0,51.0,6.0,6.0,20.0,1.0,25.0,0.0,2.0,2.0,23.0,78.0,1.0,1.0,1.0,18.0,0.0,0.0,0.0,0.0,0.0,0.0,0.0,0.0,0.0,0.0,0.0,Bad
79.0,128.0,12.862675400130197,63.0,14.0,0.0,0.01613919960741156,99.37657874383565,43.81698274753677,7.0,8.0,14.0,0.0,29.0,0.0,1.0523578198128032,1.0,28.0,64.20383148396743,6.0,1.0,1.0,70.0,1.0,0.0,0.0,0.0,0.0,0.0,1.0,0.0,0.0,0.0,0.0,Good
66.74833775706675,102.0,2.0,69.0,6.0,1.0,1.0,75.0,44.0,5.199537536620005,2.0,8.0,1.0,50.0,1.7923958265988502,1.0,1.0,65.0,75.81415798580157,4.0,1.4716788655173414,1.0,100.0,0.0,1.0,0.0,0.0,0.0,0.0,1.0,0.0,1.0,0.0,0.0,Bad
80.0,181.9623145856006,2.0,65.0,21.0,0.04754909533572205,0.0,100.0,40.39211275369894,7.0,8.0,22.26413845788325,2.2335236530976443,57.0,4.0,1.0,0.9670639978145705,21.0,81.0,1.0,3.094395187209598,0.18710423264200737,50.0,1.0,0.0,0.0,0.0,0.0,0.0,0.0,0.0,0.0,0.0,0.0,Good
77.0,135.0,4.728284551483991,55.0,13.0,0.0,-0.1335076972771062,93.0,38.0,6.0,6.0,15.615775810484205,4.0,47.0,1.0,4.092029183743713,4.0,0.0,73.72509238717,2.0,3.0,0.0,71.0,0.0,0.0,0.0,0.0,0.0,0.0,1.0,0.0,0.0,0.0,0.0,Good
59.0,224.0,17.0,122.0,13.0,3.1528565355051272,2.0,58.0,8.0,2.0,2.0,15.279498377004355,0.9198510141524192,32.0,2.255982854860989,1.0221099841053083,0.9861809882807594,55.0,47.0,4.0,4.0,0.0,62.0,0.0,1.0,0.0,0.0,0.0,0.0,0.0,0.0,0.0,0.0,0.0,Bad
65.05844225507346,222.0,5.0,71.0,21.0,1.0,0.6599146014323165,82.0,4.0,4.0,4.0,22.0,1.0,20.376321910973132,0.0,1.0,1.0,37.0,65.17515151459774,5.0,0.9538948524345756,0.0,46.0,0.0,0.0,0.0,0.0,0.0,0.0,1.0,0.0,0.0,0.0,0.0,Good
65.20302599477442,52.0,14.582503543097697,28.0,3.0,-0.04407713294091975,0.0,92.52814634306837,38.41172102693173,7.0,8.0,3.0,1.0,54.650374078476354,1.1809535544265972,2.0,1.0,95.0,69.9751470690591,1.0,1.0,1.836426708012446,100.0,1.0,1.0,0.0,0.0,0.0,0.0,1.0,0.0,0.0,1.0,0.0,Bad
62.0,188.0,7.0,96.0,23.0,3.7799921574273325,3.0,74.0,12.0,6.0,2.0,12.0,1.0,35.0,1.8644271325037658,2.0,2.0,23.0,40.0,4.0,4.0,0.0,67.0,0.0,1.0,0.0,0.0,0.0,0.0,0.0,0.0,0.0,0.0,0.0,Good
86.0,153.0,5.0,70.0,16.430952947917717,0.0,0.0,100.0,47.01427279653262,7.0,8.0,14.0,1.0,33.75978194962954,3.5493135131640234,1.0,0.95858362545608,18.0,69.34966712377431,2.0,2.0,0.128606891406279,50.0,1.0,1.0,0.0,0.0,0.0,0.0,0.0,0.0,0.0,0.0,0.0,Good
68.0,196.0,2.0,68.61530946518997,13.02742727890217,1.0,1.0,92.0,3.0,1.0,3.0,13.0,4.0,54.0,2.0,2.066057894061049,2.0,9.0,73.60496405903025,1.0,2.0,0.0,75.0,0.0,0.0,0.0,0.0,0.0,0.0,0.0,0.0,0.0,0.0,0.0,Good
81.0,273.0,12.027129540692961,101.0,14.14787162109343,1.0,0.0,83.13602188401578,24.0,6.0,5.0,13.0,0.7007693001724986,15.0,0.0,0.0,0.0,20.0,56.33802655066143,1.0,0.36516261796199345,0.0,29.0,0.0,0.0,0.0,0.0,0.0,0.0,1.0,0.0,0.0,0.0,0.0,Good
68.0,204.682088044171,8.0,91.24572148865512,14.0,7.0,4.0,50.0,29.0,6.0,2.0,20.0,1.0,55.20422980868206,0.0,1.0934399329375364,1.0,0.0,92.0,1.0,2.0,-1.2698255136997032,75.0,0.0,0.0,0.0,0.0,0.0,0.0,0.0,0.0,0.0,1.0,0.0,Bad
86.0,320.62919004568283,25.0,149.0,14.0,0.23349162192259865,0.0,93.0,42.993119462667465,6.0,7.0,15.0,-0.11005146437882285,53.0,0.0,0.03687759552339305,0.0,23.0,60.0,3.0,2.687719171657693,0.0,83.0,1.0,0.0,0.0,0.0,0.0,0.0,0.0,0.0,0.0,0.0,0.0,Good
72.17736533725065,139.80384646166695,6.0,55.80387919594101,7.0,2.0,1.5475505382692,100.0,47.41198835090074,7.0,8.0,9.0,3.0,38.17099067973956,0.0,0.0,0.0,51.0,74.44221930440179,4.0,1.0,1.0105991144769781,100.0,1.0,0.0,0.0,0.0,0.0,0.0,1.0,0.0,0.0,0.0,0.0,Bad
75.0,381.0,15.0,108.0,20.0,0.0,-0.20853446386520808,88.61760620359394,14.0,6.0,6.0,23.881237953415972,0.0,45.0,1.0,2.0,2.0,32.0,56.42722564272023,6.0,2.9286829905981593,1.2908086181238465,77.0,0.0,0.0,0.0,0.0,0.0,0.0,0.0,0.0,0.0,0.0,0.0,Good
79.08458176218757,171.0,2.0,68.0,20.0,0.0,0.0,100.0,41.34485045581067,7.0,8.0,21.0,1.0,38.50153366381833,0.0,1.0473584357699195,1.0,21.0,69.0,3.0,2.0,1.0,71.0,1.0,0.0,0.0,0.0,0.0,0.0,0.0,0.0,0.0,0.0,0.0,Good
83.0,329.5638462735349,14.0,138.0,24.0,0.0,0.0,99.79931560564626,37.85407294352575,7.0,8.0,26.0,0.0,38.0,22.0,0.0,0.0,26.0,53.365371270492844,3.0,1.1601760217985666,0.0,43.0,1.0,0.0,0.0,0.0,0.0,0.0,1.0,0.0,1.0,0.0,0.0,Bad
82.0,141.0,19.0,80.0,7.0,0.0,0.0,100.0,52.126168847555874,7.209385571167319,8.0,7.0,0.0,29.0,3.806319746132577,0.0,0.0,44.0,58.28403436315945,2.0,1.1675603417484268,0.0,100.0,1.0,0.0,0.0,0.0,1.0,0.0,1.0,0.0,1.0,0.0,0.0,Good
70.0,178.0,0.0,71.0,32.0,0.0,0.0,95.10086388439801,39.0,6.0,6.0,32.98265554348458,1.0,42.0,20.0,0.004044898882985894,0.0,57.0,73.17488868800844,5.0,4.0,2.0,75.0,0.0,0.0,0.0,0.0,0.0,0.0,1.0,0.0,0.0,0.0,0.0,Good
85.0,259.0,12.0,72.0,32.0,0.0,0.0,100.0,44.71034279942029,7.045878750902441,8.0,34.594598798062066,0.0,41.0,0.0,1.0949692486127574,1.0525801431977013,4.0,64.42094017693798,3.0,2.452261944476297,0.0,67.0,1.0,0.0,0.0,0.0,0.0,0.0,1.0,0.0,0.0,0.0,0.0,Good
82.0,180.0,37.0,106.0,17.524652491167686,0.13204923396153223,0.0,89.0736191820651,35.0,6.0,6.0,16.0,0.34186579865322564,13.0,0.0,2.094783702256266,2.0,3.0,38.18873650660935,2.0,1.0,0.0,38.0,0.0,0.0,0.0,0.0,0.0,0.0,1.0,0.0,0.0,0.0,0.0,Good
65.0,101.0,2.0,34.0,15.0,0.024617400410213097,0.0,100.0,39.88603251591209,7.0,8.0,17.28291189825403,5.0,33.0,0.0,9.0,9.0,72.0,100.0,5.0,3.0,4.0,69.0,1.0,0.0,0.0,0.0,0.0,0.0,0.0,0.0,0.0,0.0,0.0,Bad
74.0,312.0,-3.5818971742036787,73.0,29.0,0.0,0.0,97.0,30.72994189055862,6.0,6.0,30.0,4.0,17.0,0.0,3.0,3.0,14.0,87.0,3.0,1.0,1.0,27.0,0.0,0.0,0.0,1.0,0.0,0.0,0.0,0.0,0.0,0.0,0.0,Bad
68.0,32.0,10.0,17.0,5.7929809052141215,0.0,0.0,100.0,31.541807586844527,7.0,8.0,4.0,1.0,50.0,3.0,4.0,4.0,13.0,92.0,1.0,2.0,0.0730460506691617,75.0,1.0,0.0,0.0,0.0,0.0,0.0,0.0,0.0,0.0,1.0,0.0,Good
73.0,170.0,7.012688443397462,61.2646290136169,42.0,0.0,0.0,100.0,38.000848993485704,7.0,8.0,45.0,7.0,38.722099245701465,0.0,5.0,4.0,33.0,23.0,3.0,3.0,1.0,60.0,1.0,0.0,0.0,0.0,0.0,0.0,0.0,0.0,0.0,0.0,0.0,Bad
82.98810742217623,185.2049452236761,1.0,65.0,18.319881926901388,0.0,0.0,100.0,38.73462096470564,7.0,8.0,15.0,2.0,33.0,24.0,1.0,0.9478574978310492,5.0,10.0,3.0,2.0,0.0,50.0,1.0,0.0,0.0,0.0,0.0,0.0,0.0,0.0,0.0,0.0,0.0,Good
65.0,196.0,-3.5241510080931313,52.0,60.0,0.0,0.0,98.0,55.0,6.0,6.0,74.0,7.0,38.56372067814888,0.0,5.0,5.0,63.0,61.0,8.0,5.016328838649063,2.0,71.0,0.0,0.0,0.0,0.0,0.0,0.0,0.0,0.0,0.0,0.0,0.0,Bad
79.66534827175862,174.4456659927569,4.0,61.0,18.0,0.1055811675706404,0.0,94.0,39.0,5.936299494989659,6.0,19.48507383559517,2.0,14.250293987124374,17.0,1.0,0.0,0.0,65.97188607770273,2.0,0.5624797332523483,1.0,29.0,0.0,0.0,0.0,0.0,0.0,0.0,1.0,0.0,1.0,0.0,0.0,Good
60.0,92.1411706948951,2.0,26.0,18.0,1.0,1.0,95.0,44.0,6.0,6.0,20.0,4.0,21.0,0.0,2.0,2.0,30.0,78.50147552643911,6.0,2.0,1.0,62.0,0.0,0.0,0.0,0.0,0.0,0.0,1.0,0.0,0.0,0.0,0.0,Bad
66.0,131.0,13.0,83.0,4.0,4.863804152515966,4.0,75.17943307789801,67.0,6.0,2.0,41.0,0.0,33.0,2.3961445773090095,0.0,0.036626046528903805,67.0,65.81618665479871,2.0,1.0,0.0,100.0,0.0,1.0,0.0,0.0,0.0,0.0,1.0,0.0,0.0,0.0,0.0,Good
72.71838344644412,104.0,5.0,49.0,13.0,0.0,0.0,100.0,41.50975315763196,7.0,8.0,13.0,1.0,31.0,3.0120829215568157,0.0,0.01041184348470943,60.0,81.0,5.0,2.539434842203791,1.0,100.0,1.0,1.0,0.0,0.0,0.0,0.0,0.0,0.0,0.0,0.0,0.0,Bad
59.0,188.01047397343962,7.0,81.0,13.0,1.0,0.0,69.0,5.0,4.0,5.0,17.0,1.0,50.0,1.3923128629800146,2.0,1.9383353743433085,75.0,67.11340920466388,3.0,2.0,1.0,100.0,0.0,1.0,0.0,0.0,0.0,0.0,1.0,0.0,0.0,0.0,0.0,Bad
72.0,160.97495627719522,4.0,64.0,14.0,0.0,0.0,99.05497598161293,42.6159021132751,7.0,8.0,15.0,3.0,43.0,2.4085912269260397,1.0358778059426215,1.0,69.0,74.99099869303434,3.0,2.0,2.0,100.0,1.0,1.0,0.0,0.0,0.0,0.0,0.0,0.0,0.0,0.0,0.0,Bad
70.0,202.0,2.820006230449824,85.0,49.0,0.13420052487268208,0.0,96.0,21.0,6.0,6.0,50.204573237835135,2.7970270102481867,47.4416184864845,0.0,4.0,3.8500042520540454,61.0,73.51707440955053,6.0,4.693988580059558,2.0163600751391706,82.0,0.0,0.0,0.0,0.0,0.0,0.0,0.0,0.0,0.0,0.0,0.0,Good
64.0,131.34855934784676,5.0,44.0,16.0,1.0,1.0,83.0,11.0,0.0,2.0,18.0,2.0,33.85862813507842,0.0,0.0,0.0,43.0,63.0,3.0,2.0,0.0,56.0,0.0,0.0,0.0,0.0,0.0,0.0,0.0,0.0,0.0,0.0,0.0,Bad
80.0,206.09537609465005,1.0,76.5668912744603,14.0,0.0,0.0,99.01950215297104,43.32330793920244,7.0,8.0,15.0,1.0,7.0,0.0,0.0,0.0,35.0,69.54882603783108,4.0,1.0,1.0,50.0,1.0,0.0,0.0,0.0,0.0,0.0,1.0,0.0,0.0,0.0,0.0,Bad
71.0,172.0,5.0,74.0,18.0,0.0,0.0,92.22365084890993,52.0,6.0,6.0,19.155840285372104,3.0,16.0,4.0,1.0,1.0,55.0,70.86818178157849,4.0,2.0,2.0,89.0,0.0,0.0,0.0,0.0,0.0,0.0,0.0,0.0,0.0,0.0,0.0,Bad
81.72111212871621,241.0,4.0,95.0,33.0,0.0,0.0,100.0,41.7545960180079,7.0,8.0,33.0,4.0,6.0,0.0,2.0,2.0,2.0,67.16994441832873,4.0,2.0,0.27851711690632364,43.0,1.0,0.0,0.0,0.0,0.0,0.0,1.0,0.0,0.0,0.0,0.0,Bad
68.8966641179852,135.0,1.0,34.0,5.404450574053285,1.0,1.0,83.0,19.0,5.0,2.0,6.0,1.0,50.0,2.865615670895529,0.03244739901802474,0.0,24.0,75.07199940725687,1.0,1.0,0.0,75.0,0.0,1.0,0.0,0.0,0.0,0.0,1.0,0.0,0.0,0.0,0.0,Bad
87.0,227.9354268257701,12.2425314539731,95.67375832044158,17.836700705271067,0.0,-0.01311729289998917,100.0,48.24496562747666,7.0,8.0,17.0,1.0850493700840493,35.0,4.40981191831343,0.01769698098285161,0.0,24.0,61.84672481503947,2.0,3.0,0.0,63.0,1.0,1.0,0.0,0.0,0.0,0.0,0.0,0.0,0.0,0.0,0.0,Good
61.35432665250747,323.0,9.624612805053065,111.41910062915962,22.24622579762664,5.0,4.0,77.0,11.0,0.0,5.0,23.0,2.0,28.260422777344285,14.0,0.0,0.0,27.0,71.0,5.0,2.0,1.0,50.0,0.0,0.0,0.0,0.0,0.0,0.0,0.0,0.0,0.0,0.0,0.0,Bad
86.0,162.0,15.349318942941355,90.880648019515,26.0,0.0,-0.04423200874300964,100.0,46.33625240370293,7.0,8.0,23.0,2.0,12.0,4.227009184190548,0.0,0.0,12.0,58.06111203881001,6.0,0.6824023347973147,0.0,35.0,1.0,1.0,0.0,0.0,0.0,0.0,1.0,0.0,1.0,0.0,0.0,Bad
66.0,224.66859891001894,11.0,88.54880417132912,23.0,0.0,0.0,91.0,18.0,6.0,6.0,23.0,1.0,22.0,0.0,1.0,1.0,53.0,19.0,7.0,3.0,4.0,71.0,0.0,0.0,0.0,0.0,0.0,0.0,0.0,0.0,0.0,0.0,0.0,Bad
69.86595824180364,279.6506765059054,12.0,123.0,19.0,0.0,-0.08743377341738587,95.0,63.0,6.0,6.0,20.0,0.0,26.0,1.0,3.0,3.0,91.0,60.0,8.0,3.0,3.343467157851279,100.0,0.0,0.0,0.0,0.0,0.0,0.0,0.0,0.0,0.0,0.0,0.0,Bad
70.0,50.15725625150483,11.0,23.0,11.953787483065481,0.9521166112854504,1.0,100.0,25.747180099374646,6.0,8.0,6.0,1.0,38.79080535576496,2.9072580164851005,0.0,0.0,3.0,68.74145451668336,2.0,2.0,9.232702771022616e-05,67.0,1.0,1.0,1.0,0.0,0.0,0.0,0.0,0.0,0.0,0.0,0.0,Bad
80.91811493982293,187.24954310820453,1.9006546432075915,71.0,12.0,0.03670724955114224,0.0,98.72530449624207,42.185335938430654,6.8871383872504675,8.0,13.0,2.2327773161588818,23.0,1.0,1.0,0.9743330930879709,12.0,100.0,2.0,2.0,0.0,50.0,1.0,0.0,0.0,0.0,0.0,0.0,0.0,0.0,0.0,0.0,0.0,Bad
57.0,341.0,5.0,103.54616852703158,29.0,0.0,0.0,87.40003066934534,3.0,4.0,6.0,29.0,1.0,28.0,3.060698530409796,0.0,0.0,67.0,50.0,9.0,4.0,5.0,76.0,0.0,0.0,0.0,0.0,1.0,0.0,0.0,0.0,0.0,0.0,0.0,Bad
83.0,416.0,16.0,150.35865648041374,23.800560961577936,2.0,0.0,93.0,44.0,6.044304874385329,5.0,27.0,0.0,11.0,4.808664611526002,0.0,0.0,22.0,51.10644983359629,6.0,1.0,0.9658243592783236,64.0,0.0,1.0,0.0,0.0,0.0,0.0,1.0,0.0,0.0,0.0,0.0,Bad
88.0,267.2599883671974,11.0,102.84667925092411,23.0,0.0,0.0,100.0,44.75064374917244,7.0,8.0,28.0,1.0,13.0,4.64283397456853,0.0,0.0,2.0,58.44329391232583,1.0,1.0,0.0,22.0,1.0,0.0,0.0,0.0,1.0,0.0,1.0,0.0,0.0,0.0,0.0,Good
73.0,109.0,3.0,65.0,27.0,1.0,1.0,100.0,33.137398665606185,7.0,8.0,28.0,2.0,15.0,0.0,1.0,0.9684766404717954,13.0,51.0,4.0,2.0,1.0,35.0,1.0,0.0,0.0,0.0,0.0,0.0,0.0,0.0,0.0,0.0,0.0,Good
64.17527805908244,186.0,6.0,71.17587992970869,35.0,0.0,0.0,97.0,26.0,6.0,6.0,38.0,2.6959975592024676,27.272527095728954,2.9315109330230844,0.0,0.0,60.0,73.0,10.0,4.0,4.0,67.0,0.0,1.0,0.0,0.0,0.0,0.0,0.0,0.0,0.0,0.0,0.0,Good
61.0,254.0,5.749661655608783,82.27445004036181,33.158319618051415,0.0,0.0,94.47332074877207,28.567540870973374,6.0,6.0,40.0,2.367916088617918,38.0,0.0,3.0,3.0,86.0,73.0,9.0,2.0,5.0,92.0,0.0,0.0,0.0,1.0,0.0,0.0,0.0,0.0,0.0,0.0,0.0,Bad
60.0,313.0,0.7173902312738925,96.61459087028102,27.0,4.0,1.0,76.0,9.0,4.0,3.0,33.0,4.0,36.0,0.0,5.0,5.0,42.0,71.23452804872815,6.0,2.0,1.0,73.0,0.0,0.0,0.0,0.0,0.0,0.0,0.0,0.0,0.0,0.0,0.0,Bad
65.0,242.0,6.0,83.0,15.0,3.0,2.362740141647933,100.0,30.292210148634922,6.0,8.0,9.0,4.0,33.27593855295285,0.0,2.0,2.0,37.0,70.87242830828434,4.0,1.8011218596308947,0.0,75.0,1.0,0.0,0.0,0.0,0.0,0.0,1.0,0.0,0.0,0.0,0.0,Good
60.0,197.0,30.0,92.0,2.0,1.0,0.0,67.0,2.0,3.0,5.0,20.0,0.0,67.0,4.0,1.0,1.002639816784251,66.0,48.36201868707161,1.0,1.8907093180491086,0.0,100.0,0.0,0.0,0.0,0.0,0.0,0.0,1.0,0.0,1.0,0.0,0.0,Bad
81.0,199.0,5.0,70.0,32.0,0.0,0.0,94.0,21.0,6.0,6.0,33.0,2.0,27.0,3.750883836012721,1.0,1.0,2.0,66.31317726479105,2.0,1.0,-0.1416214968771854,25.0,0.0,1.0,0.0,0.0,0.0,0.0,1.0,0.0,0.0,0.0,0.0,Good
84.0,283.0,18.105305683037813,110.0,13.0,0.0,0.031500278745002136,98.04468667675864,47.25695171574813,7.0,8.0,13.0,0.0,36.79556524463779,0.0,1.0,1.0,28.0,56.77469032733189,2.0,1.0,0.0,80.0,1.0,0.0,0.0,0.0,0.0,0.0,1.0,0.0,0.0,0.0,0.0,Good
52.0,195.0,3.0,66.0,20.0,2.0,2.0,75.0,1.0,4.0,2.0,24.09572318275654,7.0,29.0,8.0,0.0,-0.005823382479126393,88.0,65.0,6.0,3.0897086014306376,3.0,90.0,0.0,0.0,0.0,0.0,0.0,0.0,0.0,0.0,0.0,0.0,0.0,Bad
72.0,354.0,4.0,98.61827673605272,22.0,0.0,-0.04911521328373841,100.0,46.510486478002775,7.0,8.0,24.0,5.0,29.0,0.0,0.0,-0.006927623308118913,89.0,72.59387236460489,7.0,3.0,5.0,92.0,1.0,0.0,0.0,0.0,0.0,0.0,0.0,0.0,0.0,0.0,0.0,Bad
85.0,280.0,8.775156012909171,97.61014301072687,22.0,0.11420603325247258,0.0,96.18153182531759,70.0,6.0,6.0,24.02658059691023,2.2381584046355303,32.0,3.0,3.0,2.8887318202100514,1.0,66.88492022135448,1.0,2.489229447699206,-0.6364126197022464,50.0,0.0,0.0,0.0,0.0,0.0,0.0,0.0,0.0,0.0,0.0,0.0,Good
63.0,99.0,2.0,44.0,43.03057066278393,0.31167456670995675,0.0,98.0,25.755075909694312,5.0,7.0,48.0,6.0,61.247326127226145,1.5525197571009994,2.0,1.9674423703777204,91.0,81.88461406153715,7.0,10.0,3.0,94.0,1.0,1.0,0.0,0.0,0.0,0.0,0.0,0.0,0.0,0.0,0.0,Good
55.0,222.0,15.0,93.0,18.0,0.0,0.0,84.25136952688459,1.0,4.0,6.0,21.0,0.0,19.0,0.0,0.0,0.0,105.0,72.0,11.0,3.0,3.0,82.0,0.0,0.0,0.0,0.0,0.0,0.0,0.0,0.0,0.0,0.0,0.0,Bad
63.00011060789289,39.0,23.0,26.0,4.0,1.6936764760368825,1.0,60.0,12.0,5.0,5.0,6.0,0.0,35.16212117453968,0.0,0.0,-0.01693232819541335,28.0,55.737091953157154,1.0,1.0,0.0,67.0,0.0,0.0,0.0,0.0,0.0,0.0,1.0,0.0,0.0,0.0,0.0,Bad
81.0,271.0,10.0,92.16923085516125,20.0,0.02092697719612069,0.0,100.0,35.520874478854296,7.0,8.0,18.0,1.0,25.0,0.0,1.0,1.0,0.0,61.696041444888806,1.0,2.0,0.0,23.0,1.0,0.0,0.0,0.0,0.0,0.0,0.0,0.0,0.0,0.0,0.0,Good
61.0,194.0,6.0,69.0,22.0,1.0,1.0,74.0,9.0,6.0,4.0,23.0,5.0,32.203751111709515,0.0,0.0,0.0,44.0,84.0,5.0,3.0,3.0,57.0,0.0,0.0,0.0,0.0,0.0,0.0,0.0,0.0,0.0,0.0,0.0,Bad
87.0,285.0,2.0,73.0,26.0,0.0,0.0,100.0,50.66522045812968,7.418162533909568,8.0,29.0,3.0,47.684902854329536,0.0,0.0,0.0,3.0,108.0,3.0,5.0,0.0,67.0,1.0,0.0,0.0,0.0,0.0,0.0,0.0,0.0,0.0,0.0,0.0,Bad
76.0576623369384,250.25174011593816,4.0,118.0,5.0,2.0,2.0,100.0,47.50609948023188,7.0,8.0,0.0,1.0,40.0,2.7647820207674845,1.016294030704371,1.0,65.0,69.65346214264152,2.0,1.2715203585001937,1.0,100.0,1.0,1.0,1.0,0.0,0.0,0.0,1.0,0.0,1.0,0.0,0.0,Good
86.0,201.0,10.516531745632555,87.0,17.0,0.0,0.0,94.0,21.0,5.547307706394509,6.0,17.91495874324212,0.968095152912805,33.0,0.0,1.0,1.0,1.0,60.79936644673248,2.0,1.0,-0.4215853873968971,33.0,0.0,0.0,0.0,0.0,0.0,0.0,1.0,0.0,0.0,0.0,0.0,Good
59.0,180.0,5.0,55.0,45.0,1.0,1.0,80.0,0.0,4.0,4.0,49.0,6.0,41.3458280281255,1.0,2.0,2.0,20.0,87.0,7.0,4.0,0.9731382026466107,80.0,0.0,0.0,0.0,0.0,0.0,0.0,0.0,0.0,0.0,0.0,0.0,Bad
67.0,134.0,2.0,52.0,23.0,0.0,0.0,94.52501579001904,63.0,6.0,6.0,25.0,3.0,25.0,0.0,10.0,9.0,30.0,77.58043278700313,5.0,2.0,1.0,64.0,0.0,0.0,0.0,0.0,0.0,0.0,1.0,0.0,0.0,0.0,0.0,Bad
80.0,290.0,10.541757234936465,82.0,21.177954360130006,0.0,0.0,87.0,17.0,5.0,6.0,24.644449316421593,1.0834066262806283,46.444767921272735,0.0,0.0,0.0,16.0,44.0,3.0,4.0,0.0,78.0,0.0,0.0,0.0,0.0,0.0,0.0,0.0,0.0,0.0,0.0,0.0,Bad
56.0,170.0,3.0,79.0,49.0,2.0,0.0,87.0,9.0,4.0,5.0,61.0,2.0,80.0,0.0,2.0,2.0,73.0,52.0,5.0,11.0,3.0,89.0,0.0,0.0,0.0,0.0,0.0,0.0,0.0,0.0,0.0,0.0,0.0,Bad
55.0,165.0,13.0,70.05959344797037,6.0,0.0,0.0,67.0,10.0,4.0,6.0,6.0,0.0,33.0,6.0,0.0,0.0,103.0,61.06619638641343,2.0,1.0,2.0,100.0,0.0,0.0,0.0,0.0,0.0,0.0,1.0,0.0,0.0,0.0,0.0,Bad
86.0,266.0,3.0,95.0,12.0,0.0,0.0,100.0,48.00226509948638,7.0,8.0,13.0,1.4650293765077906,12.82619148669708,0.0,0.0,0.0,22.0,67.0518009012615,3.0,0.15011237640529562,0.0,43.0,1.0,0.0,0.0,0.0,0.0,0.0,1.0,0.0,1.0,0.0,0.0,Bad
70.0,434.0,38.9965086554817,207.0,5.0,1.0,0.8564430730375269,100.0,28.408470372747672,6.0,8.0,5.0,0.0,40.0,7.0,0.9907326255744748,0.9811497159611492,60.0,32.65201176351022,2.0,1.2124733109763808,0.0,100.0,1.0,0.0,0.0,0.0,0.0,0.0,1.0,0.0,1.0,0.0,0.0,Good
69.3082572688771,192.0,13.0,77.0,20.500207845026775,0.0,0.0,96.0,11.0,4.0,6.0,26.0,0.0,58.0,1.0,4.0,4.0,35.0,63.674902877989695,2.0,2.0,0.0,80.0,0.0,0.0,0.0,0.0,0.0,0.0,1.0,0.0,0.0,0.0,0.0,Bad
65.0,130.0,6.0,68.0,26.445082997036724,3.0,2.0,89.0,29.0,5.0,4.0,29.0,1.0,43.0,0.0,1.0,0.9542140840685124,46.0,56.0,8.0,3.0,2.0,85.0,0.0,0.0,0.0,0.0,0.0,0.0,0.0,0.0,0.0,0.0,0.0,Good
79.0,249.0,12.0,107.49573863525329,47.12657192729253,-0.016913835263519417,-0.11524879787699432,100.0,36.17938515823232,7.0,8.0,43.0,0.0,12.0,5.0,0.03132655977752399,0.0,8.0,58.61569729564121,18.0,4.0,1.0,69.0,1.0,0.0,0.0,0.0,0.0,0.0,0.0,0.0,0.0,0.0,0.0,Good
58.0,178.0,13.0,78.0,39.0,2.7323703598566724,2.0,79.0,7.0,4.0,2.0,43.0,0.0,42.0,0.0,6.0,5.0,40.0,79.0,6.0,3.0,1.0,64.0,0.0,0.0,0.0,0.0,0.0,0.0,0.0,0.0,0.0,0.0,0.0,Bad
61.0,208.0,6.0,96.0,24.0,3.0,2.146846514026513,74.0,44.0,4.811767090190274,2.0,27.463556831242013,2.224622823536728,63.0,1.1606610840395057,2.0,2.0,53.0,77.0,6.0,4.0,2.0,92.0,0.0,1.0,0.0,0.0,0.0,0.0,0.0,0.0,0.0,0.0,0.0,Bad
70.0,70.0,7.0,39.0,6.0,0.0,0.0,100.0,46.04911170767372,7.0,8.0,7.2717588835474185,2.0,17.0,0.0,0.0,0.024125991449440526,96.0,72.1182270720176,3.0,0.40882304195286334,3.0,75.0,1.0,0.0,0.0,0.0,0.0,0.0,1.0,0.0,1.0,0.0,0.0,Bad
79.0,203.0,4.0,95.0,24.764126522673504,0.3138118596310795,0.0,91.0,41.0,6.0,5.0,25.27632955537523,2.0,28.0,3.0,1.0,1.0,1.0,68.03067453369461,3.0,1.3950830411153992,0.01153889465092206,40.0,0.0,0.0,0.0,0.0,0.0,0.0,1.0,0.0,0.0,0.0,0.0,Good
77.0,217.14135292254443,3.0,65.0,49.0,0.0,-0.014580652497590663,108.34544087865638,35.958629253795465,7.0,8.0,49.382096554833154,5.0,39.0,7.0,0.0,0.0,4.0,90.0,7.0,9.0,0.0,59.0,1.0,0.0,0.0,0.0,0.0,0.0,0.0,0.0,0.0,0.0,0.0,Good
64.29493766927442,140.0,13.516689721004433,76.0,22.0,0.0,0.0,95.0,22.0,6.0,6.0,22.0,0.0,23.0,0.0,3.0,2.8665665426626807,91.0,61.660715609459146,2.0,1.0,2.0,60.0,0.0,0.0,0.0,0.0,0.0,0.0,1.0,0.0,0.0,0.0,0.0,Bad
72.0,403.0,31.0,180.0,23.0,0.0,0.0,87.0,56.0,6.0,6.0,23.0,0.0,17.0,0.0,1.0,1.0,53.0,42.13463059322523,9.0,1.0,3.0,83.0,0.0,0.0,0.0,0.0,0.0,0.0,1.0,0.0,0.0,0.0,0.0,Good
77.0,207.0,4.0,87.0,18.0,0.0,0.0,89.0,64.0,6.628599549379498,6.0,19.0,2.0,39.0,9.0,0.0,0.0,12.0,94.0,4.0,2.6361447659730644,0.0,75.0,0.0,0.0,0.0,0.0,0.0,0.0,0.0,0.0,0.0,0.0,0.0,Good
67.0,158.0,0.0,51.0,28.0,0.0,0.0,93.03202646821453,22.41166223787431,5.293161439477185,6.0,29.0,1.0,45.0,0.0,1.185706551567817,1.13148427824165,44.0,76.43194921228857,5.0,3.240998749071408,1.6312765205719835,67.0,0.0,0.0,0.0,1.0,0.0,0.0,0.0,0.0,0.0,0.0,0.0,Bad
60.0,12.0,5.0,9.0,2.0,0.0,0.0,100.0,34.735051311398166,7.0,8.0,2.0,2.774408978267327,79.34471747228827,0.0,6.0,5.0,74.13593300475739,83.08204948653233,1.292924965899308,2.3143839891136833,1.5283711601598542,100.0,1.0,0.0,0.0,0.0,0.0,1.0,0.0,1.0,0.0,1.0,0.0,Bad
75.0,274.0,3.0,44.0,21.585579435065686,0.0,0.0,95.0,26.0,6.0,6.0,22.0,3.2193076338913444,35.03970228049097,0.0,5.0,4.0,1.0,72.04609687940149,2.0,3.0,-0.27318836332825036,45.0,0.0,0.0,0.0,0.0,0.0,0.0,1.0,0.0,0.0,0.0,0.0,Good
61.0,178.0,8.316161717475236,70.0,26.0,0.0,0.0,89.0,4.0,4.0,6.0,27.690510256248196,2.0,52.0,2.9749784800615395,0.0,0.0,31.0,68.0,3.0,3.0,1.0,86.0,0.0,1.0,0.0,0.0,0.0,0.0,0.0,0.0,0.0,0.0,0.0,Bad
91.0,232.0,80.0,141.0,12.747979390874615,0.0,0.0,100.0,54.15856014711699,7.225896936417254,8.0,12.738634750989416,0.0,0.0,9.0,0.0,0.0,2.0,0.48247955708848167,2.0,-0.25108283898012945,0.0,33.0,1.0,0.0,0.0,0.0,0.0,0.0,1.0,0.0,1.0,0.0,0.0,Good
62.86019648075276,129.0,2.0,23.0,21.0,0.0,0.0,100.0,36.45979912765188,7.0,8.0,23.71097526394369,7.0,37.20755097011862,-0.33623570777100387,4.0,3.8958599353753316,74.0,74.0,8.0,4.0,2.0,93.0,1.0,1.0,0.0,0.0,0.0,0.0,0.0,0.0,0.0,0.0,0.0,Bad
82.0,295.0,40.0,116.0,5.0,0.0,0.0,95.48477025356785,47.52035827285397,7.0,8.0,7.358106764549792,0.0,40.0,6.0,0.0,0.0,58.0,38.484461924078985,1.0,1.0,0.0,67.0,1.0,0.0,0.0,0.0,0.0,0.0,1.0,0.0,0.0,0.0,0.0,Bad
79.43806892115033,290.0,21.0,100.0,10.0,0.0,0.009010569616132058,97.24678971747443,40.50686118662318,6.856529492845702,8.0,10.0,0.0,30.0,0.0,1.0,1.0,42.0,53.667864035175654,2.0,0.3504004891892598,1.2033697886809425,40.0,1.0,0.0,0.0,0.0,0.0,0.0,1.0,0.0,1.0,0.0,0.0,Good
81.0,201.0,18.0,90.16826195503165,30.0,0.0,0.0,101.43468010469172,42.14773395656252,7.0,8.0,32.0,0.0,50.0,4.127143641237803,0.0,0.0012454405733519358,21.0,84.0,3.0,3.0,0.0,86.0,1.0,1.0,0.0,0.0,0.0,0.0,0.0,0.0,0.0,0.0,0.0,Good
78.0,162.0,8.0,58.0,38.0,0.0,-0.012957138465238716,100.0,35.63981476995363,7.0,8.0,53.0,2.0,18.0,2.0,1.0,0.9812234912244052,6.0,80.0,3.0,3.0,0.5757233938906121,32.0,1.0,0.0,0.0,0.0,0.0,0.0,0.0,0.0,0.0,0.0,0.0,Good
63.0,103.0,4.0,30.894495137962267,13.0,1.0,1.0,100.0,33.39460983037793,6.233542750229546,8.0,14.0,4.0,85.0,0.0,1.0,1.0,68.0,93.0,2.0,3.0,1.3197973981584863,100.0,1.0,0.0,0.0,0.0,0.0,0.0,0.0,0.0,0.0,1.0,0.0,Bad
67.17408496803563,190.0,3.0,64.0,15.145599346316839,0.6280452310817446,0.0,71.0,34.0,6.0,5.0,14.0,2.4959557414734608,29.0,1.3874320131321203,2.0,1.9353931928957824,37.0,71.45624613619879,8.0,2.0,0.0,91.0,0.0,1.0,0.0,0.0,0.0,0.0,0.0,0.0,0.0,0.0,0.0,Bad
70.0,48.28595417374552,20.0,27.0,6.3868730887215035,0.0,0.0760288696661624,100.0,47.232460124127044,7.210524711231041,8.0,7.52511185672865,0.0,50.0,1.8263796347228918,1.035233404986534,1.0,102.0,97.0,2.0,2.0,1.0,100.0,1.0,1.0,0.0,0.0,0.0,0.0,0.0,0.0,0.0,0.0,0.0,Bad
65.0,155.68940190050458,32.0,78.0,17.195642486304653,4.0,3.0,70.0,23.0,6.0,3.0,20.0,1.5848754919171406,30.0,1.0,7.0,6.752375311838111,5.0,27.0,2.0,4.0,1.0,60.0,0.0,0.0,0.0,0.0,0.0,0.0,0.0,0.0,0.0,0.0,0.0,Good
69.0,155.0,3.0,55.062825575779826,27.879115659020467,0.0,0.0,100.01981174672972,31.532530887950315,7.0,8.0,31.0,2.8999197488309543,29.0,1.8207471965134086,2.0,2.0,51.0,73.29337728420586,3.0,3.0,2.0,46.0,1.0,1.0,0.0,0.0,0.0,0.0,0.0,0.0,0.0,0.0,0.0,Bad
61.0,211.33706435623193,10.0,83.0,41.0,0.0,0.0,87.07974396219512,4.0,4.0,6.0,41.0,1.0,37.0,0.0,1.0,1.0,24.0,81.0,1.0,4.0,1.0,44.0,0.0,0.0,0.0,0.0,0.0,0.0,0.0,0.0,0.0,0.0,0.0,Bad
88.0,222.0,16.928415389800808,82.0,10.0,0.0,0.0017311001775452972,100.0,47.92199684017788,7.0,8.0,11.0,1.0,45.0,1.0,1.0,1.0,3.0,30.0,2.0,2.2745582473475765,0.0,57.0,1.0,0.0,0.0,0.0,0.0,0.0,0.0,0.0,0.0,0.0,0.0,Good
65.4845280131488,243.0,1.0,78.02453534314394,13.0,1.1542602990975512,0.6435128016336022,75.0,4.0,4.0,5.0,16.0,3.0,50.0,0.0,2.0,2.0,14.0,71.91914440577963,6.0,1.0,0.0,78.0,0.0,0.0,0.0,0.0,0.0,0.0,1.0,0.0,0.0,0.0,0.0,Bad
88.0,160.0,5.0,74.0,10.0,-0.005548337244441814,0.0,100.0,50.25004502777114,7.382102205966515,8.0,10.40936499469051,1.0,50.0,0.0,1.0,1.0,0.0,84.0,1.0,2.0,0.0,50.0,1.0,0.0,0.0,0.0,0.0,0.0,0.0,0.0,0.0,0.0,0.0,Good
78.0,79.0,33.0,58.0,9.0,0.0,0.0,78.0,9.0,4.839886693727977,6.0,9.0,0.0,33.0,0.0,0.0,0.0,3.0,43.96982764147308,1.0,0.5766789676503629,0.0,33.0,0.0,0.0,0.0,0.0,0.0,0.0,1.0,0.0,1.0,0.0,0.0,Bad
84.0,158.0,13.0,74.0,14.0,0.0,0.0,100.0,46.599595528300966,7.104900274854732,8.0,16.0,0.0,63.0,0.0,1.0,1.0,16.0,82.0,2.0,3.0,0.06071999083050428,71.0,1.0,0.0,0.0,0.0,0.0,0.0,0.0,0.0,0.0,0.0,0.0,Good
55.0,137.0,6.0,63.0,34.0,0.0,-0.07387843713058223,94.0,1.0,4.093747400342803,6.0,34.01225260197282,4.0,36.55560112817495,0.0,1.0,1.0,56.0,61.0,7.0,4.0,2.5217694070918935,73.0,0.0,0.0,0.0,0.0,0.0,0.0,0.0,0.0,0.0,0.0,0.0,Bad
60.16070361507455,89.0,4.5541187090428075,48.0,25.0,1.0,1.0,89.0,2.0,4.0,2.0,28.0,3.0,32.0,0.0,1.0,1.0,36.0,55.0,9.0,3.0106939854450667,1.0,73.0,0.0,0.0,0.0,0.0,0.0,0.0,0.0,0.0,0.0,0.0,0.0,Bad
75.0,161.0,2.0,67.0,26.0,0.0,0.0,100.0,38.71972125477973,7.0,8.0,28.0,2.537532354444035,33.0,0.0,1.0516354766432454,1.0,40.0,75.0,4.0,3.0,1.0,58.0,1.0,0.0,0.0,0.0,0.0,0.0,0.0,0.0,0.0,0.0,0.0,Good
73.0,179.0,5.0,102.0,34.0,0.0,0.0,100.0,37.09530169559585,7.0,8.0,32.661143424771595,1.0,15.0,0.0,0.0,0.0,65.0,67.24389584524913,6.0,1.026938032015226,2.92187756359085,40.0,1.0,0.0,0.0,0.0,0.0,0.0,1.0,0.0,1.0,0.0,0.0,Bad
72.0,173.0,4.0,75.0,26.0,0.0,-0.14322186965854042,96.0,19.0,6.0,6.0,27.175718655240814,1.0,30.0,19.0,0.0,0.0,42.0,65.43484441359941,3.0,1.3245702461054405,1.0,38.0,0.0,0.0,0.0,0.0,0.0,0.0,1.0,0.0,1.0,0.0,0.0,Bad
79.0,322.0,14.0,109.74280674777198,32.0,1.0,1.0,100.0,28.413437746375905,5.888530902667806,8.0,34.0,0.0,50.0,0.0,0.0,0.0,0.0,60.03297790375058,1.0,1.0,0.12257487471170192,29.0,1.0,0.0,0.0,0.0,0.0,0.0,1.0,0.0,0.0,0.0,0.0,Bad
71.0,84.0,0.0,38.0,23.68394470566452,0.07269859336320561,0.0,96.0,28.0,6.0,6.0,25.0,3.0,16.0,9.0,0.0,-0.010156327834998327,35.0,84.0,4.0,3.0,2.0,67.0,0.0,0.0,0.0,0.0,0.0,0.0,0.0,0.0,0.0,0.0,0.0,Bad
79.0,317.0,16.0,144.0,19.226207134962234,0.0,0.0,86.0,29.0,6.0,6.0,17.0,0.0,14.0,2.9994876141748104,2.0,1.9346112528079202,19.0,50.58199756795037,5.0,0.29316689716433486,1.0,38.0,0.0,1.0,0.0,0.0,0.0,0.0,1.0,0.0,1.0,0.0,0.0,Bad
80.26746960388843,124.0,11.0,134.0,14.493156469703042,0.0,0.0,100.0,41.77987883775498,7.0,8.0,5.0,1.0,35.0,5.0,1.0,1.0,42.0,25.0,3.0,1.9338459175357112,1.0,60.0,1.0,0.0,0.0,0.0,0.0,0.0,0.0,0.0,0.0,0.0,0.0,Good
67.0,176.0,7.0,73.0,24.0,1.0,0.7344375781612184,92.0,10.0,4.0,4.0,19.0,3.0,20.0,9.0,0.0,-0.025826168290350004,26.0,65.02352778247992,9.0,1.0,1.0,65.0,0.0,0.0,0.0,0.0,0.0,0.0,1.0,0.0,0.0,0.0,0.0,Good
79.0,305.0,4.682481193471521,98.5856362601284,25.0,0.0,0.0,93.0,39.0,6.0,6.0,29.0,2.0,31.0,0.0,2.0,2.0,22.0,82.0,2.0,2.961227053417226,0.0,70.0,0.0,0.0,0.0,0.0,0.0,0.0,0.0,0.0,0.0,0.0,0.0,Good
83.03205359888457,185.0,6.0,85.0,23.0,0.0,0.0,101.12594023598247,44.1411680350902,7.021676917183979,8.0,44.0,3.0,13.0,4.003194383281052,0.0,-0.0028073047924092043,7.0,65.95553745591198,5.0,1.0,0.6704667477848236,43.0,1.0,0.0,0.0,0.0,1.0,0.0,1.0,0.0,0.0,0.0,0.0,Good
54.23486895285704,140.1954910927138,1.0,47.0,26.209548372322008,3.0,3.0,93.46705997187559,-10.711303469836167,0.0,8.0,19.658638452013978,2.966613105583523,21.89391975819536,1.4594635616992755,2.0,2.0,49.0,83.0,9.0,2.0,1.0,61.0,1.0,1.0,1.0,0.0,0.0,0.0,0.0,0.0,0.0,0.0,0.0,Bad
71.0,244.83858769512034,2.0,102.0,16.0,1.0,1.0,96.6635113335919,29.74934496815584,6.0,8.0,9.418360292135414,6.0,28.180766454809206,1.0,4.1125503337371985,4.0,22.0,92.0,3.0,2.0,0.0,45.0,1.0,0.0,1.0,0.0,0.0,0.0,0.0,0.0,0.0,0.0,0.0,Good
75.0,127.0,5.0,30.0,17.0,0.0,0.0,100.0,41.390741096027284,7.0,8.0,17.0,4.0,24.0,1.0,3.0,2.9143914717784596,14.0,56.0,4.0,2.9554180837274404,1.0,86.0,1.0,0.0,0.0,0.0,0.0,0.0,0.0,0.0,0.0,0.0,0.0,Good
80.84076240839309,255.0,17.0,111.0,12.0,0.0,0.0,92.0,37.80377096338515,6.0,6.0,12.0,0.8483501961228459,0.0,0.0,1.0422167849731063,1.0,13.0,52.429293732412546,2.0,0.07837088809665199,0.0,50.0,0.0,0.0,0.0,1.0,0.0,0.0,1.0,0.0,1.0,0.0,0.0,Bad
61.0,186.0,2.0,64.0,24.0,1.0,0.0,79.0,19.0,6.0,5.0,29.0,5.0,45.0,0.0,1.0,1.0,49.0,90.0,4.0,1.0,1.0,83.0,0.0,0.0,0.0,0.0,0.0,0.0,0.0,0.0,0.0,0.0,0.0,Bad
59.0,408.0,1.0,100.0,17.0,1.0,1.0,78.0,53.0,5.545290186246282,4.0,23.0,3.3297757599456808,39.0,0.0,5.0,4.845572303502972,54.0,74.0,4.0,2.3964262944310377,1.8702317746088593,62.0,0.0,0.0,0.0,0.0,0.0,0.0,0.0,0.0,0.0,0.0,0.0,Bad
63.967523057268636,178.0,5.0,56.8143112523249,23.0,0.0,0.0,88.92793155144784,10.0,4.0,6.0,24.0,6.0,29.0,4.0,2.0,2.0,35.0,75.0,3.0,3.0,1.0,55.0,0.0,0.0,0.0,0.0,0.0,0.0,0.0,0.0,0.0,0.0,0.0,Bad
60.0,316.0,3.0,84.0,20.690765902313185,1.0,0.0,80.0,5.0,4.425646116526828,5.0,22.0,3.0,45.0,0.0,1.0,1.0,85.0,82.0,6.0,4.0,2.511938598753832,91.0,0.0,0.0,0.0,0.0,0.0,0.0,0.0,0.0,0.0,0.0,0.0,Bad
34.0,157.0,28.76030043362676,91.0,1.0,8.403078154979227,7.0,33.0,1.0,0.0,2.0,11.0,0.0,67.0,0.0,4.040602502463586,4.0,100.0,53.039484008193995,1.0,1.6033620442035499,1.0,100.0,0.0,0.0,0.0,0.0,0.0,0.0,1.0,0.0,1.0,0.0,0.0,Good
88.0,374.0,2.9036605403327975,75.0,23.0,0.0,0.0,100.0,48.12237628953466,7.0,8.0,23.0,2.1828661855117435,17.0,0.0,1.0482939927036496,1.0,1.0,68.48432701496985,3.0,1.0,-0.1490496288859262,44.0,1.0,0.0,0.0,0.0,0.0,0.0,1.0,0.0,0.0,0.0,0.0,Good
83.94639368826115,169.0,12.434981638755904,79.04484532573022,20.095037204032586,0.0,0.0,100.0,42.058001455036106,7.0,8.0,19.0,1.0,26.0,0.0,0.0,0.0,1.0,62.13157189365632,2.0,0.8865432778921458,0.0,30.0,1.0,0.0,0.0,0.0,0.0,0.0,1.0,0.0,0.0,0.0,0.0,Good
75.0,316.0,14.0,105.32134337823454,25.068775923434334,0.0,0.0,100.0,32.76845946714161,7.0,8.0,31.0,0.0,27.46562528392677,3.85995789091074,0.02789267763504703,0.0,41.0,57.914644395504325,2.0,1.0,2.0,43.0,1.0,1.0,0.0,0.0,0.0,0.0,1.0,0.0,0.0,0.0,0.0,Bad
73.0,152.0,16.772739570412778,75.0,6.0,2.0,0.0,63.0,32.0,6.0,5.0,8.0,1.0,34.83233945121256,0.0,0.0,0.0,0.0,57.767716912696066,0.0,1.0,-0.7376608768826736,33.0,0.0,0.0,0.0,0.0,0.0,0.0,1.0,0.0,0.0,1.0,0.0,Good
72.0,320.0,4.0,71.0,28.0,0.05287326490698607,0.0,96.0,40.0,6.0,6.0,20.0,2.9664637711475415,35.6735237759289,5.0,3.0,3.0,13.0,68.0,7.0,3.0,1.0,85.0,0.0,0.0,0.0,0.0,0.0,0.0,0.0,0.0,0.0,0.0,0.0,Good
69.0,222.0,12.0,103.0,31.0,0.40073495021756944,0.0,93.30411726935415,79.0,6.0,5.0,33.0,0.0,33.0,6.0,1.0,0.0,32.0,68.0,13.0,2.640246161316978,2.0,84.0,0.0,0.0,0.0,0.0,0.0,0.0,0.0,0.0,0.0,0.0,0.0,Good
68.0,263.0,13.0,99.0,33.63641852529394,0.13338510396126768,0.0,93.0,29.0,6.0,6.0,34.0,0.0,23.0,2.0,1.0,0.9312002498803726,68.0,82.0,12.0,3.0,5.0,88.0,0.0,0.0,0.0,0.0,0.0,0.0,0.0,0.0,0.0,0.0,0.0,Bad
86.0,216.82364757707347,17.0,95.0,12.0,0.0,0.0,92.0,31.0,5.723475328145703,6.0,13.0,0.0,0.0,0.0,0.0,0.0,7.0,52.16794301989921,3.0,0.5935727500780266,-0.6220682655507446,80.0,0.0,0.0,0.0,0.0,0.0,0.0,1.0,0.0,1.0,0.0,0.0,Bad
79.0,202.0,2.0,72.75773061658411,27.58052064199001,0.0,0.0,93.0,72.0,6.0,6.0,30.0,3.0,29.53894208968108,0.0,2.0,2.0,7.0,85.0,5.0,2.0,0.0,58.0,0.0,0.0,0.0,0.0,0.0,0.0,0.0,0.0,0.0,0.0,0.0,Bad
67.86089636208304,244.0,1.0,69.0,15.0,1.0,1.0,94.0,29.327848592445747,5.0,7.0,18.0,4.0,59.0,0.0,0.08668875645374644,0.0,61.0,96.0,1.0,3.0,0.8944655051451726,80.0,1.0,0.0,0.0,0.0,0.0,0.0,0.0,0.0,0.0,1.0,0.0,Bad
80.12425867822502,223.3510125559969,1.493369756447887,72.0,48.0,0.0,0.0,100.0,37.0610232353236,7.0,8.0,51.0,3.1152812330644544,45.0,3.639653671465092,1.0,1.0,9.0,74.36787651005176,4.0,4.0,0.0,53.0,1.0,1.0,0.0,0.0,0.0,0.0,0.0,0.0,0.0,0.0,0.0,Good
66.0,233.0,7.0,82.0,8.0,1.5635113136670356,1.0,78.0,4.0,3.5346767535058223,4.0,9.0,2.0,22.0,0.0,0.0,0.0,0.0,62.578925811566265,0.0,2.0,-0.9353849363706943,60.0,0.0,0.0,0.0,0.0,0.0,0.0,1.0,0.0,0.0,0.0,0.0,Good
84.25790885916624,241.0282092846868,9.0,94.0,22.0,0.02520040105769894,0.0,100.0,42.191347730410456,7.0,8.0,25.0,1.6382352009801284,16.74750451684009,4.180143253724774,0.0,0.0,8.0,62.1210758404295,3.0,0.9407857462855111,0.0,43.0,1.0,1.0,0.0,0.0,0.0,0.0,1.0,0.0,1.0,0.0,0.0,Good
62.0,189.0,31.0,104.02017203062063,8.0,3.0,2.0,36.0,32.0,6.0,3.0,11.0,0.0,27.0,0.0,2.0,2.0,57.0,44.23524128380397,3.0,0.5816004053763796,0.8964453600584004,80.0,0.0,0.0,0.0,0.0,0.0,0.0,1.0,0.0,0.0,0.0,0.0,Good
84.0,85.0,4.0,42.0,5.0,0.0,0.0,100.0,44.382008361107125,7.0,8.0,5.0,1.0,40.0,0.0,0.0,0.0019911067924093806,0.0,72.9275878292939,0.0,2.0,-0.7612350946103477,50.0,1.0,0.0,0.0,0.0,0.0,0.0,1.0,0.0,0.0,0.0,0.0,Bad
68.34886216839536,241.0,9.0,73.0,32.0,0.0,0.0,100.0,36.2474257750568,6.766462992324129,8.0,36.0,1.9854246888829286,25.0,1.0,1.0,1.0,75.0,67.95096180150917,6.0,1.8767242157421236,5.0,67.0,1.0,0.0,0.0,0.0,0.0,0.0,1.0,0.0,1.0,0.0,0.0,Bad
75.0,224.0,19.0,97.0,21.0,0.0,0.0,97.98308149642483,34.80279453839054,7.0,8.0,21.0,0.0,33.0,3.713335687887301,0.0,0.0,57.0,49.0,2.0,1.9337264275838324,2.0,36.0,1.0,1.0,0.0,0.0,0.0,0.0,0.0,0.0,0.0,0.0,0.0,Good
86.0,233.61794922635914,5.0,85.0,31.0,-0.07045236305734814,0.0,104.94327242636982,46.76854189899365,7.0,8.0,32.0,2.039013234106468,41.0,0.0,0.0,0.0,16.0,70.50554352764873,2.0,3.0525577670528703,0.0,44.0,1.0,0.0,0.0,0.0,0.0,0.0,0.0,0.0,0.0,0.0,0.0,Bad
73.0,397.0,2.0,113.0,40.0,0.0,0.0,98.0,39.0,6.0,6.0,41.0,5.0,37.0,10.0,0.0,-0.003389036482962099,26.0,79.0,8.0,4.0,0.0,71.0,0.0,0.0,0.0,0.0,0.0,0.0,0.0,0.0,0.0,0.0,0.0,Good
71.28968685997705,39.0,0.5934209016626149,20.0,10.0,0.0,0.0,99.26387066547902,39.89782666815631,6.8042072518063295,8.0,10.0,3.0,60.0,5.0,1.0,1.0,51.0,95.0,3.0,3.0,1.0667372295605098,86.0,1.0,0.0,0.0,0.0,0.0,0.0,0.0,0.0,0.0,0.0,0.0,Bad
76.17971382615613,92.0,6.0,25.0,10.0,0.0,0.037953978830820245,100.0,40.93238204053972,6.875028127142437,8.0,11.500937967606244,4.0,35.37557065009541,0.0,2.0,2.0,16.0,74.40306802375136,2.0,2.0,0.0,57.0,1.0,0.0,0.0,0.0,0.0,0.0,0.0,0.0,0.0,0.0,0.0,Bad
63.0,127.9136476577047,3.0,55.682715995639086,21.0,0.11076361283333602,0.0,95.0,73.0,6.0,6.0,9.0,2.5651806925812504,36.0,3.0,1.0,1.0,87.0,80.55556916950115,8.0,2.6497521733454867,5.0,86.0,0.0,0.0,0.0,0.0,0.0,0.0,0.0,0.0,0.0,0.0,0.0,Bad
75.12386746383545,221.0,3.0,66.0,46.0,0.09351480925956013,0.0,98.0,68.0,6.0,6.0,47.0,5.0,6.0,0.0,1.0,0.9823134612047587,48.0,74.9832371335113,3.0,1.620713133682813,2.0,18.0,0.0,0.0,0.0,0.0,0.0,0.0,1.0,0.0,1.0,0.0,0.0,Good
63.0,128.0,7.0,56.0,13.0,2.0,2.0,75.53287755413488,36.0,6.0,2.0,15.0,1.0,29.0,11.0,0.0,-0.05857583512938874,0.0,66.67396736898938,0.0,2.0,-0.2856663802290591,33.0,0.0,0.0,0.0,0.0,0.0,0.0,1.0,0.0,0.0,1.0,0.0,Good
72.0,226.0,8.0,80.0,26.0,0.0,0.0,96.0,36.0,6.0,6.0,27.0,3.0,26.0,9.0,0.029735601777584955,0.0,44.0,78.0,4.0,3.0,1.0,75.0,0.0,0.0,0.0,0.0,0.0,0.0,0.0,0.0,0.0,0.0,0.0,Good
65.0,314.0,2.0,76.10752585176432,24.0,1.0,0.8200216167824624,96.0,25.166434320213938,6.0,6.0,29.44097778081119,5.0,65.0,0.0,2.0,1.9466958060058384,19.0,77.35045360174789,5.0,4.0,1.0,90.0,0.0,0.0,0.0,1.0,0.0,0.0,0.0,0.0,0.0,0.0,0.0,Bad
72.0,247.0,5.0,93.0,19.0,1.0,0.6258430934045168,82.9764187990051,6.0,4.194232703393865,3.0,23.0,3.0,19.0,0.0,4.0,3.8509612595575065,46.0,89.0,2.0,2.0,1.0,67.0,0.0,0.0,0.0,0.0,0.0,0.0,0.0,0.0,0.0,0.0,0.0,Bad
65.0,13.0,5.0,44.0,18.0,1.0,1.0,95.0,34.0,4.819391657424573,2.0,1.0,1.6553720896324289,26.0,3.2790817839240396,0.0633650109577126,0.0,58.0,15.0,6.0,2.0,1.0,89.0,0.0,1.0,0.0,0.0,0.0,0.0,0.0,0.0,0.0,0.0,0.0,Bad
70.0,166.0,26.0,98.76595514439465,17.0,2.0,1.0,89.0,36.0,6.0,3.0,12.0,0.6165274635312263,16.0,3.0,1.0,1.0,58.0,50.31952405865894,8.0,1.0,2.236309201675264,82.0,0.0,0.0,0.0,0.0,0.0,0.0,1.0,0.0,0.0,0.0,0.0,Bad
90.0,415.0,18.489564295303726,132.0,11.0,0.0,0.0,100.0,45.55330307001043,7.0,8.0,15.0,0.0,25.59505886886089,11.0,0.0,-0.02106695571244839,3.0,49.43225696703222,1.0,1.0,0.0,40.0,1.0,0.0,0.0,0.0,0.0,0.0,1.0,0.0,0.0,0.0,0.0,Good
86.0,219.0,33.0,106.75475196002243,19.0,0.0,0.0,100.0,42.85164831688883,7.0,8.0,21.0,0.0,52.0,4.340577179906868,0.0,0.0,0.0,45.662073017702085,1.0,1.0,0.0,33.0,1.0,0.0,0.0,0.0,1.0,0.0,1.0,0.0,0.0,0.0,0.0,Good
82.0,189.40530903909024,8.847042551574443,69.0,18.0,0.010137402069055668,0.0,100.0,38.84973927099148,7.0,8.0,22.0,2.0,16.0,4.0,2.0590006021309426,2.0,0.0,63.36255193587611,0.0,1.0,-0.23707997496570132,14.0,1.0,0.0,0.0,0.0,0.0,0.0,1.0,0.0,0.0,0.0,0.0,Good
74.89163660055308,119.0,7.0,58.56206597676423,16.0,0.0,0.0,94.0,27.0,6.0,6.0,16.0,1.0,38.0,0.0,1.0,0.9632062192460871,9.0,82.0,2.0,4.0,-0.2655301142418829,75.0,0.0,0.0,0.0,0.0,0.0,0.0,0.0,0.0,0.0,0.0,0.0,Good
91.0,323.13172266442814,58.0,177.0,10.0,0.0,0.0,100.0,50.11310688460557,7.0,8.0,3.0,-1.5611796140107597,15.597100407993986,5.198794038511327,0.0,-0.0166551615725158,2.0,16.497530024697248,5.0,0.3154846062715958,0.0,71.0,1.0,1.0,0.0,0.0,0.0,0.0,1.0,0.0,1.0,0.0,0.0,Good
76.91911721222104,320.0,0.0,92.0,56.0,0.0,0.0,100.0,34.86958906397686,7.0,8.0,61.0,5.0,16.0,1.0,4.0,4.0,4.0,56.0,9.0,3.0,1.6407436244390547,41.0,1.0,0.0,0.0,0.0,0.0,0.0,0.0,0.0,0.0,0.0,0.0,Good
79.0,133.0,12.20682427163172,71.0,7.0,0.0,0.0,100.0,46.023014992590305,7.0,8.0,9.0,3.0,56.0,0.0,3.0,3.0,19.0,56.0,2.0,1.0,-0.3738078257391837,100.0,1.0,0.0,0.0,0.0,0.0,0.0,0.0,0.0,0.0,0.0,0.0,Bad
71.0,409.0,12.0,137.0,44.614511337444156,0.04272664923917624,0.0,103.29056164362831,32.353484455483,7.0,8.0,44.0,0.0,18.0,1.0,2.07019707180028,2.0,47.0,93.0,14.0,3.0,4.0,60.0,1.0,0.0,0.0,0.0,0.0,0.0,0.0,0.0,0.0,0.0,0.0,Good
65.62377103771816,194.0,3.0,51.0,14.0,0.0,0.0,86.0,5.0,4.0,6.0,16.5935176513089,5.0,14.0,3.078454745305399,0.0,0.0,21.0,51.0,4.0,1.0,0.3572357407698734,63.0,0.0,1.0,0.0,0.0,0.0,0.0,0.0,0.0,0.0,0.0,0.0,Bad
92.0,211.0,20.0,124.0,33.0,0.0,-0.02304743061485881,100.0,48.37580345078831,7.0,8.0,34.0,0.7323793967027452,15.0,5.257595597826217,0.0,-0.024957725868267944,0.0,50.970711368610694,2.0,1.0630983863300107,0.0,27.0,1.0,1.0,0.0,0.0,0.0,0.0,1.0,0.0,0.0,0.0,0.0,Good
56.0,111.0,0.5322594914027583,40.0,29.780429187348094,0.0,0.0,96.0,1.0,4.056559974765484,6.0,27.0,6.0,49.38009905544186,0.0,1.311305472311631,1.28886835758911,37.0,63.0,5.0,7.0,0.0,75.0,0.0,0.0,0.0,0.0,0.0,0.0,0.0,0.0,0.0,0.0,0.0,Bad
68.9060149257584,333.0,15.0,112.0,19.0,2.0,2.0,71.0,7.0,3.674780086403875,4.0,21.395587874034614,0.0,29.0,0.0,2.0,1.0,9.0,85.0,3.0,3.0,0.0,40.0,0.0,0.0,0.0,0.0,0.0,0.0,0.0,0.0,0.0,0.0,0.0,Bad
67.0,72.0,5.0,32.0,17.0,0.0,0.0,100.0,37.86022500488673,7.0,8.0,17.0,5.0,12.0,3.0,2.0,2.0,58.0,65.0,3.0,2.0,0.0,83.0,1.0,0.0,0.0,0.0,0.0,0.0,0.0,0.0,0.0,0.0,0.0,Good
76.0,148.0,1.0,58.0,33.0,0.0,0.0,100.0,36.48142692361287,7.0,8.0,35.0,3.0,35.0,0.0,1.0448251857141,1.0,15.0,94.0,2.0,5.0,1.0,54.0,1.0,0.0,0.0,0.0,0.0,0.0,0.0,0.0,0.0,0.0,0.0,Bad
70.0,55.0,45.0,50.0,2.0,-0.11750232580886566,0.05051889231578302,100.0,47.752120204936546,7.0,8.0,4.747839460871246,0.0,50.0,0.0,3.0,2.850412223975358,92.0,44.79181916973265,1.0,1.0440045017419695,1.7645255520086316,100.0,1.0,0.0,0.0,0.0,0.0,0.0,1.0,0.0,1.0,1.0,0.0,Bad
69.0,284.0,3.0,84.0,24.326596872767606,1.0,1.0,100.0,34.71113092556661,7.0,8.0,31.0,2.0,50.0,0.0,3.0,3.0,51.0,71.0,3.0,3.6124158639348862,1.0,86.0,1.0,0.0,0.0,0.0,0.0,0.0,0.0,0.0,0.0,0.0,0.0,Good
68.0,128.28336108897292,2.0,58.0,1.0,0.0,-0.3466279552557778,67.0,53.0,6.372835936626412,6.0,3.447397104069438,2.0,33.0,0.0,3.0,3.0,37.0,74.53740624508819,1.0,2.1121992945855217,0.0,100.0,0.0,0.0,0.0,0.0,0.0,0.0,0.0,0.0,0.0,0.0,0.0,Good
68.0,223.0,11.0,86.0,20.0,0.0,0.0,91.0,41.0,6.0,6.0,22.0,1.0,56.058437045055484,1.0,3.0,3.0,83.0,37.0,3.0,8.0,2.0,79.0,0.0,0.0,0.0,0.0,0.0,0.0,0.0,0.0,0.0,0.0,0.0,Bad
68.0,167.08224062444842,4.0,58.444291232362986,24.0,0.0,0.0,100.0,40.032063535791394,7.0,8.0,24.0,3.0,38.0,0.0,0.0,0.0,81.0,82.0,8.0,4.0,2.0,100.0,1.0,0.0,0.0,0.0,0.0,0.0,0.0,0.0,0.0,0.0,0.0,Bad
70.0,259.18265287679486,9.0,108.0,30.0,3.0,3.0,86.46018557465703,26.96510252406793,6.0,6.0,34.0,1.7582300073012456,66.0,0.0,1.0,1.0,0.0,50.0,1.0,4.106447771668493,-0.7358470538388322,80.0,0.0,0.0,0.0,1.0,0.0,0.0,0.0,0.0,0.0,1.0,0.0,Good
71.0,186.62229189490918,9.4282266032596,73.0,21.0,2.0,1.0,87.0,15.0,6.0,4.0,23.0,0.0,4.0,0.0,0.0,-0.0226084269626355,26.0,60.056924153372684,4.0,0.9447089382072666,1.0,55.0,0.0,0.0,0.0,0.0,0.0,0.0,1.0,0.0,0.0,0.0,0.0,Bad
88.0,223.0,26.0,95.0,24.0,0.0,0.0,100.0,48.18929796415753,7.0,8.0,27.0,0.0,4.0,0.0,1.0,1.0,0.0,47.522075057237146,4.0,1.0,1.0,38.0,1.0,0.0,0.0,0.0,0.0,0.0,1.0,0.0,0.0,0.0,0.0,Good
60.0,65.0,17.0,49.32748515716996,10.0,0.0,0.05344129006044104,91.0,21.282864000784173,5.0,7.0,9.891188112050145,0.0,55.0,0.0,0.04630525762578451,0.0,99.0,38.0,5.0,2.0,2.0,100.0,1.0,0.0,0.0,0.0,0.0,0.0,0.0,0.0,0.0,0.0,0.0,Bad
75.0,257.0,44.0,124.0,4.0,0.27151082072817934,0.0,80.24080646150058,19.0,4.77743196657206,6.0,4.0,0.0,75.0,0.0,0.0,0.0,14.0,37.40639555149006,1.0,2.0369386595449224,-0.6805182759825521,100.0,0.0,0.0,0.0,0.0,0.0,0.0,1.0,0.0,1.0,1.0,0.0,Good
74.66323025243656,319.0,21.401089819896324,111.0,18.0,0.0,0.10612751030593598,100.0,43.678118514052244,6.944317157657066,8.0,22.0,0.5549748000292736,50.0,3.4786921875555623,0.1028711637785284,0.0,73.0,56.89298625700083,5.0,1.0,2.3616477352756213,86.0,1.0,0.0,0.0,0.0,1.0,0.0,1.0,0.0,0.0,1.0,0.0,Good
82.40484161720623,110.0,30.0,67.0,12.0,0.0,0.0,100.0,46.704799859228814,7.0,8.0,13.0,0.0,23.0,0.0,1.045412457801456,1.0,4.0,74.0,2.0,2.218141236866264,-0.38000623947580925,80.0,1.0,0.0,0.0,0.0,0.0,0.0,0.0,0.0,0.0,0.0,0.0,Good
74.1371862426823,234.67621849497766,6.0,94.0,24.0,0.0,0.0,100.0,41.69120324919385,7.0,8.0,24.0,2.0,42.0,9.0,0.0,-0.010022316660113481,82.0,48.0,2.0,3.1807540085856827,1.0,88.0,1.0,0.0,0.0,0.0,0.0,0.0,0.0,0.0,0.0,0.0,0.0,Bad
62.0,323.0,1.0,93.49035209500242,21.57504319652521,6.682781083773847,7.0,100.0,0.5745661564220796,0.0,8.0,24.0,2.0,18.0,0.0,1.0,1.0,4.0,100.0,3.0,1.0,0.0,36.0,1.0,0.0,0.0,0.0,0.0,0.0,0.0,0.0,0.0,0.0,0.0,Good
72.0,419.0,1.0,103.18555402044977,14.477095552785192,0.0,0.0,100.0,31.197990924777116,7.0,8.0,12.0,3.0,29.0,9.0,1.0,0.0,37.0,58.0,3.0,2.0,0.0,71.0,1.0,0.0,0.0,0.0,0.0,0.0,0.0,0.0,0.0,0.0,0.0,Bad
69.55314329855848,152.81573338546838,8.947701122617005,61.09267593551927,14.0,0.0,0.0,100.0,36.56048849243402,6.822350275520552,8.0,16.0,3.0,19.0,0.0,14.0,14.0,45.0,67.16371736550059,4.0,0.5082826600373699,2.0,40.0,1.0,0.0,0.0,0.0,0.0,0.0,1.0,0.0,1.0,0.0,0.0,Bad
73.0,288.0,11.0,61.0,8.0,0.0,0.0,88.0,8.0,4.76512891537633,6.0,24.0,0.97122183645675,50.0,1.0,1.0354184301252463,1.0,46.0,63.682117779773534,2.0,2.056058671506823,0.22350004343133545,100.0,0.0,0.0,0.0,0.0,0.0,0.0,1.0,0.0,0.0,0.0,0.0,Bad
77.0,110.0,17.0,48.0,17.0,0.0,0.0,100.0,37.78842016653019,6.658925850992316,8.0,18.0,0.0,39.0,0.0,2.0,2.0,22.0,67.0,4.0,3.0,0.0,64.0,1.0,0.0,0.0,0.0,0.0,0.0,0.0,0.0,0.0,0.0,0.0,Bad
77.0,387.0,4.0,95.0,44.0,0.0,0.0,98.0,68.0,6.0,6.0,48.88459713524537,3.0,58.0,3.0,3.0,3.0,41.0,62.0,2.0,2.0,0.0,80.0,0.0,0.0,0.0,0.0,0.0,0.0,0.0,0.0,0.0,0.0,0.0,Good
87.0,169.0,18.0,83.0,22.0,-0.05373622930796884,0.0,100.0,42.65654849692959,7.0,8.0,21.321302829996903,0.0,14.0,4.503898730233248,0.031003933777688095,0.0,0.0,54.340002565973386,1.0,1.0,0.0,18.0,1.0,1.0,0.0,0.0,0.0,0.0,1.0,0.0,0.0,0.0,0.0,Bad
64.0,114.0,8.0,55.0,24.0,0.18477610802204714,0.0,92.0,14.0,4.850109766887708,6.0,26.0,3.0,35.0,1.5867315596485416,2.0,2.0,41.0,85.0,6.0,3.1099671564372646,2.0,73.0,0.0,1.0,0.0,0.0,0.0,0.0,0.0,0.0,0.0,0.0,0.0,Bad
84.0,217.0,19.0,98.9366335078118,25.0,0.0,0.0,100.74921821625227,38.8395403541501,6.664794591857463,8.0,25.0,1.063731302599737,12.0,20.0,0.0,0.0,13.0,50.23157568778142,1.0,0.4751312403371738,0.0,17.0,1.0,0.0,0.0,0.0,0.0,0.0,1.0,0.0,1.0,0.0,0.0,Good
63.0,158.0,31.0,88.0,11.535849249662384,0.0,0.0,80.0,3.0,4.0,6.0,12.600937198643091,0.27026497838786145,35.216011839964594,0.0,1.106079217054767,1.0407385095164905,48.0,45.883666706337216,3.0,1.0,1.1265339712213116,80.0,0.0,0.0,0.0,0.0,0.0,0.0,1.0,0.0,0.0,0.0,0.0,Bad
72.0,195.0,28.0,90.0,22.0,-0.007128522677391391,0.0,100.0,37.84691094887074,7.0,8.0,22.0,0.0,8.828307343243004,8.0,0.0073856852056490285,0.0,48.0,47.53805491752527,9.0,0.7454809829788402,4.0,69.0,1.0,0.0,0.0,0.0,0.0,0.0,1.0,0.0,1.0,0.0,0.0,Bad
65.44044177964177,197.2848433897397,27.0,105.0,21.0,1.0,0.5854244786619327,83.8439529979938,1.0,4.0,6.0,4.0,0.5173962285839568,38.0,3.71380256613068,0.0,0.0,28.0,24.0,6.0,5.0,1.0790327192273979,92.0,0.0,1.0,0.0,0.0,0.0,0.0,0.0,0.0,0.0,0.0,0.0,Good
75.0,146.0,0.8767143375423387,58.0,18.0,0.024967890130437986,0.0,101.91725871860078,43.37437245868264,7.0,8.0,20.0,3.0,55.0,0.0,6.0,5.814734405825279,47.0,98.0,2.0,4.0,1.0,75.0,1.0,0.0,0.0,0.0,0.0,0.0,0.0,0.0,0.0,0.0,0.0,Bad
69.0,244.35533300270174,4.0,95.0,20.455869549219024,1.1044048092113414,1.0,91.0,4.0,4.0,6.0,23.0,1.0988903351369812,39.21818498251038,4.0,1.0,1.0,45.0,48.0,5.0,2.0,1.1513541244124985,88.0,0.0,0.0,0.0,0.0,0.0,0.0,0.0,0.0,0.0,0.0,0.0,Good
70.62557642968206,168.0,16.868270577774794,105.0,17.0,2.511815882588973,2.0,80.0,17.0,3.97475684190978,4.0,20.0,0.0,50.0,1.0,1.0,1.0,6.0,61.0,2.0,3.0,0.0,83.0,0.0,0.0,0.0,0.0,0.0,0.0,0.0,0.0,0.0,0.0,0.0,Good
82.8394487453985,176.0,1.0,80.0,24.471276182025594,0.06152553384443271,0.0,100.0,39.86071080516351,7.0,8.0,24.87515415595622,2.27479218339384,53.0,3.2230806428518712,1.0,1.0,1.0,86.0,2.0,3.2057370255970477,0.0,50.0,1.0,1.0,0.0,0.0,0.0,0.0,0.0,0.0,0.0,0.0,0.0,Good
65.0,220.0,4.0,78.02795025602758,30.77574954291966,0.27017546877375764,0.0,87.97136355186272,10.0,4.699537192182158,6.0,35.0,2.2801613272534063,26.0,0.0,0.049033572008858155,0.0,53.0,68.50384658737,7.0,2.0,1.0,63.0,0.0,0.0,0.0,0.0,0.0,0.0,1.0,0.0,0.0,0.0,0.0,Bad
61.0,169.11759420994255,3.0,69.91003434073826,18.32878437654232,4.187828834145753,4.0,83.0,18.0,6.0,6.0,12.0,2.0,33.0,0.0,2.0,2.0,68.0,65.0,4.0,3.0,1.9200554163277086,64.0,0.0,0.0,1.0,0.0,0.0,0.0,0.0,0.0,0.0,0.0,0.0,Bad
65.0,332.0,2.0,99.79885260076118,16.0,1.0,0.6999757806831899,89.0,1.0,3.5500972870794394,5.0,18.0,2.0,0.0,1.0,1.0,1.0,5.0,62.97881279718331,9.0,0.5032395127523426,0.0,60.0,0.0,0.0,0.0,0.0,0.0,0.0,1.0,0.0,1.0,0.0,0.0,Good
60.77188148800849,291.0,9.677694648327215,99.57911762505033,27.0,4.0,4.0,90.0,3.0,2.0,3.0,31.473615433687737,1.5143772359521317,23.0,1.0,1.0,1.0,42.0,59.0,2.0,3.0,1.0,67.0,0.0,0.0,0.0,0.0,0.0,0.0,0.0,0.0,0.0,0.0,0.0,Bad
82.0,201.67547875048894,6.0,71.0,31.0,0.0,0.0,100.0,41.946300458178655,7.0,8.0,31.0,2.0,23.0,0.0,0.04761126929384888,0.0,4.0,68.54205416117803,5.0,1.0,0.6370617524731892,44.0,1.0,0.0,0.0,0.0,0.0,0.0,1.0,0.0,0.0,0.0,0.0,Good
75.20585835672104,263.0,6.0,106.0,26.0,0.0,-0.1844733589128979,92.0,14.0,6.0,6.0,26.0,2.0,23.0,3.8501047283905687,0.9983375577480841,0.9234730841007752,14.0,17.0,4.0,2.657308480947841,0.47862951944030563,54.0,0.0,0.0,0.0,0.0,1.0,0.0,0.0,0.0,0.0,0.0,0.0,Good
70.0,253.39680101260745,15.956897087081328,94.0,33.99652063100939,1.0,1.0,85.0,23.0,5.0,6.0,40.0,1.4995142006284912,22.69398862133369,0.0,1.0,1.0,36.0,18.0,9.0,2.0,2.037520881809495,69.0,0.0,0.0,0.0,0.0,0.0,0.0,0.0,0.0,0.0,0.0,0.0,Bad
73.0,167.99765441817104,4.0,63.0,19.0,1.0,0.0,85.0,20.0,6.0,5.0,23.774396894876013,2.0,62.0,3.2323822737112438,1.1326582644085967,1.0423776654494126,25.0,17.0,1.0,4.0,-0.6223361479128537,100.0,0.0,1.0,0.0,0.0,0.0,0.0,0.0,0.0,0.0,1.0,0.0,Bad
71.57786717484896,242.0,8.0,100.0,30.0,0.0,0.0,88.0,46.0,6.0,6.0,32.0,1.8896719815952019,51.18083313290515,0.0,3.0,3.0,47.0,56.0,4.0,4.0,2.0,100.0,0.0,0.0,0.0,0.0,0.0,0.0,0.0,0.0,0.0,0.0,0.0,Bad
86.3340252204635,139.0,112.0,126.0,2.0,0.0,0.0,100.0,53.86737347351584,7.0,8.0,2.69700973607204,-3.3316812286875033,0.0,5.170281750922875,0.0,-0.03408222691515783,12.0,-23.12929843228825,1.0,0.33952027438084,0.0,100.0,1.0,1.0,0.0,0.0,0.0,0.0,1.0,0.0,1.0,0.0,0.0,Good
59.0,141.0,1.0,65.0,24.5299337800634,0.0,0.0,83.94843802798066,1.0,4.0,6.0,25.0,4.0,16.0,0.0,4.0,4.0,0.0,95.0,3.0,2.0,0.3201304527140707,43.0,0.0,0.0,0.0,0.0,0.0,0.0,0.0,0.0,0.0,0.0,0.0,Good
84.0,245.0,10.0,113.0,16.0,0.0,0.0,94.0,17.0,6.0,6.0,17.0,1.0,12.0,4.610495001408436,0.0019322448205441323,0.0,6.0,55.86944826601911,2.0,0.5588518231786817,0.0,40.0,0.0,1.0,0.0,0.0,0.0,0.0,1.0,0.0,1.0,0.0,0.0,Good
69.0,404.0,28.0,168.0,12.0,1.6227508774804726,1.0,79.0,7.0,3.6230713084945534,3.0,15.0,0.0,29.0,8.0,0.0,0.0,55.0,39.15181528800772,2.0,0.8762292465309938,1.0,67.0,0.0,0.0,0.0,0.0,0.0,0.0,1.0,0.0,0.0,0.0,0.0,Bad
68.0,98.0,5.0,54.0,14.0,1.0,1.0,93.64150600104016,-1.2741249785916295,0.0,8.0,15.720158971693998,3.0,13.0,0.0,2.0,2.0,6.0,67.60108129285878,4.0,0.9514524998006966,-0.026902544813319995,67.0,1.0,0.0,0.0,0.0,0.0,0.0,1.0,0.0,1.0,0.0,0.0,Bad
79.80226420410892,203.0,11.126106397094823,83.56937587709862,15.0,0.0,0.0,99.4698859225534,40.1735048123293,7.0,8.0,15.278524130929284,1.0,29.0,3.7323413147431306,0.018066424097959936,0.0,16.0,63.04487195151563,6.0,2.0,1.0205891073207178,69.0,1.0,1.0,0.0,0.0,0.0,0.0,0.0,0.0,0.0,0.0,0.0,Bad
74.0,228.0,8.0,78.0,19.0,0.0,0.0,100.0,41.703359859424495,7.0,8.0,20.0,1.0,50.0,0.0,0.0,0.0,61.0,93.0,4.0,3.2655439256219316,0.0,100.0,1.0,0.0,0.0,0.0,0.0,0.0,0.0,0.0,0.0,0.0,0.0,Bad
82.0,231.0,13.0,158.0,15.0,0.0,-0.033478241798509195,100.0,40.87901621903907,7.0,8.0,17.0,0.49638364944323676,23.255703375470237,3.5843322889584415,1.038967563653085,1.0,31.0,55.60137818640455,4.0,1.0,1.0,56.0,1.0,1.0,0.0,0.0,0.0,0.0,1.0,0.0,0.0,0.0,0.0,Good
64.0,33.0,2.0,27.918512037102317,6.0,1.0,1.0,88.0,12.0,6.0,3.0,6.0,2.0,50.0,0.0,4.0,3.8681114139211985,15.0,75.80571695155399,1.0,2.932263517875918,0.0,75.0,0.0,0.0,0.0,0.0,0.0,0.0,0.0,0.0,0.0,0.0,0.0,Bad
63.0,186.79028918305784,6.0,74.0,12.0,1.0,0.0,86.0,5.0,4.0,5.0,14.0,1.0,43.0,0.0,0.0,0.0,74.0,48.0,3.0,2.0,2.0,75.0,0.0,0.0,0.0,0.0,0.0,0.0,0.0,0.0,0.0,0.0,0.0,Good
77.0,263.0,1.0,90.74205122948092,28.0,0.0,0.0,97.0,36.10039589786476,6.0,6.0,30.0,2.224285315764318,20.0,1.0,2.0,2.0,21.0,70.40799512334992,5.0,1.0,1.0,60.0,0.0,0.0,0.0,1.0,0.0,0.0,1.0,0.0,0.0,0.0,0.0,Bad
82.0,172.8864693637161,15.726775412708035,91.0,15.0,1.0,0.0,94.0,57.0,6.0,5.0,0.0,0.0,31.0,3.949151798884499,0.0,-0.04864696305502164,0.0,60.26094358057489,2.0,1.0,0.0,50.0,0.0,1.0,1.0,0.0,0.0,0.0,1.0,0.0,0.0,0.0,0.0,Bad
70.0,118.0,2.0,46.0,26.549151491848416,0.0,0.0,93.0,24.0,5.306612925578021,6.0,29.0,4.0,69.0,2.0,5.110740322951646,5.0,13.0,78.8882942006514,3.0,4.0,1.0,70.0,0.0,0.0,0.0,0.0,0.0,0.0,0.0,0.0,0.0,0.0,0.0,Bad
54.0577056432809,68.0,41.0,53.0,1.0,4.0,4.0,75.0,4.0,4.0,4.0,7.0,0.0,75.0,0.0,0.0,0.0,63.01863852583572,46.750038583162535,0.3660175806821715,1.0,0.6285323232408753,100.0,0.0,0.0,0.0,0.0,0.0,1.0,1.0,1.0,0.0,1.0,0.0,Bad
70.0,251.0,50.0,164.0,14.269288722355212,0.0,0.0,94.0,10.0,4.0,6.0,13.945166521957733,-1.2559777729299704,44.0,4.174001519281095,0.052059309777809995,0.0,30.0,26.062251856883286,2.0,1.0,1.0,80.0,0.0,1.0,0.0,0.0,0.0,0.0,1.0,0.0,0.0,0.0,0.0,Bad
71.0,404.0,12.274859111571537,130.0,26.0,0.44352941446004346,0.0,81.0,3.0,4.0,5.0,27.0,1.0,15.0,0.0,0.0,0.0,19.0,49.0,5.0,2.0,1.0,44.0,0.0,0.0,0.0,0.0,0.0,0.0,0.0,0.0,0.0,0.0,0.0,Bad
65.0,263.0,14.0,102.0000966746819,10.0,4.0,2.6483399981813665,59.0,39.0,6.0,4.0,14.346850375693183,0.0,18.0,2.1099063054200466,1.0,1.0,27.0,42.0,2.0,2.0,1.0,50.0,0.0,1.0,0.0,0.0,0.0,0.0,0.0,0.0,0.0,0.0,0.0,Good
70.0,270.0,9.0,76.0,18.140745134402852,0.0,0.0,98.91080000497868,35.87272852542509,7.0,8.0,14.0,2.0,7.0,2.9283079335158404,0.03077565807363383,0.0,59.0,90.0,6.0,1.5320346640849927,4.0,54.0,1.0,1.0,0.0,0.0,0.0,0.0,0.0,0.0,0.0,0.0,0.0,Bad
65.0,57.07553694834459,14.0,28.0,5.0,2.0,2.0,100.0,39.327556540383796,6.0,8.0,5.0,0.0,40.0,0.0,2.0613267946463196,2.0,99.0,40.0,1.0,2.0,1.8463288468864456,100.0,1.0,0.0,0.0,0.0,0.0,0.0,0.0,0.0,0.0,0.0,0.0,Bad
55.0,93.0,7.0,32.88857881774247,27.004142807528797,0.0,0.0,94.0,8.0,4.0,6.0,33.0,4.0,58.0,7.0,0.0,0.013532570684241615,100.0,85.0,2.0,7.0,1.0,100.0,0.0,0.0,0.0,0.0,0.0,0.0,0.0,0.0,0.0,0.0,0.0,Bad
67.0,118.0,-0.37954241766679075,43.62178727550456,23.0,2.0,1.548568481519974,88.0,70.0,6.0,2.0,25.022666167985523,5.0,42.0,0.0,0.054256573020413215,0.0,31.0,84.20732176220776,5.0,3.0,0.9029551625716898,67.0,0.0,0.0,0.0,0.0,0.0,0.0,0.0,0.0,0.0,0.0,0.0,Bad
58.0,37.22602373761687,1.0,10.0,3.0,0.0,0.0,100.0,30.538780671292955,7.0,8.0,4.0,3.0,25.0,0.0,4.0,3.884903228642523,85.0,79.28200239159293,1.0,1.0,2.015710396941759,75.0,1.0,0.0,0.0,0.0,0.0,0.0,1.0,0.0,0.0,0.0,0.0,Bad
77.0,464.0,31.0,138.0,15.329746599775348,1.0,1.0,94.0,50.0,6.0,6.0,16.0,0.0,31.0,3.9651418048500076,0.0,0.0,11.0,43.34932209658616,3.0,2.0,0.0,71.0,0.0,1.0,0.0,0.0,0.0,0.0,1.0,0.0,0.0,0.0,0.0,Good
81.0,158.5828276798287,2.0,51.0,29.0,0.0,0.0,105.39304831919213,45.47596680841065,7.0,8.0,30.0,4.0,55.49388816028452,0.0,1.0,1.0,9.0,88.0,3.0,6.0,0.0,83.0,1.0,0.0,0.0,0.0,0.0,0.0,0.0,0.0,0.0,0.0,0.0,Good
71.0,279.5209095180936,14.0,109.0,25.0,0.0,0.0,100.0,32.314107508768785,7.0,8.0,32.0,0.0,18.696557566051624,19.0,0.0,-0.023916443522974423,66.0,55.16348457946542,5.0,1.0,4.0,44.0,1.0,0.0,0.0,0.0,0.0,0.0,1.0,0.0,0.0,0.0,0.0,Good
75.0,422.0,1.0,91.0,55.0,0.0,0.009342661618069292,100.0,32.627042063103715,7.0,8.0,57.0,4.0,33.0,0.0,4.0,4.0,2.0,72.6708522817782,12.0,2.0,1.0,57.0,1.0,0.0,0.0,0.0,0.0,0.0,0.0,0.0,0.0,0.0,0.0,Good
65.61226533859853,77.0,9.0,42.0,10.0,3.0,2.0,50.0,17.0,6.0,2.0,14.0,1.0,86.0,0.0,2.1355279568054693,2.0,0.0,56.0,0.0,2.0,-1.0293021242853508,50.0,0.0,0.0,0.0,0.0,0.0,0.0,0.0,0.0,0.0,1.0,0.0,Bad
88.0,133.0,14.0,83.0,19.0,0.0,0.0,100.0,48.329114956765665,7.414632960631626,8.0,47.0,0.0,28.033098178986563,3.8777746373395447,1.0,0.980749488578635,4.0,59.82160668609212,2.0,1.0,1.0,43.0,1.0,1.0,0.0,0.0,0.0,0.0,1.0,0.0,0.0,0.0,0.0,Good
82.0,210.1461870687995,10.0,80.0,28.0,0.0,0.0,102.65173868895499,43.1428411008292,7.0,8.0,28.0,1.0,34.60054481748495,17.0,0.0,0.0,32.0,63.04426193405712,2.0,2.0,0.7542536020676138,50.0,1.0,0.0,0.0,0.0,0.0,0.0,0.0,0.0,0.0,0.0,0.0,Good
82.57150470902641,238.0,3.0,128.0,54.0,0.0909750538094829,0.0,100.0,35.805174767241255,6.701516169025597,8.0,56.0,2.0,27.0,3.0,1.0,1.0,8.0,27.0,4.0,3.0,1.0,47.0,1.0,0.0,0.0,0.0,0.0,0.0,0.0,0.0,0.0,0.0,0.0,Good
89.0,171.0,50.0,110.52519193566651,7.0,-0.1169209825641655,0.0,100.0,55.78184753174702,7.0,8.0,7.0,0.0,57.0,1.0,1.0,1.0,8.0,35.3493462135712,1.0,1.0,0.0,100.0,1.0,0.0,0.0,0.0,0.0,0.0,1.0,0.0,0.0,0.0,0.0,Good
66.45407972673294,206.9989977036545,1.0,84.0,6.0,3.0,2.0,64.0,15.0,6.0,4.0,10.901505232038641,1.7568013887330696,47.75630943535278,0.0,3.0,3.0,13.0,47.0,1.0,3.0,-0.4222280622834744,57.0,0.0,0.0,0.0,0.0,0.0,0.0,0.0,0.0,0.0,1.0,0.0,Bad
89.0,306.0,14.0,115.0,20.0,0.0,0.0,100.0,48.42807392466628,7.0,8.0,24.0,0.0,17.0,0.0,0.0,-0.015768275712868207,10.0,56.531526868351925,3.0,1.0,0.0,50.0,1.0,0.0,0.0,0.0,0.0,0.0,1.0,0.0,0.0,0.0,0.0,Bad
56.0,412.0,4.0,106.63756472548569,21.69084174027594,3.0,2.0,78.0,2.0,0.0,2.0,30.0,2.0,59.0,1.76892922984745,2.0,1.9148632766073743,6.0,68.36677394474458,1.0,3.2862160116833206,-0.2339913831891436,60.0,0.0,1.0,0.0,0.0,0.0,0.0,0.0,0.0,0.0,1.0,0.0,Bad
70.0,95.64674332080098,17.0,42.0,8.0,0.0,0.0,100.0,40.95965414654066,7.0,8.0,8.0,0.0,38.0,2.698678051291252,0.0,0.0,95.0,64.1395481206347,3.0,1.0,2.0,67.0,1.0,1.0,0.0,0.0,0.0,0.0,1.0,0.0,0.0,0.0,0.0,Bad
86.0,204.0,13.0,65.0,38.0,0.0,0.0,105.41791238077133,43.0741740589842,7.0,8.0,34.0,1.9983278554485642,34.0,12.0,0.03681680347569736,0.0,0.0,62.326497757924145,0.0,1.9689967265895265,0.0,13.0,1.0,0.0,0.0,0.0,0.0,0.0,1.0,0.0,0.0,0.0,0.0,Good
89.0,447.0,10.0,136.0,6.0,-0.02552597990447536,0.0,100.0,47.66679203296573,7.0,8.0,7.0,1.0,43.0,11.0,0.0,-0.013507436284046798,13.0,58.89647474406998,1.0,1.0,0.0,67.0,1.0,0.0,0.0,0.0,0.0,0.0,1.0,0.0,0.0,0.0,0.0,Good
64.01758232464233,439.0,12.0,185.0,17.0,0.0,0.0,74.0,11.0,4.0,6.0,19.0,0.0,21.0,0.0,2.0,2.0,80.0,77.0,6.0,1.0,4.0,80.0,0.0,0.0,0.0,0.0,0.0,0.0,0.0,0.0,0.0,0.0,0.0,Bad
70.0,108.0,1.6092464485903442,51.0,38.170159453470276,0.26157849374170583,0.13519536365459395,98.0,10.0,4.627572505468086,6.0,49.0,2.529389026044573,65.0,7.0,0.03575357524575833,0.0,23.0,82.0,2.0,3.0,0.483163856087488,50.0,0.0,0.0,0.0,0.0,0.0,0.0,0.0,0.0,0.0,0.0,0.0,Bad
78.0,207.09794274173674,2.0,74.0,25.0,0.0,0.0,100.0,38.58691856552045,7.0,8.0,25.32766873558949,2.0,19.0,0.0,1.0,1.0,30.0,70.61947932736477,3.0,1.0,0.0,31.0,1.0,0.0,0.0,0.0,0.0,0.0,1.0,0.0,0.0,0.0,0.0,Good
79.67987447183938,163.0,11.0,87.0,9.0,0.0,0.0,90.0,33.58103124276897,5.770197940217046,6.0,10.0,1.236870524140377,20.0,0.0,1.1272996400256128,1.0982334067340969,2.0,61.057248755105064,2.0,0.30491797761182937,0.0,40.0,0.0,0.0,0.0,1.0,0.0,0.0,1.0,0.0,1.0,0.0,0.0,Bad
55.0,108.0,6.0,42.0,18.0,1.0,1.0,83.0,1.0,4.325771186498766,6.0,18.0,1.0,50.0,0.0,9.0,9.0,83.0,62.0,7.0,2.0,4.0,90.0,0.0,0.0,0.0,0.0,0.0,0.0,0.0,0.0,0.0,0.0,0.0,Bad
73.0,99.0,8.0,60.0,22.0,0.0,0.0,95.0,38.145869122783296,6.0,6.0,22.419495302058063,2.0,45.0,0.0,0.0,-0.03426229428033592,58.0,71.81129446636389,3.0,2.957743131782621,3.0,67.0,0.0,0.0,0.0,1.0,0.0,0.0,0.0,0.0,0.0,0.0,0.0,Bad
87.0,353.0,12.0,109.0,17.0,0.0,0.0,99.45928634081685,44.36351128030543,7.0,8.0,17.0,0.0,12.0,2.0,1.0,1.0,3.0,56.708863279749195,3.0,1.0,0.0,44.0,1.0,0.0,0.0,0.0,0.0,0.0,1.0,0.0,0.0,0.0,0.0,Good
59.0,184.0,1.0,86.0,21.0,2.148091495586765,2.0,91.0,0.0,0.0,6.0,24.0,2.8729546033261553,55.0,0.0,5.0,4.8163508125397785,0.0,73.63507006649495,0.0,5.0,-0.606361829304932,60.0,0.0,0.0,0.0,0.0,0.0,0.0,0.0,0.0,0.0,1.0,0.0,Good
72.0,181.0,11.0,77.0,22.0,0.0,0.0,96.0,9.0,4.735368218326743,6.0,23.68608146213606,1.0,48.0,0.0,4.0,4.0,31.0,45.0,3.0,4.0,0.0,78.0,0.0,0.0,0.0,0.0,0.0,0.0,0.0,0.0,0.0,0.0,0.0,Good
74.0,65.0,0.5101254486843132,35.87723706824839,6.0,0.0,0.0,97.69492780858033,46.84562901746315,7.221588431220485,8.0,9.0,2.403412201651053,11.0,0.0,3.0,2.910730690918837,56.0,100.0,2.0,1.0,1.0,75.0,1.0,0.0,0.0,0.0,0.0,0.0,0.0,0.0,0.0,0.0,0.0,Good
83.12216679053302,449.0,5.0,71.0,33.0,0.0,0.0,100.0,38.56230955516301,7.0,8.0,23.0,2.0,12.0,5.0,2.0,1.915938159966108,1.0,64.5530319641163,2.0,2.0,0.0,21.0,1.0,0.0,0.0,0.0,0.0,0.0,0.0,0.0,0.0,0.0,0.0,Good
84.0,128.0,7.0,81.0,13.0,0.0,0.0,100.0,44.37781087266032,7.0,8.0,14.0,1.0,7.0,0.0,3.0,3.0,0.0,93.0,1.0,1.0,0.0,33.0,1.0,0.0,0.0,0.0,0.0,0.0,0.0,0.0,0.0,0.0,0.0,Good
57.0,81.0,6.0,41.0,22.0,0.0,-0.20708467944666892,91.25831007296843,12.0,5.157492915196848,6.0,22.0,3.0,59.0,1.5359904487564129,1.0,1.0,100.0,75.89592497047556,7.0,6.0,5.0,93.0,0.0,1.0,0.0,0.0,0.0,0.0,0.0,0.0,0.0,0.0,0.0,Bad
72.40788045141146,291.0,3.0,91.0,20.75116062730525,0.0,0.0,88.0,22.0,6.0,6.0,17.0,1.8513488909783185,47.0,10.0,0.0,0.0,31.0,60.0,4.0,6.0,0.7311205765779976,83.0,0.0,0.0,0.0,0.0,0.0,0.0,0.0,0.0,0.0,0.0,0.0,Good
66.0,123.0,4.0,52.469868895932606,22.0,0.0,0.0,101.22869975761479,38.77884454337365,7.0,8.0,22.0,4.0,14.0,1.4362358344580701,2.0,2.0,76.0,74.0231671567523,7.0,1.3606038848215223,5.0,75.0,1.0,1.0,0.0,0.0,0.0,0.0,1.0,0.0,0.0,0.0,0.0,Bad
57.0,171.0,5.0,48.09052125084166,32.27787302263944,0.6144114289988276,0.5146584256880876,97.0,0.0,4.0,6.0,34.0,5.0,26.0,0.0,5.0,4.0,11.0,86.0,5.0,2.0,0.0,39.0,0.0,0.0,0.0,0.0,0.0,0.0,0.0,0.0,0.0,0.0,0.0,Good
69.0,246.0,11.069027521554542,70.0,34.0,0.0,0.0,100.65815051934669,28.802689367395743,7.0,8.0,35.52682833725706,1.0,31.0,2.0,1.0,1.0,24.0,65.02938088891135,11.0,2.015882119064397,2.0,65.0,1.0,0.0,0.0,0.0,0.0,0.0,1.0,0.0,1.0,0.0,0.0,Good
83.0,344.0,31.712409838315907,151.0,10.0,0.0,0.0,85.64961827044232,38.0,5.67195030845937,6.0,10.0,-0.45319254608863435,20.590129410583526,19.0,0.0,0.0,5.0,35.66046363258563,1.0,-0.387537353871404,-0.14525144124602907,33.0,0.0,0.0,0.0,0.0,0.0,0.0,1.0,0.0,1.0,1.0,0.0,Bad
71.0,129.0,0.0,58.0,33.89670496687107,0.0,0.0,100.0,33.92632549589234,7.0,8.0,39.0,3.0,38.0,0.0,5.0,4.0,42.0,76.95661443153385,3.0,5.0,1.0,60.0,1.0,0.0,0.0,0.0,0.0,0.0,0.0,0.0,0.0,0.0,0.0,Bad
67.0,250.0,11.608702586163723,103.0,26.0,0.0,0.0,88.0,1.0,4.0,6.0,26.0,1.0,35.0,0.0,0.0,-0.03443029922623876,79.0,60.0,4.0,2.0,2.0,75.0,0.0,0.0,0.0,0.0,0.0,0.0,0.0,0.0,0.0,0.0,0.0,Bad
62.17734068461944,181.0,13.0,71.0,15.0,3.0,3.0,80.46074943542104,12.0,6.0,6.0,18.0,0.0,48.55635020094786,0.0,2.130813757365349,2.0,41.0,31.0,3.0,2.478427200598564,1.0173494202633007,71.0,0.0,0.0,0.0,0.0,0.0,0.0,0.0,0.0,0.0,1.0,0.0,Bad
73.0,261.0,8.0,101.0,14.0,0.8025110034940166,0.4539628035356892,82.62369078378262,4.0,4.0,5.0,17.0,0.8984621068340255,29.0,3.8666673044710307,0.024611823131947735,0.0,18.0,59.87576021021282,3.0,1.0684870663057071,0.0,56.0,0.0,1.0,0.0,0.0,0.0,0.0,1.0,0.0,0.0,0.0,0.0,Good
70.0,272.0,1.0,77.0,28.0,0.2351469369262027,0.19684425488006507,100.0,35.24120047457188,7.0,8.0,29.0,5.0,28.0,0.0,3.0,3.0,63.0,74.2759859275766,1.0,2.0,1.0,31.0,1.0,0.0,0.0,0.0,0.0,0.0,0.0,0.0,0.0,0.0,0.0,Good
71.0,206.0,4.0,80.90807413073432,26.0,3.0,3.0,92.0,35.0,6.0,6.0,28.98238494252202,3.0,37.6779984439594,0.0,3.0,3.0,43.0,35.0,5.0,4.0,2.0,64.0,0.0,0.0,0.0,0.0,0.0,0.0,0.0,0.0,0.0,0.0,0.0,Bad
78.0,155.95408482017422,3.0,55.7970426821462,17.0,0.14661997934521143,0.0,94.0,79.0,6.0,6.0,17.0,6.0,18.0,1.0,1.0,1.0,4.0,77.59423740618777,4.0,1.0,0.0,55.0,0.0,0.0,0.0,0.0,0.0,0.0,1.0,0.0,0.0,0.0,0.0,Good
60.45795304534555,159.0,6.0,67.0,14.0,0.2857844941595049,0.0,86.0,3.0,4.0,6.0,18.0,1.8879979769620858,36.0,0.0,2.060170920265831,2.0,71.0,93.0,2.0,2.6657426020062767,1.0,83.0,0.0,0.0,0.0,0.0,0.0,0.0,0.0,0.0,0.0,0.0,0.0,Bad
57.0,184.0,25.0,80.0,11.0,0.7891808523184891,0.0,63.0,2.0,3.0,5.0,16.0,0.0,25.0,0.0,1.0,1.0,39.0,48.7221901156563,2.0,1.0,0.0,60.0,0.0,0.0,0.0,0.0,0.0,0.0,1.0,0.0,0.0,0.0,0.0,Bad
54.0,265.0946640167032,6.0,94.0,59.0,2.0,1.4445967034164497,71.0,3.0,3.0,2.0,66.0,5.0,76.0,0.0,0.0,0.0,45.0,55.0,3.0,2.0,0.99128737115618,71.0,0.0,0.0,0.0,0.0,0.0,0.0,0.0,0.0,0.0,0.0,0.0,Bad
85.0,312.0,11.0,85.0,32.0,0.0,0.0,100.0,39.716093542206124,7.0,8.0,32.0,1.0,25.0,3.910069031385851,1.0,1.0,0.0,61.04208548218108,3.0,1.0,0.0,24.0,1.0,1.0,0.0,0.0,0.0,0.0,1.0,0.0,0.0,0.0,0.0,Good
60.0,179.0,15.402128621970451,80.15698023298228,19.0,4.0,2.0,71.76664426068274,6.0,3.4488044412611667,4.0,24.0,1.0,38.0,0.0,6.0,6.0,0.0,58.480734419132276,1.0,1.4556787002229812,0.0,25.0,0.0,0.0,0.0,0.0,0.0,0.0,1.0,0.0,1.0,0.0,0.0,Bad
57.61645080634233,246.0,3.0,79.72779839186803,16.0,2.0387021895360027,2.0,94.0,9.0,4.0,6.0,19.271364525735112,2.0,31.0,2.8890387394254833,0.0,-0.0022640572644180845,85.0,39.0,6.0,2.0,2.6917082552433493,89.0,0.0,1.0,0.0,0.0,0.0,0.0,0.0,0.0,0.0,0.0,0.0,Bad
60.0,153.0,3.0,72.0,13.264821265712673,1.0,1.0,56.0,8.0,4.0,3.0,16.0,1.0,31.0,8.0,0.0,0.0,33.0,66.83458369100033,4.0,1.0,2.0,71.0,0.0,0.0,0.0,0.0,0.0,0.0,1.0,0.0,0.0,0.0,0.0,Bad
70.0,185.0,11.0,80.02742028037038,36.0,0.15587997170626178,0.0,97.0,72.0,6.0,6.0,37.0,2.8569189146862635,29.005504612404707,1.0,3.0,3.0,67.0,60.0,12.0,5.0,5.0,85.0,0.0,0.0,0.0,0.0,0.0,0.0,0.0,0.0,0.0,0.0,0.0,Bad
71.0,197.0,9.0,87.0,12.95647438174527,0.0,0.0,77.0,56.0,6.850316900976923,6.0,13.0,1.3029302703953087,54.0,2.5548268702635553,0.0,0.0,92.0,83.0,2.0,3.0,1.0,83.0,0.0,1.0,0.0,0.0,0.0,0.0,0.0,0.0,0.0,0.0,0.0,Good
69.0,199.0,2.0,83.0,61.0,1.0,1.0,100.0,21.987058272160056,6.0,8.0,23.0,2.0,18.0,1.0,3.0,3.0,14.0,68.0,4.0,4.0,1.0,33.0,1.0,0.0,0.0,0.0,0.0,0.0,0.0,0.0,0.0,0.0,0.0,Good
69.0,324.0,16.032821989669266,127.0,22.0,1.0,0.7484421082554731,87.28776449074061,15.955092558447376,4.536294197395429,6.0,23.879090836577262,0.0,41.0,0.0,0.0,0.0,16.0,64.0,7.0,3.0,2.0,73.0,0.0,0.0,0.0,1.0,0.0,0.0,0.0,0.0,0.0,0.0,0.0,Good
91.0,437.0448717355494,39.18880305610336,209.0,6.0,0.0,-0.041994387808115013,92.55903508202387,41.6954408715749,7.0,8.0,7.0,0.0,43.0,0.0,0.0,0.0,0.0,30.9231142944881,0.0,-0.6717931239464572,0.008131892260540008,0.0,1.0,0.0,0.0,0.0,0.0,0.0,1.0,0.0,1.0,1.0,0.0,Bad
59.0,404.0,4.0,113.0,25.0,1.0,1.0,83.0,3.0,2.7205224844866183,2.0,29.0,2.0,28.0,4.0,1.0,1.0,2.0,63.46553641581403,5.0,2.0,0.0,44.0,0.0,0.0,0.0,0.0,0.0,0.0,0.0,0.0,0.0,0.0,0.0,Bad
78.0,395.0,1.0,99.0,21.378890108232554,0.0,0.021077075674422352,100.0,41.234594977237464,7.0,8.0,22.0,3.0,14.0,2.0,1.0,1.0,42.0,68.93173757758932,4.0,0.8347569546795195,2.0,45.0,1.0,0.0,0.0,0.0,0.0,0.0,1.0,0.0,0.0,0.0,0.0,Good
83.0,350.0,10.0,101.0,32.0,0.0,0.0,95.79986251358014,37.12230388684114,6.0,6.0,32.0,1.0,19.0,0.0,0.0,0.0,2.0,61.0,3.0,2.779321470598817,0.0,54.0,0.0,0.0,0.0,1.0,0.0,0.0,0.0,0.0,0.0,0.0,0.0,Bad
65.0,193.0,1.0,64.43891591009528,6.0,2.0,2.0,100.0,31.943555568467445,6.0,8.0,7.0,1.0,0.0,1.0,4.0,3.0,75.0,70.1961724971839,2.0,-0.4078056967944637,1.0,50.0,1.0,0.0,0.0,0.0,0.0,0.0,1.0,0.0,1.0,0.0,0.0,Bad
75.0,164.7119639735512,2.0,59.0,21.0,0.0,0.0,100.0,39.843601178938144,7.0,8.0,22.0,2.901132422777769,51.07336312577921,0.861047319778435,4.0,4.0,43.0,76.5590720210273,4.0,6.0,1.129315558188555,83.0,1.0,1.0,0.0,0.0,0.0,0.0,0.0,0.0,0.0,0.0,0.0,Bad
84.0,245.0,5.0,84.887423616468,17.0,0.0,0.0,100.0,43.24573225274983,7.0,8.0,17.0,3.0,24.0,0.0,1.1291553036319748,1.0802002827848176,16.0,37.0,1.0,2.0,0.0,30.0,1.0,0.0,0.0,0.0,0.0,0.0,0.0,0.0,0.0,0.0,0.0,Good
83.33621238916476,241.91229010493896,4.0,87.0,25.139840657538713,0.0,-0.01705193777144448,100.0,38.31854744488567,7.0,8.0,27.0,3.0,27.817378054138636,4.0,1.0558907176132197,1.0,2.0,9.0,1.0,2.0,0.0,30.0,1.0,0.0,0.0,0.0,0.0,0.0,0.0,0.0,0.0,0.0,0.0,Good
70.0,187.0,13.0,70.45751525196629,31.0,0.0,0.0,100.04093653222628,29.542712522909397,7.0,8.0,31.0,0.0,61.0,0.0,6.114192739893811,6.0,41.0,71.0,2.0,6.0,1.0,62.0,1.0,0.0,0.0,0.0,0.0,0.0,0.0,0.0,0.0,0.0,0.0,Bad
66.0,176.0,12.536378866864592,77.00701466655534,17.0,0.0,0.0,94.0,8.0,4.0,6.0,18.214014426814796,1.0,35.0,3.3186287943463353,0.0,-0.020348497234541185,64.0,61.75937248278736,2.0,1.3525943762353836,2.0,57.0,0.0,1.0,0.0,0.0,0.0,0.0,1.0,0.0,0.0,0.0,0.0,Bad
58.0,247.0,2.0,62.0,24.910400812389113,0.0,0.0,94.0,1.0,4.0,6.0,28.209207460859535,4.0,44.721676085421066,9.0,0.0,0.0,62.0,70.0,5.0,3.757667462964905,2.0,89.0,0.0,0.0,0.0,0.0,0.0,0.0,0.0,0.0,0.0,0.0,0.0,Bad
81.0,154.0,7.0,62.0,35.0,0.0646729586574506,0.0,100.0,37.33663584485231,6.0,7.0,34.82380433335808,2.0,19.680774266254616,4.1614994311505065,0.0,0.0,4.0,67.43953715196528,8.0,2.0,0.0,56.0,1.0,1.0,0.0,0.0,0.0,0.0,1.0,0.0,0.0,0.0,0.0,Bad
87.72051019442812,255.37786384528567,7.0,102.0,15.879377262468651,0.0,0.0,100.0,45.734867579557346,7.0,8.0,16.0,1.3277801547569865,12.053710286888276,4.318940094227072,0.0020887056247220724,0.0,1.0,61.96801713434283,2.0,0.2146988738632335,-0.07336953930903212,29.0,1.0,0.0,0.0,0.0,1.0,0.0,1.0,0.0,1.0,0.0,0.0,Good
79.22008486974714,261.0,10.59339593836615,104.0,22.0,0.018595046611013633,0.0,100.0,41.24881687151628,7.0,8.0,22.0,1.3683119734824816,59.0,3.179205567331788,1.0,0.9606310340423622,39.0,76.0,3.0,2.0,1.0,71.0,1.0,1.0,0.0,0.0,0.0,0.0,0.0,0.0,0.0,0.0,0.0,Good
60.16850485075646,243.0,10.0,104.0,20.0,0.0,0.0,86.0,2.0,4.0,6.0,22.0,1.0,36.0,2.96878029763695,0.0,-0.003929296728416576,90.0,89.0,4.0,3.0,2.0,100.0,0.0,1.0,0.0,0.0,0.0,0.0,0.0,0.0,0.0,0.0,0.0,Bad
60.0,141.0,4.0,56.358548957933365,16.0,0.14675956421426406,0.0,94.0,5.0,4.0,6.0,17.0,2.0,47.0,0.0,1.0,1.0,64.0,56.0,9.0,3.0,2.0,100.0,0.0,0.0,0.0,0.0,0.0,0.0,0.0,0.0,0.0,0.0,0.0,Bad
82.0,180.69679908814726,7.0,71.0,15.746570844796462,0.0,0.0,100.0,43.63644931622787,6.963425426789568,8.0,14.0,1.5271071051038687,45.0,6.0,0.03070532767704731,0.0,19.0,69.1104059978407,3.0,1.0,0.0,57.0,1.0,0.0,0.0,0.0,0.0,0.0,1.0,0.0,0.0,0.0,0.0,Good
58.0,223.2941322403423,7.0,88.0,24.0,1.8154682806145905,1.0,67.0,15.0,4.33216451497106,4.0,30.0,1.4739344826799439,57.0,1.0,1.0,1.0,76.0,66.0,6.0,3.677066768248371,3.0,100.0,0.0,0.0,0.0,0.0,0.0,0.0,0.0,0.0,0.0,0.0,0.0,Bad
56.0,77.0,4.0,41.0,24.0,0.0,0.0,92.0,5.0,4.0,6.0,24.0,2.0,38.0,0.0,6.0,6.0,57.0,90.0,9.0,3.0,2.8474703580837932,86.0,0.0,0.0,0.0,0.0,0.0,0.0,0.0,0.0,0.0,0.0,0.0,Bad
71.0,153.0,6.0,51.0,11.0,0.0,0.0,97.73492049772757,36.62875858290889,6.596088376467954,8.0,11.0,3.0,0.0,5.0,0.0,0.0,45.0,67.70540709298487,7.0,0.18328264177447356,2.0331960811918464,64.0,1.0,0.0,0.0,0.0,0.0,0.0,1.0,0.0,1.0,0.0,0.0,Good
61.0,183.0,26.0,111.0,3.0,1.0,1.0,60.0,7.0,4.0,2.0,6.2218419256476505,0.0,20.0,2.4191270600187775,1.0,1.0,94.0,45.58070481088183,1.0,1.0,1.2830558450618688,100.0,0.0,1.0,0.0,0.0,0.0,0.0,1.0,0.0,0.0,1.0,0.0,Good
65.0,82.0,1.0,34.48151395939563,25.0,2.0,1.0,97.0,70.0,6.0,5.0,30.0,3.809531038942388,33.0,2.0,4.0,3.8814260216177,33.0,53.0,2.0,3.1176831312650646,1.0,56.0,0.0,0.0,0.0,0.0,0.0,0.0,0.0,0.0,0.0,0.0,0.0,Bad
67.09865187213772,236.75569863018416,14.112116219274302,96.0,29.0,0.0,0.09045294635334383,97.30194445070855,26.27143783974975,5.0,7.0,30.0,0.0,30.22810229845233,0.0,1.0,0.9513882952219999,74.0,56.0,9.0,2.0,3.0,92.0,1.0,0.0,0.0,0.0,0.0,0.0,0.0,0.0,0.0,0.0,0.0,Bad
77.0,59.0,19.0,41.0,6.0,0.0,0.0,100.0,38.41735045491606,7.0,8.0,6.309018803094601,0.0,54.563486885629544,4.0,2.0,1.0,0.0,93.0,0.0,2.0,-0.5518810617687091,67.0,1.0,0.0,0.0,0.0,0.0,0.0,0.0,0.0,0.0,1.0,0.0,Bad
69.0,101.0,8.0,44.0,17.0,0.0,0.008626768588561401,97.35557574493997,30.400885815775496,6.305186582592818,8.0,18.0,1.8238917913048112,38.73732897173693,7.0,0.0,0.0,48.0,53.0,4.0,2.787821513005336,2.0,78.0,1.0,0.0,0.0,0.0,0.0,0.0,0.0,0.0,0.0,0.0,0.0,Bad
64.0,70.0,6.0,45.0,22.715292077974176,1.0,0.9126328282885067,100.0,20.922937289647763,6.0,8.0,27.0,3.0,52.0,0.0,11.224684034639097,11.0,0.0,93.0,0.0,4.0,-0.24006300684649484,57.0,1.0,0.0,0.0,0.0,0.0,0.0,0.0,0.0,0.0,1.0,0.0,Bad
74.0,183.0,5.135893528203141,48.0,12.05051393591972,0.0,0.0,100.0,42.17196477376325,7.0,8.0,12.0,2.0,25.0,2.2983414069840795,2.0,1.0,58.0,71.50909276754821,3.0,2.223745122637637,1.269754608087771,83.0,1.0,1.0,0.0,0.0,0.0,0.0,0.0,0.0,0.0,0.0,0.0,Bad
81.38086202903854,156.0,1.0,77.0,31.0,0.0,0.0,102.9045357595949,41.02343150335736,7.0,8.0,31.17291460932412,2.0,39.0,0.0,4.0,4.0,13.0,73.86701780199806,1.0,2.0,0.0,33.0,1.0,0.0,0.0,0.0,0.0,0.0,1.0,0.0,0.0,0.0,0.0,Good
90.0,180.0,3.0,87.0,18.0,0.0,0.0,100.0,46.485041335637646,7.0,8.0,5.0,1.0,32.148164032899224,18.0,0.0,0.0,0.0,72.0,0.0,1.0,-0.39698331366763595,13.0,1.0,0.0,0.0,0.0,0.0,0.0,0.0,0.0,0.0,1.0,0.0,Good
64.0,185.7199529855014,5.0,64.0,27.93678358226207,0.7790197854124714,0.625143601690772,97.0,27.738859763392924,5.0,7.0,30.0,3.0,53.0,0.0,1.0,1.0,88.0,74.0,8.0,4.0,2.0,92.0,1.0,0.0,0.0,0.0,0.0,0.0,0.0,0.0,0.0,0.0,0.0,Bad
70.0,209.42715516284173,15.0,92.76086965535214,23.0,0.0,0.0,96.0,25.0,6.0,6.0,19.0,0.0,48.0,3.6918816773000223,0.0,0.0,63.0,51.0,5.0,3.4830403021297416,2.0,100.0,0.0,0.0,0.0,0.0,1.0,0.0,0.0,0.0,0.0,0.0,0.0,Bad
73.0,129.0,9.0,50.442581444848784,14.0,0.0,0.0,100.0,40.138552661832136,7.0,8.0,14.99529495923407,3.0,36.0,0.0,1.0,1.0,29.0,99.0,4.0,2.754902210308286,1.0,82.0,1.0,0.0,0.0,0.0,0.0,0.0,0.0,0.0,0.0,0.0,0.0,Bad
62.0,78.0,3.0,43.0,22.0,0.0,0.0,100.0,30.671534925145664,7.0,8.0,24.0,3.0,5.0,-0.6883437184100956,5.0,4.892426589185081,51.0,73.4975379584107,11.0,1.1949113079179896,3.0,86.0,1.0,1.0,0.0,0.0,0.0,0.0,1.0,0.0,1.0,0.0,0.0,Bad
64.0,133.0,8.0,75.36424901215261,16.0,3.0,2.0,76.0,5.0,3.0,4.0,18.724423768510295,2.0,29.0,0.0,2.0,2.0,32.0,2.0,6.0,2.0,1.0,80.0,0.0,0.0,0.0,0.0,0.0,0.0,0.0,0.0,0.0,0.0,0.0,Bad
75.403126024617,385.0,13.025460538472021,129.6977424815459,27.0,1.0,1.0,97.0,9.0,3.4843491574832735,2.0,29.0,1.0,40.25535722344305,4.761812323344918,0.0,0.0,7.0,54.0,4.0,3.2842232159746767,0.0,67.0,0.0,0.0,0.0,0.0,1.0,0.0,0.0,0.0,0.0,0.0,0.0,Good
69.2426549446455,214.0,3.0,125.0,10.0,2.4215773878867584,1.6752796321372756,74.2000467545117,11.0,4.0,2.0,13.0,2.0,23.0,4.0,2.0,2.0,14.0,63.20724999788216,3.0,1.0,0.0,67.0,0.0,0.0,0.0,0.0,0.0,0.0,1.0,0.0,0.0,0.0,0.0,Bad
77.0,51.0,4.0,29.0,19.0,0.036266716728963644,0.0,98.92817227355995,37.03162650819803,7.0,8.0,22.0,1.0,32.0,1.0,2.0493958053027495,2.0,0.0,73.25730915636402,2.0,3.0,0.0,64.0,1.0,0.0,0.0,0.0,0.0,0.0,0.0,0.0,0.0,0.0,0.0,Bad
71.0,236.0,11.0,96.0,19.750938371183906,0.1853498864588894,0.16749681170787206,100.0,41.87036325281454,7.0,8.0,25.0,1.0,52.0,1.0,2.0,2.0,95.0,67.52104786587725,3.0,1.0,2.0,80.0,1.0,0.0,0.0,0.0,0.0,0.0,1.0,0.0,0.0,0.0,0.0,Bad
76.0,126.0,5.0,64.0,12.0,0.0,0.0,100.0,45.086652788080926,7.0,8.0,8.0,2.0,31.0,3.2313771458608955,0.0,0.0,66.0,71.88363089629776,2.0,1.1823552198246827,1.2965822516011118,75.0,1.0,1.0,0.0,0.0,0.0,0.0,1.0,0.0,0.0,0.0,0.0,Bad
89.0,260.4032348771504,21.80846123289884,119.0,12.43673630388415,0.0,0.0,100.0,51.075647012423474,7.0,8.0,14.488411235094855,0.4801455058195092,36.0,0.0,2.0,2.0,5.0,53.1548340383806,1.0,1.0,-0.5895954785563591,67.0,1.0,0.0,0.0,0.0,0.0,0.0,1.0,0.0,0.0,1.0,0.0,Good
79.51095801753769,273.27459292064765,14.66328040005941,116.0,25.6857823193899,0.0,-0.01719670519281674,100.0,43.16040641678089,7.0,8.0,19.0,2.0,16.0,18.0,0.0,0.0,34.0,55.86346149607781,10.0,1.0,1.0,85.0,1.0,0.0,1.0,0.0,0.0,0.0,1.0,0.0,0.0,0.0,0.0,Good
81.49881898446756,204.06583953842284,13.519515040426192,74.0,27.24262723310152,0.0,0.0,100.0,39.23590062206057,6.53572964350093,7.0,33.0,1.0,37.80085041767298,15.0,0.00799810900091577,0.0,17.0,38.0,3.0,3.0213310517730827,0.0,63.0,1.0,0.0,0.0,0.0,0.0,0.0,0.0,0.0,0.0,0.0,0.0,Good
64.0,221.0,-2.4035597598585277,15.0,6.0,-0.01196344278251793,0.0,100.0,34.1067305257769,7.0,8.0,15.0,3.0272925677676543,29.0,1.5570656630910524,1.0,1.0,74.0,81.0,4.0,2.0,1.0,100.0,1.0,1.0,0.0,0.0,0.0,0.0,0.0,0.0,0.0,0.0,0.0,Good
67.28954042838282,297.46852187328034,18.03371686119499,123.0,28.0,2.0,2.0,93.0,1.0,0.0,2.0,31.0,1.0,0.0,0.0,1.0314704879795404,1.0,12.0,49.77539678799773,6.0,0.7049563151100735,0.0,41.0,0.0,0.0,0.0,0.0,0.0,0.0,1.0,0.0,1.0,0.0,0.0,Good
75.75909624503456,41.0,6.0,20.0,9.0,-0.059915402977112286,0.0,100.0,42.087460680023554,6.864875341204689,8.0,9.0,3.0,11.0,0.0,1.0,1.0,18.0,81.0,4.0,1.0,0.0,63.0,1.0,0.0,0.0,0.0,0.0,0.0,0.0,0.0,0.0,0.0,0.0,Bad
70.80557873258483,118.0,7.0,60.72826705963672,18.392587590625165,0.0,0.0,86.94978516052046,11.0,4.0,6.0,17.0,1.6766505091026334,35.0,0.0,0.0,0.0,15.0,67.00224609754045,1.0,1.0,0.0,29.0,0.0,0.0,0.0,0.0,0.0,0.0,1.0,0.0,0.0,0.0,0.0,Good
82.0,161.0,1.0,52.0,23.0,0.041619168878140655,0.0,100.0,41.85755925769752,7.0,8.0,24.4118807537541,3.0,48.0,0.0,4.0,3.8751905196139003,2.0,78.0,2.0,4.0,0.0,43.0,1.0,0.0,0.0,0.0,0.0,0.0,0.0,0.0,0.0,0.0,0.0,Bad
88.0,171.0,17.0,85.92057711591308,15.0,0.0,0.0,100.0,43.555495109952204,7.0,8.0,16.0,0.0,50.0,17.0,0.01394461704489827,0.0,0.0,56.96524642763851,0.0,1.0,0.0,25.0,1.0,0.0,0.0,0.0,0.0,0.0,1.0,0.0,0.0,0.0,0.0,Good
81.44637822128553,254.0,9.0,96.0,27.0,1.0,0.7807820510907427,96.0,72.0,6.0,4.0,28.0,2.1435274295390165,25.479429250860193,0.0,1.0,1.0,10.0,33.0,6.0,2.0,0.0,60.0,0.0,0.0,0.0,0.0,0.0,0.0,0.0,0.0,0.0,0.0,0.0,Bad
76.44270315380183,217.3566385122641,6.0,84.0,22.0,0.0,0.0,95.0,16.0,6.0,6.0,22.0,1.0,29.931000603086154,0.0,0.0,0.0,5.0,64.78955296510414,2.0,2.0,0.04059271097565342,40.0,0.0,0.0,0.0,0.0,0.0,0.0,1.0,0.0,0.0,0.0,0.0,Good
81.21264700993294,153.0,19.0,83.80201267559796,20.0,0.0,0.03306179773521575,100.0,39.29046832581156,7.0,8.0,19.187222986707997,0.0,21.20537316631956,3.3969097665366976,1.04997742938984,1.0,19.0,55.18753844658187,2.0,1.0,1.0,25.0,1.0,1.0,0.0,0.0,0.0,0.0,1.0,0.0,0.0,0.0,0.0,Bad
68.67177532723368,63.0,2.0,31.521214970039125,14.0,0.0,0.016249971082398285,100.0,40.86920056084551,7.0,8.0,15.0,4.0,47.0,0.0,1.0,1.0,70.0,80.68829787268923,4.0,1.0,2.0,71.0,1.0,0.0,0.0,0.0,0.0,0.0,1.0,0.0,0.0,0.0,0.0,Good
59.0,186.3136378749553,49.0,110.0,8.0,2.0,2.0,63.0,24.0,6.0,6.0,8.0,0.0,38.0,2.0968937928959765,1.0,0.0,85.0,32.395480282780085,3.0,1.1764715635889629,1.8964991129725721,100.0,0.0,0.0,0.0,0.0,1.0,0.0,1.0,0.0,0.0,0.0,0.0,Bad
72.0,56.0,13.485155136839182,34.0,4.857220748156482,0.0,0.0,83.84062602442759,32.0,6.0,6.0,8.0,1.0,38.0,0.0,2.0,1.0,8.0,65.89394950616553,2.0,1.2998616303998505,-0.6954586922541415,100.0,0.0,0.0,0.0,0.0,0.0,0.0,1.0,0.0,0.0,1.0,0.0,Bad
68.0,197.2022455619594,0.19853639319876137,68.0,25.0,0.0,0.0,102.16917090108043,37.895077625388666,7.0,8.0,25.734091538397895,3.0,31.0,3.0,2.0,2.0,65.0,97.0,8.0,2.0,5.0,67.0,1.0,0.0,0.0,0.0,0.0,0.0,0.0,0.0,0.0,0.0,0.0,Bad
60.72609977707139,340.0,11.0,117.0,36.0,0.0,0.0,100.0,30.265754711360216,7.0,8.0,35.63174479070153,1.0,11.0,0.0,0.0707426670381291,0.0,81.0,62.554383432960904,20.0,1.1620572901998343,11.0,75.0,1.0,0.0,0.0,0.0,0.0,0.0,1.0,0.0,0.0,0.0,0.0,Bad
66.0,229.0,7.0,112.0,28.0,1.604596597728265,1.0334687123977386,84.29864992930013,18.0,5.0,3.0,29.111763003253145,2.0,39.0,5.0,0.0,0.0,72.0,83.0,7.0,4.0,2.5651419924531202,73.0,0.0,0.0,0.0,0.0,0.0,0.0,0.0,0.0,0.0,0.0,0.0,Bad
75.0,174.31624031319274,3.0,85.81551291924625,29.0,1.0,1.0,97.0,29.0,6.0,2.0,0.0,2.0,16.487298372652596,3.0,1.0,1.0,1.0,68.21800782730287,4.0,1.0,0.0,28.0,0.0,0.0,1.0,0.0,0.0,0.0,1.0,0.0,0.0,0.0,0.0,Good
60.0,161.0,5.0,80.0,34.0,1.0,0.0,89.0,2.0,4.0,5.0,35.0,5.0,18.013157394551463,2.4434925283164026,1.1594486541764035,1.120087571784017,51.0,37.0,13.0,3.150067629625021,1.0,79.0,0.0,1.0,0.0,0.0,0.0,0.0,0.0,0.0,0.0,0.0,0.0,Bad
75.0,262.0,10.0,79.0,40.0,0.0,0.0074299285690042904,100.0,36.20783782573744,7.0,8.0,41.0,2.0,46.0,4.0,1.1085463350673708,1.0725584047640206,33.0,67.0,6.0,4.0,0.0,77.0,1.0,0.0,0.0,0.0,0.0,0.0,0.0,0.0,0.0,0.0,0.0,Good
83.0,209.5582730602309,26.0589161803622,98.44814609389276,14.0,0.0,0.19620058018526298,100.0,51.63439710766613,7.0,8.0,17.0,0.0,29.0,3.64269836036387,1.0,1.0,32.99558347615704,51.39629294390622,4.171258551832026,1.0,0.6948737295974419,100.0,1.0,1.0,1.0,0.0,0.0,1.0,1.0,1.0,0.0,1.0,0.0,Bad
84.0,217.0,13.98163960458815,90.0,17.0,1.0,0.0,95.0,53.0,6.0,5.0,19.0,1.0,35.989625535170816,4.175111389249187,0.0,0.0,3.0,61.78660358234034,3.0,2.0,-0.43059709936279633,71.0,0.0,0.0,0.0,0.0,1.0,0.0,1.0,0.0,0.0,0.0,0.0,Good
59.17900421896134,138.85670542673404,3.0,49.0,15.0,1.0,1.0,67.0,24.0,6.0,6.0,16.0,2.0,20.0,0.0,1.0,1.0,68.0,61.0,9.0,1.0,1.0,83.0,0.0,0.0,0.0,0.0,0.0,0.0,0.0,0.0,0.0,0.0,0.0,Bad
88.0,335.0,74.0,123.0,12.815835482318525,0.0,0.0,100.0,49.209534900376184,7.0,8.0,12.0,0.0,37.23045064183917,4.556692658291695,0.0,0.0,0.0,49.0,0.0,2.0,0.0,40.0,1.0,0.0,0.0,0.0,1.0,0.0,0.0,0.0,0.0,0.0,0.0,Good
65.0,235.86117405156716,4.5551611082491625,86.0,32.37231819420356,0.0,0.0,94.0,17.0,5.037120669781326,6.0,33.35773622098736,2.204459529721384,34.0,0.0,1.06327313308881,1.0,58.0,77.0,10.0,4.0,4.0,93.0,0.0,0.0,0.0,0.0,0.0,0.0,0.0,0.0,0.0,0.0,0.0,Bad
82.0,159.0,14.0,72.0,28.0,0.0,0.0,100.0,42.34744786640948,7.0,8.0,27.173688860527097,0.0,14.0,0.0,0.0,0.0,13.0,60.329892846714415,5.0,1.0,1.0435695461555694,40.0,1.0,0.0,0.0,0.0,0.0,0.0,1.0,0.0,0.0,0.0,0.0,Good
72.0,97.8002991021412,13.704999354459442,39.0,14.148221013580368,0.9074782153256336,1.0,100.0,29.757497130583687,6.219635793201333,8.0,10.0,3.0,37.0,1.0461365095083894,4.0,3.866863366038699,7.0,14.0,3.0,2.0,1.0,50.0,1.0,1.0,0.0,0.0,0.0,0.0,0.0,0.0,0.0,0.0,0.0,Bad
59.0,117.0,3.0,42.619046421138776,14.0,1.0,1.0,87.0,3.0,4.0,6.0,15.0,2.0,53.0,1.6919241345183198,1.0,1.0,4.0,97.0,2.0,2.0,0.0,100.0,0.0,1.0,0.0,0.0,0.0,0.0,0.0,0.0,0.0,0.0,0.0,Bad
71.0,106.0,8.0,56.0,26.750031254955648,0.0,0.0,93.0,7.0,4.0,6.0,30.0,2.0,24.712850917960303,3.0,1.1143803541184598,1.0628309537062741,11.0,65.30966462609537,4.0,1.0,0.0,45.0,0.0,0.0,0.0,0.0,0.0,0.0,1.0,0.0,0.0,0.0,0.0,Bad
71.0,178.64577168478533,3.0,63.0,27.0,-0.04470927838321792,0.0,96.0,35.01472766145557,6.0,6.0,28.0,2.4488892819621517,36.0,0.0,1.0789317322641432,1.0,41.0,97.0,7.0,1.0,2.0,73.0,0.0,0.0,0.0,1.0,0.0,0.0,0.0,0.0,0.0,0.0,0.0,Bad
60.42801841541394,214.59561038447038,6.0,75.91725266762967,26.476569887579856,3.0,2.272758586249394,86.0,8.0,4.0,2.0,36.0,4.0,33.0,0.0,1.0641603127599009,1.0,39.0,69.55604181640182,7.0,1.0,1.0,89.0,0.0,0.0,0.0,0.0,0.0,0.0,1.0,0.0,0.0,0.0,0.0,Bad
84.0,155.0,17.0,78.0,13.0,0.0,0.0,97.0725425732371,38.853659424109026,6.0,7.0,17.0,0.0,50.0,12.0,0.014309307070251551,0.0,1.0,58.685289343160655,1.0,1.0,0.0,60.0,1.0,0.0,0.0,0.0,0.0,0.0,1.0,0.0,0.0,0.0,0.0,Bad
85.42113502402115,191.0,7.0,82.0,25.770099294435212,0.03989202304931938,0.04087843557988907,100.0,40.64082814926425,7.0,8.0,28.0,1.0,22.0,7.0,1.018763849329679,0.9685958940479277,0.0,63.815097993789095,0.0,0.7535278912201644,0.0,8.0,1.0,0.0,0.0,0.0,0.0,0.0,1.0,0.0,0.0,0.0,0.0,Good
72.0,120.7679165636336,8.519508127567153,46.0,9.0,0.0,0.0,100.0,36.56452886461608,7.0,8.0,10.0,1.0,50.0,14.0,0.0,0.0,58.0,75.0,2.0,2.0,1.0,67.0,1.0,0.0,1.0,0.0,0.0,0.0,0.0,0.0,0.0,0.0,0.0,Bad
68.0,263.0,4.0,95.0,32.0,1.0,1.0,94.0,18.0,6.0,3.0,45.0,5.0,14.0,1.0,1.0,1.0,36.0,67.87728821814883,7.0,2.008689761040117,4.0,63.0,0.0,0.0,0.0,0.0,0.0,0.0,1.0,0.0,0.0,0.0,0.0,Bad
89.0,320.0,26.0,139.0,9.0,0.0,0.0,97.54149287473582,46.684952781001215,7.0,8.0,9.0,0.0,11.0,1.0,1.0,1.0,1.0,43.89764422846395,2.0,-0.11638510291813159,0.0,40.0,1.0,0.0,0.0,0.0,0.0,0.0,1.0,0.0,1.0,0.0,0.0,Good
77.0,138.07945623959716,9.0,59.0,14.801518293500745,0.0,0.0,100.0,39.65281383029151,7.0,8.0,0.0,2.0,13.696712467169613,18.0,0.0,-0.05009772892514816,43.0,63.27014407359461,4.0,1.0,1.0,31.0,1.0,0.0,1.0,0.0,0.0,0.0,1.0,0.0,0.0,0.0,0.0,Good
91.0,245.97301004378568,35.0,121.0,12.496180703690012,0.0,0.0,100.0,54.582694702758516,7.4326742920509,8.0,10.0,0.0,40.0,4.847353942775653,0.0,-0.05285043617849765,10.0,38.0,1.0,3.0,0.0,67.0,1.0,0.0,0.0,0.0,1.0,0.0,0.0,0.0,0.0,0.0,0.0,Good
87.41358421187084,177.0,23.0,96.21461648299295,8.540071036261047,0.0,0.0,100.0,49.09555053322336,7.0,8.0,10.0,0.0,20.0,4.330158111921811,-0.0015103138926150297,0.0,0.0,51.188383998124564,2.0,0.6368328585817127,0.0,67.0,1.0,0.0,0.0,0.0,1.0,0.0,1.0,0.0,1.0,0.0,0.0,Good
55.0,139.0,0.0,46.0,23.0,2.0,1.0,77.0,2.0,0.0,2.0,25.781388401344362,2.601348087244321,31.0,7.0,0.0,0.014517291248588818,33.0,65.0,4.0,3.0,0.0,67.0,0.0,0.0,0.0,0.0,0.0,0.0,0.0,0.0,0.0,0.0,0.0,Bad
81.0,149.0,12.032386289366766,74.21641708294895,24.0,0.07296797733228466,0.0,96.0,45.0,6.0,6.0,25.660902574384867,5.0,41.0,0.0,8.0,8.0,8.0,12.0,3.0,2.0,0.0,42.0,0.0,0.0,0.0,0.0,0.0,0.0,0.0,0.0,0.0,0.0,0.0,Good
63.4660817537138,181.0,2.0,76.0,22.0,1.0,1.0,80.0,1.0,4.0,3.0,22.558054733062068,3.0,12.0,3.0,1.055625310608892,1.0,29.0,79.0,7.0,1.9207938296535128,0.0,53.0,0.0,0.0,0.0,0.0,0.0,0.0,0.0,0.0,0.0,0.0,0.0,Bad
73.0,135.0,3.0,93.0,6.0,3.0,2.1537418777642037,75.0,79.0,6.498890328347955,4.0,12.0,1.0,67.0,1.0,3.0,3.0,0.0,77.44506619243037,0.0,2.3247873087592796,-0.8728017328522037,67.0,0.0,0.0,0.0,0.0,0.0,0.0,0.0,0.0,0.0,1.0,0.0,Good
68.0,184.0,2.0,69.0,7.0,0.0,0.0,84.10382202397054,1.0,4.0,6.0,12.0,2.0,67.0,6.0,0.0,0.0,4.0,57.0,2.0,5.0,-0.4106538043903436,78.0,0.0,0.0,0.0,0.0,0.0,0.0,0.0,0.0,0.0,0.0,0.0,Good
77.0,298.0,10.0,121.0,23.0,0.0,0.0,100.0,42.98612192174295,7.0,8.0,24.0,2.0,25.0,1.0,3.0,2.8905275479844876,48.0,87.0,5.0,1.0,1.771310931791199,67.0,1.0,0.0,0.0,0.0,0.0,0.0,0.0,0.0,0.0,0.0,0.0,Good
65.0,53.0,2.0,28.0,13.0,0.0,0.0,100.0,32.20967453997039,7.0,8.0,14.0,2.0,21.0,0.0,2.0,1.9360627303692373,64.0,62.0,5.0,2.0,2.0,58.0,1.0,0.0,0.0,0.0,0.0,0.0,0.0,0.0,0.0,0.0,0.0,Bad
70.0,205.01504218599138,1.2117680450580472,59.0,45.0,0.0,0.0,100.0,29.54915663183766,6.5076133786882995,8.0,50.0,6.0,24.0,0.0,6.0,5.815838654011455,29.0,45.0,5.0,3.6582551556404943,1.0,43.0,1.0,0.0,0.0,0.0,0.0,0.0,0.0,0.0,0.0,0.0,0.0,Good
82.0,351.0,11.0,101.0,31.725485364101115,0.0,0.0,100.0,36.261031960186784,6.740574748761953,8.0,31.0,1.0,16.005692222445752,4.482903893389947,0.0,0.0,8.0,50.0,8.0,2.1568128003461258,1.614430103164596,39.0,1.0,1.0,0.0,0.0,0.0,0.0,0.0,0.0,0.0,0.0,0.0,Good
58.0,10.0,10.0,8.776731418777018,3.0,0.0,0.25710161364253553,100.0,30.358863275999,7.0,8.0,3.0,2.0837099214079347,100.0,0.5569850934966687,1.0,1.0,82.62111717471774,81.20528815403205,0.34001197981098086,3.0,1.6958893142730262,100.0,1.0,1.0,0.0,0.0,0.0,1.0,0.0,1.0,0.0,1.0,0.0,Good
70.0,266.0,23.0,107.0,23.0,0.10226911236822245,0.0,100.0,31.713451321267513,7.0,8.0,24.0,0.0,50.0,2.0,2.0,2.0,57.0,54.697885397601,5.0,4.0,2.4805981639339647,64.0,1.0,0.0,0.0,0.0,0.0,0.0,0.0,0.0,0.0,0.0,0.0,Good
65.0,115.8928948468766,5.0,42.0,11.0,1.0,0.0,92.0,22.0,6.0,5.0,13.0,3.0,31.0,0.0,2.0,2.0,60.0,72.63166389012366,4.0,1.0,1.0,83.0,0.0,0.0,0.0,0.0,0.0,0.0,1.0,0.0,0.0,0.0,0.0,Bad
81.0,273.7549976956634,1.0237808326766462,89.0,41.0,0.0,0.0,100.0,45.174538070289174,7.357441461575869,8.0,44.0,9.0,27.0,0.0,7.0,6.0,1.0,39.0,7.0,4.0,0.0,50.0,1.0,0.0,0.0,0.0,0.0,0.0,0.0,0.0,0.0,0.0,0.0,Good
86.0,269.08945335810796,26.0,121.0,13.0,0.0,0.026391300203813084,100.0,41.84325841165759,7.0,8.0,16.0,0.0,44.0,0.0,0.0,-0.021240989287413137,0.0,49.28249995781896,1.0,2.027926896603504,-0.18464029946348504,40.0,1.0,0.0,0.0,0.0,0.0,0.0,0.0,0.0,0.0,0.0,0.0,Good
57.0,162.37239732627663,3.0,63.0,13.0,1.807631405517361,1.0,67.0,13.0,6.0,5.0,17.0,2.3582231967492957,60.0,1.0,2.0,2.0,55.0,73.33487916002058,1.0,4.0,1.0,56.0,0.0,0.0,0.0,0.0,0.0,0.0,0.0,0.0,0.0,0.0,0.0,Bad
66.0,258.0,7.0,94.0,17.0,2.0,1.576220026240983,95.0,19.0,6.0,2.0,19.0,3.0,22.68057334103726,0.0,1.0,1.0,32.0,65.31686599322066,5.0,1.0,0.0,55.0,0.0,0.0,0.0,0.0,0.0,0.0,1.0,0.0,0.0,0.0,0.0,Good
77.0,345.0,5.0,108.0,25.981729659126596,0.0,0.0,93.76454962135932,54.0,6.0,6.0,28.0,2.0,22.0,0.0,1.0679345948963506,1.0,35.0,67.54896628348779,3.0,1.0,1.1357334552873617,36.0,0.0,0.0,0.0,0.0,0.0,0.0,1.0,0.0,0.0,0.0,0.0,Good
65.0,192.91044812041744,2.0,64.48318063699615,31.0,0.0,0.0,100.0,30.094225167829933,7.0,8.0,31.690954382085888,3.3083973663307273,6.0,0.0,5.0,4.83570073704385,34.0,72.04622699546704,10.0,1.0,5.0,55.0,1.0,0.0,0.0,0.0,0.0,0.0,1.0,0.0,0.0,0.0,0.0,Bad
91.0,323.0,34.0,164.0,15.0,0.0,0.0,100.0,47.501757550432046,7.093828610668511,8.0,15.0,-0.22710882260644727,20.0,2.0,1.0,1.0,1.0,35.0,2.0,1.0,0.0,30.0,1.0,0.0,0.0,0.0,0.0,0.0,0.0,0.0,0.0,0.0,0.0,Good
64.0,153.0,5.0,44.0,20.0,2.0,2.0,100.0,35.60826166901458,7.0,8.0,22.0,3.0,25.0,0.0,1.0,1.0,37.0,74.2730561146867,8.0,1.0,3.0,82.0,1.0,0.0,0.0,0.0,0.0,0.0,0.0,0.0,0.0,0.0,0.0,Bad
57.0,304.0,16.0,79.0,11.0,0.0,0.0,80.95552520312486,2.0,4.0,6.0,14.687097725209416,0.0,36.0,0.0,1.0484729659090235,1.0,85.0,36.0,5.0,3.0,1.0,100.0,0.0,0.0,0.0,0.0,0.0,0.0,0.0,0.0,0.0,0.0,0.0,Bad
67.0,131.2112987330202,14.0,67.0,3.0,1.0,0.8741102406824529,100.0,30.463571330578134,6.0,8.0,0.0,1.5557708242608523,36.060305657168776,0.0,2.0,2.0,42.0,64.78507543845892,2.0,1.4530584159811186,0.0,100.0,1.0,0.0,1.0,0.0,0.0,0.0,1.0,0.0,1.0,0.0,0.0,Good
61.0,187.0,-4.806693781425903,46.0,26.0,4.0,0.0,88.0,38.0,6.0,5.0,33.0,3.760783365700811,36.0,0.0,5.0,5.0,60.0,83.02794328013533,7.0,3.6618589410972326,3.0,75.0,0.0,0.0,0.0,0.0,0.0,0.0,0.0,0.0,0.0,0.0,0.0,Bad
68.0,213.8141190189969,-2.200797092163196,74.195930852693,32.71449484520895,-0.08039822928697227,-0.14134962949780788,97.16102590315766,36.0,5.0,6.0,32.842601587396146,3.370234134782567,23.0,0.0,7.0,5.0,69.0,99.0,9.0,3.0,3.0,80.0,0.0,0.0,0.0,0.0,0.0,0.0,0.0,0.0,0.0,0.0,0.0,Bad
70.0,69.0,-3.291981617427357,25.0,19.941574430838287,0.0,0.022609240951783016,99.94896147588153,35.372141336131676,7.0,8.0,20.461511532340094,5.0,20.0,2.5876832808628643,0.0,0.0,21.0,89.0,5.0,2.0,2.0,70.0,1.0,1.0,0.0,0.0,0.0,0.0,0.0,0.0,0.0,0.0,0.0,Bad
81.0,189.0,3.0,76.42057249136546,41.0,-0.1695365798972266,0.0,107.31190225684091,40.22133362532594,5.0,8.0,43.0,3.0,37.0,0.0,6.0,5.812675250991043,27.0,95.0,3.0,3.0,0.0,86.0,1.0,0.0,0.0,0.0,0.0,0.0,0.0,0.0,0.0,0.0,0.0,Good
72.06668716819031,247.0,7.0,87.0,25.0,-0.033285021086777444,0.0,100.0,38.22018101505029,6.756611683852397,8.0,17.0,2.0,26.329695150047932,3.0,1.0,1.0,59.0,67.9391783729815,7.0,2.0,3.0,75.0,1.0,0.0,0.0,0.0,0.0,0.0,1.0,0.0,0.0,0.0,0.0,Good
81.0,209.0,12.0,78.0,14.466122777426328,-0.06881945062869432,0.0,100.0,39.99918044007359,6.7871487936151835,8.0,7.0,0.0,18.0,5.0,1.0,0.9444891197414711,12.0,40.0,6.0,2.0,1.0,62.0,1.0,0.0,0.0,0.0,0.0,0.0,0.0,0.0,0.0,0.0,0.0,Good
86.0,203.0,3.0,76.0,19.14209824839877,0.0,0.0,100.0,47.39881641955736,7.0,8.0,17.0,2.0,24.0,0.0,0.03450414246349905,0.0,4.0,70.0,4.0,2.201497469998815,0.0,58.0,1.0,0.0,0.0,0.0,0.0,0.0,0.0,0.0,0.0,0.0,0.0,Good
66.0,293.0,2.0,67.0,13.0,0.0,0.0,93.0,34.337101685764935,6.0,6.0,14.0,2.1084299747237853,36.0,0.0,3.0,3.0,90.0,74.0037661944029,3.0,3.0,2.0,100.0,0.0,0.0,0.0,1.0,0.0,0.0,0.0,0.0,0.0,0.0,0.0,Bad
82.0,193.0,5.0,75.0,21.0,1.0,0.0,86.852343942293,26.0,6.0,5.0,22.0,1.5000121768591441,23.0,0.0,0.0,0.0,6.0,65.7890740665623,2.0,2.0,0.0,40.0,0.0,0.0,0.0,0.0,0.0,0.0,0.0,0.0,0.0,0.0,0.0,Good
70.0,184.0,3.0,40.0,15.0,0.0,0.0,87.0,19.0,6.0,6.0,17.0,4.0,35.433325546849375,3.0,3.0,3.0,22.0,97.0,2.0,2.0,0.19602075431770105,50.0,0.0,0.0,0.0,0.0,0.0,0.0,0.0,0.0,0.0,0.0,0.0,Good
75.0,385.0,5.0,80.0,52.0,1.0,0.7015777966494087,98.0,23.0,6.0,5.0,56.0,2.0,41.0,5.0,1.0,0.946474876833936,15.0,68.27222935941992,9.0,3.0,0.0,54.0,0.0,0.0,0.0,0.0,0.0,0.0,0.0,0.0,0.0,0.0,0.0,Good
85.0,207.0,9.064086239604745,85.32352220320007,21.0,0.0,0.0,100.0,44.39241973853214,7.0,8.0,21.0,1.0,30.476912645370575,4.0,1.0,1.0,9.0,70.0,3.0,2.1475195956097206,0.0,45.0,1.0,0.0,0.0,0.0,0.0,0.0,0.0,0.0,0.0,0.0,0.0,Good
65.38456654062223,278.0,19.0,111.48087670463123,37.0,0.0,0.0,95.0,3.0,4.0,6.0,38.0,0.0,24.0,0.0,3.0,3.0,30.0,53.24655409418431,11.0,1.0,3.0,86.0,0.0,0.0,0.0,0.0,0.0,0.0,1.0,0.0,0.0,0.0,0.0,Bad
74.0,24.0,5.0,31.631374866065585,4.0,0.0,0.10769054870385719,100.0,40.82701623112703,7.0,8.0,4.0,1.0,50.0,21.0,0.0,-0.05225836550923435,35.0,72.64704438641847,1.0,1.4109143739658603,0.11648702034676406,100.0,1.0,0.0,0.0,0.0,0.0,0.0,1.0,0.0,0.0,1.0,0.0,Good
60.0,160.0,8.0,62.0,26.0,0.1721918952144761,0.0,96.0,3.0,4.0,6.0,28.0,1.8853951046985307,75.0,2.9104917529154117,0.0,0.004071810240214302,57.0,60.0,5.0,6.0,3.0,100.0,0.0,1.0,0.0,0.0,0.0,0.0,0.0,0.0,0.0,0.0,0.0,Bad
50.0,239.0,3.4203381792328678,81.98397173671891,21.0,3.7460903908173,3.0,72.0,2.0,0.0,2.0,9.0,2.0,36.0,0.0,2.0630046179186925,2.0,58.0,94.0,5.0,3.0,0.0,80.0,0.0,0.0,0.0,0.0,0.0,0.0,0.0,0.0,0.0,0.0,0.0,Bad
57.0,198.9813241134561,11.0,76.04730302036474,29.0,1.0,0.0,70.0,4.0,3.0,5.0,30.0,2.0,40.0,0.0,2.0,1.933227198214063,41.0,43.0,6.0,5.0,1.0,58.0,0.0,0.0,0.0,0.0,0.0,0.0,0.0,0.0,0.0,0.0,0.0,Bad
72.1697848034473,250.0,6.0,88.260019695778,22.0,0.0,0.0,95.0,19.0,6.0,6.0,22.0,1.0,32.0,3.0602867990300946,1.0,0.0,36.0,95.0,6.0,2.0,0.0,67.0,0.0,1.0,0.0,0.0,0.0,0.0,0.0,0.0,0.0,0.0,0.0,Bad
64.0,248.56574383873692,5.0,84.0,60.0,0.14141589573431368,0.0,95.86734839804475,23.0,5.000639095882409,6.0,60.0,3.1256103936650286,38.0,0.0,0.0,0.0,35.0,72.44006394834209,10.0,2.0,2.6713855232710224,68.0,0.0,0.0,0.0,0.0,0.0,0.0,1.0,0.0,0.0,0.0,0.0,Good
80.0,102.0,3.0,61.0,7.0,0.0,0.17888044688647609,100.0,47.8097980342709,7.0,8.0,7.0,1.0,85.06299538748965,1.4796423916669128,3.0,2.91829352526927,34.3951001370862,79.23251920077234,-0.2443465308025865,3.0,-0.3201527233477699,100.0,1.0,1.0,0.0,0.0,0.0,1.0,0.0,1.0,0.0,1.0,0.0,Bad
66.0,425.0,3.0,109.41678474525715,12.0,1.0,0.558910566885885,80.60897478586332,18.0,6.0,5.0,17.816145913142297,3.0,36.0,0.0,0.0313335093297917,0.0,23.0,67.32885041165443,6.0,2.0,1.0,100.0,0.0,0.0,0.0,0.0,0.0,0.0,0.0,0.0,0.0,0.0,0.0,Bad
89.0,148.0,15.0,80.5210128423184,11.0,0.0,0.0,100.73504733464708,53.21943875459573,7.0,8.0,12.0,0.825329274811371,33.0,0.0,0.03345475814220705,0.0,2.0,61.900221552014514,3.0,1.3019366910690315,-0.5041045960456283,80.0,1.0,0.0,0.0,0.0,0.0,0.0,1.0,0.0,0.0,0.0,0.0,Good
66.0,177.0,4.0,60.0,37.0,0.0,0.0,97.0,27.729453362894844,5.0,7.0,39.540641038153936,6.0,65.0,0.0,3.0922785811849067,3.0,72.0,66.0,4.0,5.0,3.0,82.0,1.0,0.0,0.0,0.0,0.0,0.0,0.0,0.0,0.0,0.0,0.0,Bad
73.35576423227421,250.0,13.545886909865377,89.2173525273851,15.0,0.0,0.0,98.15943715889023,42.54480064915049,7.0,8.0,15.0,1.2784862668424415,40.0,2.0,2.0,2.0,63.0,63.98168170448567,5.0,1.8163182724952667,2.0,100.0,1.0,0.0,0.0,0.0,0.0,0.0,1.0,0.0,0.0,0.0,0.0,Bad
87.0,440.0,9.0,105.0,26.0,0.0,0.0,100.0,42.11360833373601,7.0,8.0,34.0,1.7085099850029017,23.0,4.809901265564605,0.0,0.0,15.0,47.0,2.0,2.0,0.0,29.0,1.0,1.0,0.0,0.0,0.0,0.0,0.0,0.0,0.0,0.0,0.0,Good
69.0,198.0,8.0,76.0,24.0,1.0,1.0,82.96775785849954,11.0,1.0,3.0,27.0,1.0128135878990223,63.0,0.0,0.0,0.0,48.0,67.0,1.0,3.0,0.17214406427750895,80.0,0.0,0.0,0.0,0.0,0.0,0.0,0.0,0.0,0.0,1.0,0.0,Bad
79.53961985201875,139.0,12.0,62.0,24.0,0.0,0.0,100.0,39.02584889030092,7.0,8.0,24.0,0.0,21.0,3.6680430377221147,0.0,0.0,18.0,91.0,4.0,1.9319915159463794,1.0,39.0,1.0,1.0,0.0,0.0,0.0,0.0,0.0,0.0,0.0,0.0,0.0,Bad
89.0,231.0,9.766392342247528,93.0,23.376408822290287,0.0,0.0,100.0,47.142761294682714,7.315374063781407,8.0,22.0,0.0,23.0,0.0,0.0,0.0,2.0,73.0,1.0,3.0,0.0,27.0,1.0,0.0,0.0,0.0,0.0,0.0,0.0,0.0,0.0,0.0,0.0,Good
67.0,117.0,7.0,55.02372957860223,18.324360649664175,1.0,1.0,90.0,56.0,5.566083082381326,2.0,19.835306635947518,2.0,48.0,0.0,1.0658799055252344,1.0,53.0,78.0,4.0,3.177683963077116,1.1942884298294754,89.0,0.0,0.0,0.0,0.0,0.0,0.0,0.0,0.0,0.0,0.0,0.0,Bad
61.0,205.0,5.448729302979157,77.0,32.46524340537131,1.0,1.0,86.0,3.0,3.9802271283255752,6.0,37.0,3.0,31.0,5.0,3.0,3.0,26.0,66.91584602816572,5.0,5.0,1.0977315636266312,71.0,0.0,0.0,0.0,0.0,0.0,0.0,0.0,0.0,0.0,0.0,0.0,Good
63.02758469199724,194.23057259245326,18.0,98.0,4.0,2.0,1.5082638233477805,86.59817726438186,32.27576843428531,6.0,8.0,4.0,-0.034455092755433014,50.0,2.461832093138344,0.0,-0.06118175849624055,114.0,60.61692549578739,1.0,1.0,2.409224410418723,100.0,1.0,1.0,0.0,0.0,0.0,0.0,1.0,0.0,0.0,1.0,0.0,Bad
77.0,159.0,1.0,61.0,30.30521557511489,0.0,0.0,100.0,42.94353789656657,7.0,8.0,31.0,6.0,6.0,0.0,8.153678953304649,8.0,10.0,73.87052412721212,7.0,1.0,1.0869231738384415,42.0,1.0,0.0,0.0,0.0,0.0,0.0,1.0,0.0,0.0,0.0,0.0,Bad
75.0,231.0,7.0,83.0,25.106696819927862,2.10769937103282,2.0,97.0,78.0,6.0,6.0,30.0,2.0,42.22087699836521,1.0,1.1544939242783865,1.1239212354889392,10.0,73.0,2.0,3.0,0.002957425818313375,63.0,0.0,0.0,0.0,0.0,0.0,0.0,0.0,0.0,0.0,0.0,0.0,Good
64.72364428842329,83.0,3.0,40.0,26.0,4.0,2.0,80.0,10.0,3.9045149912270753,4.0,30.0,3.0,46.90349105841464,2.8237787616867993,0.0,0.022055959500353772,3.0,89.0,2.0,4.0,0.0,58.0,0.0,1.0,0.0,0.0,0.0,0.0,0.0,0.0,0.0,0.0,0.0,Bad
86.0,199.0,6.0,67.0,10.0,0.0,0.0,100.0,48.082193205693045,7.355741830079713,8.0,10.0,1.0,30.0,4.0,1.0,1.0,12.0,32.0,3.0,1.0,0.0,50.0,1.0,0.0,0.0,0.0,0.0,0.0,0.0,0.0,0.0,0.0,0.0,Good
68.0,205.0,12.0,114.0,28.0,0.0,0.0,95.60004286089172,31.068183529250547,7.0,8.0,29.0,0.0,11.0,2.0,1.0,1.0,63.0,59.07441787974546,5.0,2.0,2.4286758596692675,78.0,1.0,0.0,0.0,0.0,0.0,0.0,1.0,0.0,0.0,0.0,0.0,Bad
71.4845158598256,89.0,13.0,52.0,10.0,1.0,0.0,73.0,10.0,4.350948425977574,5.0,11.0,0.0,82.0,7.0,0.0,-0.010065887259117293,0.0,71.0,0.0,4.0,-0.9748656713066084,67.0,0.0,0.0,0.0,0.0,0.0,0.0,0.0,0.0,0.0,0.0,0.0,Good
64.0,193.0,9.0,77.31780730166197,17.0,0.0,0.0,86.80128371727812,22.0,6.0,6.0,17.0,1.0,24.0,0.0,1.0,1.0,67.0,65.46776776271787,6.0,1.0,3.0,100.0,0.0,0.0,0.0,0.0,0.0,0.0,1.0,0.0,0.0,0.0,0.0,Bad
55.0,250.3105481092137,6.0,96.0,42.0,4.0,2.0,84.0,4.0,0.0,5.0,45.0,1.0,11.0,0.8685854517533631,4.0,4.0,30.0,64.12437869479552,7.0,1.8712283622336567,0.0,44.0,0.0,1.0,0.0,0.0,0.0,0.0,1.0,0.0,1.0,0.0,0.0,Bad
58.0,78.0,9.0,33.0,8.0,2.0,2.0,100.0,27.609070351328285,6.0,8.0,9.0,2.0,53.99004436189398,0.0,1.0,1.0,87.0,49.0,2.0,4.0,1.0,100.0,1.0,0.0,0.0,0.0,0.0,0.0,0.0,0.0,0.0,0.0,0.0,Bad
65.0,199.36959530020698,22.0,94.5329076887131,9.759282477400845,1.0,0.5913469006085845,79.64418039722025,8.0,4.306109469233199,5.0,12.547323679440701,0.0,38.0,2.6383226033810536,1.0438589267282188,1.0,77.0,52.55030492483,4.0,1.0,0.0,100.0,0.0,1.0,0.0,0.0,0.0,0.0,1.0,0.0,0.0,0.0,0.0,Bad
80.0,57.0,2.0,39.0,6.0,0.0,0.0,100.0,45.156981192976076,7.0,8.0,11.0,1.9332174663318242,0.0,3.2625915868543083,0.0,0.0,36.0,70.98189221102743,2.0,-0.3878668888819474,0.0,40.0,1.0,1.0,0.0,0.0,0.0,0.0,1.0,0.0,1.0,0.0,0.0,Good
86.0,377.0,22.0,143.0,11.0,0.0,0.04463576684318121,100.0,50.136083794046215,7.0,8.0,11.0,0.0,0.0,0.0,0.0,0.0,21.0,47.06244440155655,3.0,0.7105259045812169,0.0,100.0,1.0,0.0,0.0,0.0,0.0,0.0,1.0,0.0,1.0,0.0,0.0,Good
58.1903025349265,236.0,9.0,109.0,25.0,0.0,0.0,90.82414447438056,18.0,5.0,6.0,26.0,1.0,38.0,0.9448090503045523,3.0,2.8839727814115026,81.0,65.88240786256358,13.0,3.0,6.0,100.0,0.0,1.0,0.0,0.0,0.0,0.0,0.0,0.0,0.0,0.0,0.0,Bad
56.0,76.0,6.0,32.0,11.0,2.0,2.0,92.0,15.0,3.9013695653744116,2.0,14.0,5.0,17.0,0.0,3.0,3.0,83.0,42.0,5.0,2.0,2.0,100.0,0.0,0.0,0.0,0.0,0.0,0.0,0.0,0.0,0.0,0.0,0.0,Good
63.0,134.00043617199552,3.0,48.217819763687686,15.401111183833054,0.0,0.0,100.0,36.80474507381996,7.0,8.0,15.0,3.0,7.0,0.0,2.0,2.0,84.0,73.69993406074941,7.0,1.0,3.0,90.0,1.0,0.0,0.0,0.0,0.0,0.0,1.0,0.0,0.0,0.0,0.0,Bad
62.0,187.45719251454432,6.0,70.91733874204574,17.0,0.0,0.0,94.0,1.0,4.0,6.0,17.0,2.0,41.0,5.0,0.0038016657679869614,0.0,64.0,68.20565131352751,8.0,1.8185606647892945,1.0,89.0,0.0,0.0,0.0,0.0,0.0,0.0,1.0,0.0,1.0,0.0,0.0,Bad
65.0,122.0,6.0,53.0,28.28173651078589,0.0,0.0,100.0,39.46474193524895,7.0,8.0,35.0,6.0,24.0,0.0,6.13799823193625,6.0,72.0,73.0,5.0,1.0,5.0,67.0,1.0,0.0,0.0,0.0,0.0,0.0,0.0,0.0,0.0,0.0,0.0,Bad
56.0,166.0,8.0,72.0,18.0,1.0,0.5348608828827736,77.0,3.0,4.0,5.0,20.443783230606474,2.0,32.0,5.0,2.069562644498384,2.0,82.0,28.0,5.0,2.0,3.0,88.0,0.0,0.0,0.0,0.0,0.0,0.0,0.0,0.0,0.0,0.0,0.0,Good
74.0,160.0,6.0,85.0,11.0,1.0,1.0,92.0,20.0,6.0,3.0,13.0,1.0,42.0,0.0,2.0,1.0,12.0,67.60964442707693,1.0,1.0,0.0,100.0,0.0,0.0,0.0,0.0,0.0,0.0,1.0,0.0,0.0,0.0,0.0,Good
78.84660385714741,321.0,2.0,103.0,31.0,0.0,0.0,103.23506569621173,42.83257357455605,7.0,8.0,31.88547061354208,2.8856868353888467,20.0,5.0,1.0,1.0,33.0,97.0,9.0,3.0,0.0,71.0,1.0,0.0,0.0,0.0,0.0,0.0,0.0,0.0,0.0,0.0,0.0,Bad
75.0,163.0,35.0,94.0,31.0,1.0,0.0,97.0,25.0,6.0,5.0,31.88915949115106,0.0,47.0,3.463974486081852,1.0729403072635897,1.0,5.0,44.670079066265075,3.0,1.0,0.0,44.0,0.0,1.0,0.0,0.0,0.0,0.0,1.0,0.0,0.0,0.0,0.0,Good
93.0,305.0,24.0,129.1841515092724,18.582034630918496,0.0,0.0,100.0,48.98872896843568,7.188323591134756,8.0,19.0,0.15390975733358392,11.0,23.0,0.0,0.0,1.0,42.475471413019804,1.0,-0.04526589244284751,-0.14403734474930063,17.0,1.0,0.0,0.0,0.0,0.0,0.0,1.0,0.0,1.0,0.0,0.0,Good
66.0,126.93159502369411,16.0,66.0,8.0,2.6813475058066922,2.0,78.0,64.0,6.0,2.0,9.0,0.0,56.0,0.0,3.0,2.8748337570750992,60.0,12.0,2.0,1.0,0.7141248675619964,100.0,0.0,0.0,0.0,0.0,0.0,0.0,0.0,0.0,0.0,0.0,0.0,Bad
77.0,268.0,51.0,51.0,1.0,0.0,0.0,100.0,43.928122064538314,7.0,8.0,6.612430004800277,0.0,0.0,3.397633805616785,1.0,0.0,8.0,29.993757833245276,1.0,0.32213556981817426,-0.6465807986810463,100.0,1.0,0.0,0.0,0.0,1.0,0.0,1.0,0.0,1.0,1.0,0.0,Good
75.7208707592798,251.87884403549845,4.0,97.0,35.0,1.0,0.7086206735635218,85.43707193442177,29.0,6.0,2.0,37.0,1.5839951607242715,49.0,0.0,0.0,0.0,6.0,49.0,2.0,2.0,1.0,57.0,0.0,0.0,0.0,0.0,0.0,0.0,0.0,0.0,0.0,0.0,0.0,Good
59.0,28.0,5.0,17.303220049503004,11.0,0.1583300154808649,0.0,93.57959105511634,29.65428823029501,6.270187521051433,8.0,12.261138101279444,3.0,64.0,0.0,0.0,0.01321666109789052,106.0,98.0,2.0,3.0,1.0,100.0,1.0,0.0,0.0,0.0,0.0,0.0,0.0,0.0,0.0,0.0,0.0,Bad
80.0,335.0,15.0,146.0,28.0,0.15448781478117146,0.08055423472075651,100.0,39.71962924215234,7.0,8.0,28.0,0.0,18.0,14.0,0.0,0.0,34.0,75.0,9.0,1.9498248275405405,1.0,65.0,1.0,0.0,0.0,0.0,0.0,0.0,0.0,0.0,0.0,0.0,0.0,Bad
78.91978147630007,210.0,6.0,85.0,33.05007104165438,0.0,0.0,100.0,36.31589935641483,7.0,8.0,39.0,1.0,19.0,3.6313813835237867,1.0404049988942787,1.0,30.0,53.0,3.0,2.0,1.225660005677724,31.0,1.0,1.0,0.0,0.0,0.0,0.0,0.0,0.0,0.0,0.0,0.0,Good
62.0,238.85584913060973,13.0,93.0,23.0,1.1454883735473773,1.0,88.0,5.0,4.0,6.0,24.0,1.0121826702593104,19.540131073794445,0.0,0.05794400748845884,0.0,75.0,59.54939000117774,10.0,2.0,5.0,71.0,0.0,0.0,0.0,0.0,0.0,0.0,1.0,0.0,0.0,0.0,0.0,Good
62.0,63.68487375652613,8.0,32.0,5.0,1.0,0.0,83.0,11.0,3.0,5.0,0.0,2.0,50.0,1.0,3.0,2.8828006014954877,37.0,75.0,3.0,1.0,0.34879413137214144,100.0,0.0,0.0,1.0,0.0,0.0,0.0,0.0,0.0,0.0,0.0,0.0,Bad
68.0,90.0,4.0,44.21321872867364,14.0,1.803017479971765,1.0,88.0,62.0,6.121131531480522,2.0,16.0,1.0,75.0,1.6802884000294784,1.0,1.0,55.0,80.38990215206077,2.0,11.0,1.0,93.0,0.0,1.0,0.0,0.0,0.0,0.0,0.0,0.0,0.0,0.0,0.0,Good
58.0,204.01510848770192,-1.1091097961228122,66.0,39.0,9.0,2.0,64.95808898834052,22.0,0.0,5.0,50.33861846744257,3.0,44.0,0.0,3.0,3.0,95.0,78.0,5.0,4.0,3.0,100.0,0.0,0.0,0.0,0.0,0.0,0.0,0.0,0.0,0.0,0.0,0.0,Bad
59.0,69.0,12.68369145985347,39.0,4.0,3.0,3.0,80.0,57.0,6.0,2.0,6.0,0.0,20.0,0.0,1.1246392335165019,1.0620372719791507,99.0,68.42105096033589,1.0,0.16422571187846358,2.0673533667465938,67.0,0.0,0.0,0.0,0.0,0.0,0.0,1.0,0.0,0.0,0.0,0.0,Bad
63.0,41.0,13.400679701711777,50.84800770139239,17.0,0.0,0.0,84.70796525479881,4.0,4.3950336727308414,6.0,16.299096654205716,0.0,29.0,2.2768061295591315,1.0,1.0,36.0,61.40861953435606,2.0,1.0,2.0,43.0,0.0,1.0,0.0,0.0,0.0,0.0,1.0,0.0,0.0,0.0,0.0,Good
77.0,218.0,17.0,116.0,28.0,0.09807050503460424,-0.030318298030142687,97.0,25.0,6.0,6.0,29.0,0.0,31.0,0.0,0.0,0.0,6.0,86.0,6.0,2.916536747584839,1.0,69.0,0.0,0.0,0.0,0.0,0.0,0.0,0.0,0.0,0.0,0.0,0.0,Good
72.0,180.0,9.0,71.0,29.0,0.0,0.0,93.15731897482239,31.0,5.463879355574215,6.0,32.0,2.273687014471305,59.0,10.0,1.0,0.0,35.0,83.0,5.0,3.0,0.0,67.0,0.0,0.0,0.0,0.0,0.0,0.0,0.0,0.0,0.0,0.0,0.0,Good
60.0,156.28602522745055,6.0,45.0,39.0,0.0,0.0,95.0,6.0,4.0,6.0,39.0,3.0,18.0,0.0,1.0,0.9694790441845949,27.0,68.97315682578788,7.0,6.0,2.0804524328066427,42.0,0.0,0.0,0.0,0.0,0.0,0.0,0.0,0.0,0.0,0.0,0.0,Good
76.0,333.0,7.887414889016551,101.40095026473786,25.0,0.06598016784750094,0.0,100.0,37.37467249760326,7.0,8.0,25.0,2.0,36.0,10.0,0.0,0.0,40.0,70.0,6.0,4.0,1.8261537377807917,69.0,1.0,0.0,0.0,0.0,0.0,0.0,0.0,0.0,0.0,0.0,0.0,Bad
70.0,158.0,7.0,77.0,25.0,0.0,-0.07617582418129264,96.0,21.0,6.0,6.0,24.772598653707643,1.0,12.0,2.288768605543073,2.0,1.9256371541805817,15.0,64.40412819174337,8.0,1.0,1.0,67.0,0.0,1.0,0.0,0.0,0.0,0.0,1.0,0.0,0.0,0.0,0.0,Good
89.0,202.9650933239122,5.0,60.0,44.0,0.0,0.0,109.38280046347927,47.18516580353159,6.0,7.0,56.0,3.0,79.0,3.141869042511819,3.0,3.0,2.0,77.08322330590012,1.0,4.0,-0.7770562081252148,63.0,1.0,1.0,0.0,0.0,0.0,0.0,0.0,0.0,0.0,0.0,0.0,Good
66.0,212.60154046208157,-0.343341945505383,70.0,37.0,1.0,0.0,78.0,5.0,4.0,5.0,40.0,4.0,50.0,0.0,2.0,2.0,1.0,78.0,4.0,3.0,0.0,39.0,0.0,0.0,0.0,0.0,0.0,0.0,0.0,0.0,0.0,0.0,0.0,Bad
59.0,25.0,1.0,13.040930696167592,7.0,0.04638155369078678,0.0,100.0,26.13788591869846,7.0,8.0,7.515495445525051,3.0,22.0,-0.21427728559975145,3.0,3.0,73.0,77.90390309976483,2.0,1.0,1.0,50.0,1.0,1.0,0.0,0.0,0.0,0.0,1.0,0.0,0.0,0.0,0.0,Bad
85.0,231.0,4.0,90.0254219896455,14.0,1.0,0.7276195862543646,93.0,67.0,6.0,5.0,15.0,1.0,20.0,0.0,0.0,-0.019620257320009687,0.0,59.0,1.0,1.0,-0.6321716788023801,38.0,0.0,0.0,0.0,0.0,0.0,0.0,0.0,0.0,0.0,0.0,0.0,Bad
86.0,377.0,7.0,155.0,26.0,0.0,0.0,100.0,43.98645441240964,7.0,8.0,29.0,1.096311642324812,14.0,15.0,7.992630322349245e-05,0.0,12.0,57.22318643339605,8.0,1.0,0.0,75.0,1.0,0.0,0.0,0.0,0.0,0.0,1.0,0.0,0.0,0.0,0.0,Good
70.0,185.7999613059668,6.0,66.0,26.438719653004508,3.0,2.312214839001072,100.0,32.018235310269574,7.0,8.0,37.0,2.7269643485201502,41.0,2.570050891455361,1.0,1.0,1.0,72.0,1.0,3.8450742850465947,0.0,71.0,1.0,1.0,0.0,0.0,0.0,0.0,0.0,0.0,0.0,0.0,0.0,Bad
75.0,258.0,2.0,79.0,21.0,1.0,0.8533994566543411,96.0,41.0,6.0,2.0,24.0,4.0,32.47076810226653,2.0,1.0,1.0,3.0,62.0,2.0,2.0,0.0,45.0,0.0,0.0,0.0,0.0,0.0,0.0,0.0,0.0,0.0,0.0,0.0,Bad
87.0,152.0,17.0,83.12870254129696,21.0,0.0,0.0,100.0,46.46264342164187,6.952563546507838,8.0,21.0,0.0,62.0,16.0,0.0,0.0,4.0,78.0,2.0,2.0,0.0,67.0,1.0,0.0,0.0,0.0,0.0,0.0,0.0,0.0,0.0,0.0,0.0,Good
84.0,268.0,10.0,93.0,15.0,0.0,0.0,100.0,43.264884413764264,7.0,8.0,15.0,1.0,33.0,0.0,1.0,1.0,1.0,50.0,2.0,2.0,0.0,71.0,1.0,0.0,0.0,0.0,0.0,0.0,0.0,0.0,0.0,0.0,0.0,Good
58.0,132.0,13.0,61.0,11.0,3.0,2.0784507902958294,71.0,2.0,4.0,4.0,14.0,0.0,29.0,1.9966239134190569,1.038735963861797,1.0,57.0,60.75731543303871,3.0,1.0,1.0,83.0,0.0,1.0,0.0,0.0,0.0,0.0,1.0,0.0,0.0,0.0,0.0,Bad
56.0,202.0,18.108425448954605,104.0,18.697627290795282,1.803174492503576,1.0,68.0,2.0,1.0,3.0,19.0,0.0,11.0,0.0,3.0,3.0,59.0,52.382833561992456,6.0,1.0,2.247919296037089,58.0,0.0,0.0,0.0,0.0,0.0,0.0,1.0,0.0,0.0,0.0,0.0,Bad
89.0,265.0,10.0,99.0,22.0,0.08484961375893052,-0.014609209137820711,100.0,50.373945373480325,7.442672917133098,8.0,37.0,1.0,36.0,0.0,1.0,1.0,5.0,72.0,3.0,4.0,0.0,58.0,1.0,0.0,0.0,0.0,0.0,0.0,0.0,0.0,0.0,0.0,0.0,Good
69.0,144.0,4.0,75.0,38.0,1.0,1.0,100.0,30.202841619160125,7.0,8.0,13.0,3.340840455192011,21.0,1.7360929884202077,2.076955583354315,2.0,11.0,98.0,6.0,2.0,0.0,50.0,1.0,1.0,0.0,0.0,0.0,0.0,0.0,0.0,0.0,0.0,0.0,Bad
75.28330051924146,52.0,3.0,17.0,10.0,0.0,-0.004138942119709915,100.0,40.37712806846966,6.875721037889163,8.0,10.0,6.0,60.0,0.0,4.0,4.0,4.0,81.33368799476702,1.0,5.0,0.0,75.0,1.0,0.0,0.0,0.0,0.0,0.0,0.0,0.0,0.0,0.0,0.0,Bad
67.0,434.0,7.0,99.0,20.0,-0.06224051524708463,-0.036211606415889386,100.0,37.02816454051185,7.0,8.0,20.0,3.0,5.0,0.0,4.0,3.8873072991489757,83.0,64.84727658597133,8.0,0.5270720502850429,6.0,57.0,1.0,0.0,0.0,0.0,0.0,0.0,1.0,0.0,1.0,0.0,0.0,Bad
90.0,131.0,22.0,90.0,14.0,0.0,0.0,101.51686585144094,49.60404309230924,7.0,8.0,15.0,0.0,50.0,4.439688275385572,0.030540188422128876,0.0,2.0,56.0918076965716,1.0,1.0,0.0,50.0,1.0,1.0,0.0,0.0,0.0,0.0,1.0,0.0,0.0,0.0,0.0,Bad
57.0,221.0,5.0,97.0,63.0,1.0,0.5903544306797881,91.0,5.0,4.0,5.0,63.86185441524228,4.693403939217867,53.0,-0.5371618220223553,7.135787241561734,7.0,32.0,4.0,10.0,10.0,0.0,71.0,0.0,1.0,0.0,0.0,0.0,0.0,0.0,0.0,0.0,0.0,0.0,Bad
76.0,134.0,9.0,72.0,6.0,0.0,0.0,86.0,14.0,6.0,6.0,7.0,1.0,29.0,4.02827539677067,0.0,0.0,55.0,10.0,2.0,1.0,0.0,60.0,0.0,0.0,0.0,0.0,1.0,0.0,0.0,0.0,0.0,0.0,0.0,Good
83.0,265.0,3.0,90.0,17.0,0.0,0.0,100.0,46.25078916158469,7.0,8.0,19.103830641055733,2.0,18.0,4.0,1.0,1.0,18.0,68.15532949458688,4.0,1.1705262436048867,0.0,75.0,1.0,0.0,0.0,0.0,0.0,0.0,1.0,0.0,0.0,0.0,0.0,Good
62.0,206.0,4.0,64.10558909748872,18.0,0.0,0.0,78.0,34.0,5.678131440118595,6.0,21.423781717251742,3.0,67.0,0.0,4.094615583388335,4.0,73.0,57.0,4.0,3.734117060131072,1.0,100.0,0.0,0.0,0.0,0.0,0.0,0.0,0.0,0.0,0.0,0.0,0.0,Bad
60.57014038891205,201.75199541935982,13.0,84.0,23.0,0.0,-0.023694830939531786,96.0,1.0,4.0,6.0,24.0,0.0,42.0,0.0,0.0,0.0,81.0,68.0,4.0,3.2374852057643975,3.0,89.0,0.0,0.0,0.0,0.0,0.0,0.0,0.0,0.0,0.0,0.0,0.0,Bad
67.0,193.01064678131937,17.0,83.0,29.0,1.0,0.7792776578595179,93.0,74.0,6.0,5.0,28.0,0.0,20.716424969767857,17.0,0.026460393830024107,0.0,72.0,61.244399625941426,7.0,1.0,3.0,67.0,0.0,0.0,0.0,0.0,0.0,0.0,1.0,0.0,0.0,0.0,0.0,Bad
72.0,113.0,10.0,77.0,21.0,5.0,5.0,73.0,36.0,6.0,2.0,26.0,1.0,15.0,0.0,2.0,2.0,4.0,63.20543748945204,2.0,1.0,-0.7405936835863027,60.0,0.0,0.0,0.0,0.0,0.0,0.0,1.0,0.0,0.0,0.0,0.0,Bad
68.0,144.0,12.0,68.0,22.95658620349052,2.0,1.0,85.0,6.0,3.665847329149151,2.0,28.0,0.0,15.0,0.0,1.0,1.0,38.0,28.0,8.0,1.0,0.0,83.0,0.0,0.0,0.0,0.0,0.0,0.0,0.0,0.0,0.0,0.0,0.0,Bad
67.09072752236992,168.0,1.0,93.0,21.0,1.0,0.0,79.0,6.0,3.0,5.0,24.0,1.0,8.0,2.2881744867069496,2.0,1.935033881855627,26.0,65.09068663038991,5.0,1.0,0.0,38.0,0.0,1.0,0.0,0.0,0.0,0.0,1.0,0.0,0.0,0.0,0.0,Bad
71.0,281.0,16.0,104.45241043842996,38.0,0.0,0.0,97.0,60.0,6.0,6.0,39.0,0.0,5.0,0.0,2.0,2.0,18.0,58.710886068402836,11.0,1.0,2.0,48.0,0.0,0.0,0.0,0.0,0.0,0.0,1.0,0.0,0.0,0.0,0.0,Good
80.0,335.0,29.0,187.0,20.802904625398124,0.08742298357820344,0.0,100.0,39.34766710268008,7.0,8.0,19.561319609618224,0.0,11.451545215365403,0.0,4.0,3.0,51.0,39.58434850111091,1.0,-0.10426871399497456,1.6761843587754623,20.0,1.0,0.0,0.0,0.0,0.0,0.0,1.0,0.0,1.0,0.0,0.0,Good
70.0,171.78530675619356,6.0,67.0,19.0,0.0,-0.046846630783148574,95.0,57.0,6.0,6.0,19.97082337523962,3.0,45.0,0.0,0.0,0.0,52.0,78.0,2.0,3.0,2.0,63.0,0.0,0.0,0.0,0.0,0.0,0.0,0.0,0.0,0.0,0.0,0.0,Bad
85.0,251.0,5.0,80.0,45.0,0.0,-0.09235200701049628,98.0,43.0,6.434344048744247,6.0,48.0,3.0,17.0,0.0,1.0,1.0,3.0,67.95576033666953,2.0,1.0,-0.13301539110287308,20.0,0.0,0.0,0.0,0.0,0.0,0.0,1.0,0.0,0.0,0.0,0.0,Good
58.0,315.0,10.0,78.0,10.0,0.0,0.0,64.0,3.0,4.0,6.0,15.627313012775055,1.0,64.0,2.0,3.0,3.0,78.0,77.0,2.0,2.0,1.0,100.0,0.0,0.0,0.0,0.0,0.0,0.0,0.0,0.0,0.0,0.0,0.0,Bad
80.0,150.13053800665347,4.0,61.0,16.95229023487795,0.0,0.0,93.0,20.0,5.410417340368168,6.0,9.744557112140505,1.5570481194625296,50.0,4.0,4.0,2.0,3.0,49.0,1.0,3.0,0.0,67.0,0.0,0.0,1.0,0.0,0.0,0.0,0.0,0.0,0.0,0.0,0.0,Good
64.11637357244643,263.1557908517456,8.0,88.0,49.22920050151069,0.0,0.0,95.0,10.0,4.0,6.0,59.0,2.5459060518140655,34.0,3.332911586666484,1.0,1.0,54.0,59.0,6.0,4.0,3.0,61.0,0.0,1.0,1.0,0.0,0.0,0.0,0.0,0.0,0.0,0.0,0.0,Good
65.0,146.0,2.0,56.89929615152806,17.007067024390498,3.0,3.0,77.0,21.0,6.0,2.0,26.0,1.0,58.0,0.0,2.0,2.0,4.0,60.0,1.0,3.0,-0.766042743803153,80.0,0.0,0.0,0.0,0.0,0.0,0.0,0.0,0.0,0.0,1.0,0.0,Bad
68.06629803053262,32.0,20.0,60.0,20.0,0.0,0.0,86.0,3.0,4.0,6.0,18.03419630788883,0.0,19.0,8.0,0.0,0.0,22.0,85.0,3.0,2.0,0.0,56.0,0.0,0.0,0.0,0.0,0.0,0.0,0.0,0.0,0.0,0.0,0.0,Good
70.0,150.0,26.0,165.0,20.5030259966472,0.20181160915690155,0.0,95.0,1.0,4.0,6.0,10.0,0.0,25.527259470630604,1.0,3.0,3.0,7.0,42.948501819179256,4.0,2.0,0.8444945178797898,46.0,0.0,0.0,0.0,0.0,0.0,0.0,1.0,0.0,0.0,0.0,0.0,Good
64.0,65.0,5.0,40.0,14.0,1.0,1.0,93.0,55.0,6.0,2.0,15.0,1.0,20.0,0.0,3.0,2.8705648348337145,92.0,9.0,9.0,2.0,2.0,100.0,0.0,0.0,0.0,0.0,0.0,0.0,0.0,0.0,0.0,0.0,0.0,Bad
83.0,135.0,9.0,72.0,24.91673838592661,0.0,0.0,100.0,39.63563188862534,6.0,7.0,27.0,1.0,48.0,3.0,1.0,1.0,16.0,75.0,1.0,3.0,0.0,44.0,1.0,0.0,0.0,0.0,0.0,0.0,0.0,0.0,0.0,0.0,0.0,Good
74.0,304.0,7.26133732379223,78.0,18.0,0.0,0.0,89.0,15.0,6.0,6.0,23.0,1.9428764002770178,53.0,3.0,2.0,2.0,7.0,54.0,3.0,3.0,0.0,67.0,0.0,0.0,0.0,0.0,0.0,0.0,0.0,0.0,0.0,0.0,0.0,Good
76.12400836861553,349.0,3.0,77.0,36.0,0.0,0.0,97.0,21.0,6.0,6.0,7.0,1.0,22.0,0.0,1.0,0.9160867137270219,4.0,56.0,4.0,2.0,0.0,46.0,0.0,0.0,0.0,0.0,0.0,0.0,0.0,0.0,0.0,0.0,0.0,Bad
61.963275263426155,377.0,5.0,113.91232432206486,24.0,3.0,2.0,92.0,15.0,6.0,2.0,26.0,2.0,27.0,11.0,0.0,0.0,70.0,76.0,9.0,2.6000430568620194,4.0,68.0,0.0,0.0,0.0,0.0,0.0,0.0,0.0,0.0,0.0,0.0,0.0,Bad
65.0,519.0,4.977081850706824,87.0,16.540154151006973,0.0,0.0,85.15024378673914,8.0,4.0,6.0,24.0,1.0,33.0,1.0,2.0,1.9296022336948526,65.0,64.63680302226399,4.0,1.0,1.0,83.0,0.0,0.0,0.0,0.0,0.0,0.0,1.0,0.0,0.0,0.0,0.0,Bad
82.0,200.0,12.268840786790744,64.0,16.80121701078749,0.0,0.0,100.0,43.21918504259213,7.0,8.0,18.896232480233127,1.0,5.0,2.721190800473719,2.014932455284411,2.0,10.0,60.5698727003486,5.0,0.4503428928244091,0.7021118563359221,50.0,1.0,1.0,0.0,0.0,0.0,0.0,1.0,0.0,1.0,0.0,0.0,Good
70.0,261.0,2.0,63.0,19.0,0.08333921779481956,0.09181685645827775,100.0,34.11802616964485,7.0,8.0,21.0,1.0,25.0,2.6401925561932935,1.0,1.0,60.0,62.0,5.0,3.0,3.0,73.0,1.0,1.0,0.0,0.0,0.0,0.0,0.0,0.0,0.0,0.0,0.0,Bad
74.64243372802193,201.3171850809353,14.991872240019607,87.0,12.0,0.0,0.0,92.0,9.0,4.483144512242459,6.0,14.0,0.0,31.741048334121913,3.9379603255106175,0.0,0.0,1.0,56.26394234237759,3.0,1.0,0.0,67.0,0.0,1.0,0.0,0.0,0.0,0.0,1.0,0.0,0.0,0.0,0.0,Good
60.0,49.0,1.0573468913331716,16.661350865966334,16.0,0.0,0.07185485175170253,100.0,25.261146840593028,7.0,8.0,16.0,3.0,31.0,0.0,1.0,0.9969751161896029,40.0,82.0,6.0,2.9221396838552307,0.0,90.0,1.0,0.0,0.0,0.0,0.0,0.0,0.0,0.0,0.0,0.0,0.0,Bad
76.0,219.0,5.0,101.0,35.0,0.0,0.0,104.13845095209572,38.36578442807314,5.0,7.0,35.0,1.0,51.0,3.487962496043131,1.0414810437152489,1.0,91.0,96.0,3.0,3.5863198539874883,3.0,78.0,1.0,1.0,0.0,0.0,0.0,0.0,0.0,0.0,0.0,0.0,0.0,Bad
62.25806509010495,170.0,1.0,59.407901569394525,18.08133169953004,0.0,-0.1997016252938471,87.10566323473192,20.0,6.0,6.0,15.0,2.2246612984718945,32.52600210262595,0.0,0.0,0.0,86.0,89.0,4.0,2.2062701484235903,2.0,58.0,0.0,0.0,0.0,0.0,0.0,0.0,0.0,0.0,0.0,0.0,0.0,Bad
87.0,240.0,8.0,115.0,15.518910412487212,0.0,0.0,100.0,45.50135300883511,7.0,8.0,12.0,1.0,58.0,7.0,0.0,0.0,1.0,91.0,1.0,3.0,0.0,67.0,1.0,0.0,0.0,0.0,0.0,0.0,0.0,0.0,0.0,0.0,0.0,Good
64.0,86.0,6.9300356253627236,54.0,7.0,2.1864595226533905,1.6215163446713827,78.0,24.0,5.0,2.0,9.0,1.0,40.24651309060424,7.0,0.0,0.0,48.0,94.0,2.0,1.0,0.9813410417152217,50.0,0.0,0.0,0.0,0.0,0.0,0.0,0.0,0.0,0.0,1.0,0.0,Bad
57.0,60.0,35.0,46.0,4.0,5.0,5.0,75.0,42.0,6.0,6.0,7.549586801522031,0.0,50.0,0.0,1.0,1.0,9.0,93.0,2.0,2.928320916513752,0.0,100.0,0.0,0.0,0.0,0.0,0.0,0.0,0.0,0.0,0.0,0.0,0.0,Bad
55.0,77.0,2.0,13.16894064521999,5.0,2.0,2.0,100.0,36.22137081221038,7.0,8.0,8.0,2.0,67.0,0.0,2.0,1.9167843665046338,94.0,190.0,2.0,4.0,2.4825997794979635,100.0,1.0,0.0,0.0,0.0,0.0,0.0,0.0,0.0,0.0,1.0,0.0,Bad
87.0,264.0,11.849489889819235,138.0,41.702274556737805,0.0,0.0,100.0,44.38494279138729,7.0,8.0,60.0,1.3970946881662232,17.0,8.0,0.010285064022330724,0.0,4.0,82.0,1.0,2.0,0.0,57.0,1.0,0.0,0.0,0.0,0.0,0.0,0.0,0.0,0.0,0.0,0.0,Good
83.0,347.0,7.0,137.0,24.0,0.0,0.0,100.0,39.23636941565968,7.0,8.0,25.3571200642012,1.0,21.0,4.0,2.0,2.0,4.0,60.43555812032294,3.0,1.2811200583706714,0.23356245290517474,56.0,1.0,0.0,0.0,0.0,0.0,0.0,1.0,0.0,0.0,0.0,0.0,Good
77.0,154.0,1.2472331456040173,55.0,31.0,0.0,0.0,100.0,38.83727741629687,7.0,8.0,32.0,6.0,63.0,2.0,2.0,1.0,26.0,74.0,5.0,14.0,0.0,86.0,1.0,0.0,0.0,0.0,0.0,0.0,0.0,0.0,0.0,0.0,0.0,Bad
74.0,186.0,5.0,70.80215638417745,16.0,0.0,0.0,100.0,41.65606235721765,7.0,8.0,16.0,1.0,44.0,0.0,2.0,2.0,83.0,39.0,2.0,3.0,1.0,71.0,1.0,0.0,0.0,0.0,0.0,0.0,0.0,0.0,0.0,0.0,0.0,Good
78.0,265.2192296591027,2.0,91.67105284490583,41.169379124125015,0.0,0.0,98.0,59.0,6.551451656224505,6.0,41.0,3.0,14.45170810978338,11.0,0.028472957486329317,0.0,2.0,51.0,11.0,3.0,0.0,54.0,0.0,0.0,0.0,0.0,0.0,0.0,0.0,0.0,0.0,0.0,0.0,Bad
91.0,241.1998546294784,16.580525767608826,103.0,15.0,0.0,0.0,100.0,49.730785815461786,7.456464052427855,8.0,15.492086537162454,0.0,23.69020740835521,4.635001346578775,0.025644680981902222,0.0,2.0,55.04154635297355,1.0,1.0,0.0,29.0,1.0,1.0,0.0,0.0,0.0,0.0,1.0,0.0,0.0,0.0,0.0,Good
82.0,151.0,4.0,66.0,10.0,1.0,0.7283957628873858,91.0,51.0,6.0,5.0,13.0,2.0,23.0,10.0,0.08310245253366413,0.0,0.0,68.6850191524286,0.0,0.11017271225854736,-0.8528112970902235,33.0,0.0,0.0,0.0,0.0,0.0,0.0,1.0,0.0,0.0,1.0,0.0,Good
68.0,198.0,4.151421190549545,78.91584865198172,37.0,0.0,0.0,97.0,18.0,5.296895023171492,6.0,37.0,2.0,32.88100470238501,0.0,8.0,8.0,54.0,65.0,6.0,3.0,2.205523557272629,56.0,0.0,0.0,0.0,0.0,0.0,0.0,0.0,0.0,0.0,0.0,0.0,Bad
69.58676415830934,168.0,3.0,21.0,3.0,0.9059102875926652,1.0,100.0,40.23392327865358,7.0,8.0,9.0,1.0,67.0,2.1785989525080605,1.0,1.0,75.0,42.0,1.0,2.0,1.0,100.0,1.0,1.0,0.0,0.0,0.0,0.0,0.0,0.0,0.0,0.0,0.0,Bad
78.0,327.0,3.0,100.0,21.103414364907504,0.013261903190310065,0.0,100.0,28.883199070173532,6.194318431247632,8.0,12.0,1.8246643753614813,24.0,20.0,0.0,0.0,12.0,70.0,4.0,3.0,2.0,30.0,1.0,0.0,0.0,0.0,0.0,0.0,0.0,0.0,0.0,0.0,0.0,Good
92.0,213.0,74.0,131.0,9.272865437304688,0.0,0.0,100.0,55.9864988828449,7.263945331731312,8.0,10.0,-1.972590558766833,35.537625098574374,5.160294953958504,0.0,0.0,1.0,9.94692881425501,1.0,1.0,0.0,67.0,1.0,0.0,0.0,0.0,1.0,0.0,1.0,0.0,0.0,0.0,0.0,Good
69.0,218.0,5.1502113125213995,52.0,28.0,0.4055569834214836,0.3395012147055748,97.0,54.0,6.0,6.0,29.0,1.0,41.0,0.0,5.0,5.0,35.0,74.88452711879168,5.0,2.0,1.0,70.0,0.0,0.0,0.0,0.0,0.0,0.0,1.0,0.0,0.0,0.0,0.0,Bad
71.64144208814767,182.0,17.0,84.52389344989479,12.0,1.0,0.5797970495417222,85.0,23.0,6.0,5.0,13.0,0.0,38.0,16.0,0.0064984518000621334,0.0,37.0,88.0,4.0,2.0,0.0,86.0,0.0,0.0,0.0,0.0,0.0,0.0,0.0,0.0,0.0,0.0,0.0,Good
59.0,162.0,5.0,85.0,19.0,0.0,0.0,85.0,2.0,4.3978777877217565,6.0,19.370746034509292,2.0,35.0,0.0,0.0,0.0,89.0,68.8794965827936,8.0,1.0,3.236191719582852,90.0,0.0,0.0,0.0,0.0,0.0,0.0,1.0,0.0,0.0,0.0,0.0,Good
63.0,201.0,9.0,82.0,37.0,0.0,0.0,84.0,1.0,4.0,6.0,38.0,1.0,26.0,0.0,0.0,-0.022631891411876298,36.0,62.87170521800985,7.0,1.708680792854087,2.0,40.0,0.0,0.0,0.0,0.0,0.0,0.0,1.0,0.0,0.0,0.0,0.0,Bad
87.0,213.0,5.0,90.0,15.0,0.0,0.0,100.0,48.299029133011885,7.0,8.0,15.645406455556,1.5409383526497544,27.0,0.0,1.0,1.0,3.0,67.87562851969156,4.0,0.9341244362216761,0.0,56.0,1.0,0.0,0.0,0.0,0.0,0.0,1.0,0.0,0.0,0.0,0.0,Bad
81.0,222.0,6.0,85.0,39.0,0.0,0.0,100.0,40.38919608784073,7.0,8.0,40.0,3.0,45.0,1.0,2.0,2.0,16.0,70.4759491710879,3.0,2.0,0.0,38.0,1.0,0.0,0.0,0.0,0.0,0.0,0.0,0.0,0.0,0.0,0.0,Good
76.0,384.0,6.0,87.0,23.36342601409675,1.0,1.0,86.62871111409912,32.0,6.0,3.0,27.0,2.0,26.0,3.799473574713741,0.0,0.0,4.0,64.55295859001542,4.0,1.4560967582958069,0.0,45.0,0.0,1.0,0.0,0.0,0.0,0.0,1.0,0.0,0.0,0.0,0.0,Bad
78.10028649055685,202.0,44.0,147.0,5.0,0.0,0.0,100.0,50.985408761749056,7.0,8.0,5.0,0.0,0.0,0.0,1.0,0.0,77.0,32.15283160682536,3.0,0.028361293908054308,1.0,100.0,1.0,0.0,0.0,0.0,0.0,0.0,1.0,0.0,1.0,0.0,0.0,Bad
75.0,210.0,1.0,63.0,39.0,0.0,0.0,100.0,34.77168612611348,7.0,8.0,44.0,3.1559848989661026,36.0,1.0,2.0,2.0,16.0,67.0,4.0,3.8024115182124376,1.0,60.0,1.0,0.0,0.0,0.0,0.0,0.0,0.0,0.0,0.0,0.0,0.0,Good
87.0,195.0,70.0,207.0,20.0,0.0,-0.0015532197821372384,100.0,45.06216868736996,7.0,8.0,21.0,0.0,19.30153806414316,5.095817451391998,0.02770371245495895,0.0,11.0,7.2421427200542325,2.0,0.7021897323272162,0.0,50.0,1.0,1.0,0.0,0.0,0.0,0.0,1.0,0.0,1.0,0.0,0.0,Good
80.0,174.0,19.0,94.0,20.0,0.0,-0.01517085346538899,100.0,48.88177844619679,7.0,8.0,20.0,0.0,25.0,0.0,1.0,1.0,55.0,61.0,7.0,2.2565693939985723,1.0,90.0,1.0,0.0,0.0,0.0,0.0,0.0,0.0,0.0,0.0,0.0,0.0,Bad
60.0,130.0,1.0,48.0,11.0,4.8477830883872315,5.0,92.0,38.0,0.0,6.0,12.0,1.0,44.69799594903002,0.0,2.0,2.0,74.0,80.36803299263667,4.0,1.0,1.0,100.0,0.0,0.0,0.0,0.0,0.0,0.0,0.0,0.0,0.0,0.0,0.0,Bad
81.26658343688922,174.0,7.563268198560326,74.0,25.0,0.003326116029125803,0.0,100.0,42.901686311890245,7.0,8.0,26.0,1.0,23.0,5.0,0.0,0.0,19.0,77.0,2.0,3.0,0.17378851432781728,67.0,1.0,0.0,0.0,0.0,0.0,0.0,0.0,0.0,0.0,0.0,0.0,Good
80.0,191.40682895170417,2.0,72.97168249158489,17.0,0.0,0.0,100.0,49.914127168753055,7.0,8.0,19.0,2.0,37.0,0.0,1.0,0.9677948196555386,49.0,74.78911880593903,4.0,2.0,1.0,100.0,1.0,0.0,0.0,0.0,0.0,0.0,0.0,0.0,0.0,0.0,0.0,Good
74.02141180926499,255.0,14.0,99.0,29.0,0.0,0.07228290566456741,97.0,33.31770807223501,6.0,6.0,30.864125932033172,0.0,67.0,3.8017411885501393,0.0,0.0,70.0,60.0,2.0,3.0,0.0,71.0,0.0,1.0,0.0,1.0,0.0,0.0,0.0,0.0,0.0,0.0,0.0,Bad
88.0,192.0,2.0,90.0,17.0,0.0,0.0,100.0,47.99230749626682,7.0,8.0,18.0,1.0,33.0,1.0,2.0,2.0,9.0,70.18625647742996,2.0,2.0,0.0,44.0,1.0,0.0,0.0,0.0,0.0,0.0,0.0,0.0,0.0,0.0,0.0,Good
70.32693582939461,201.0,9.0,66.0,37.0,0.0,0.0,97.0,0.0,4.0,6.0,17.0,2.001093914582803,30.0,9.0,0.0,0.0,2.0,46.0,5.0,2.0,1.0,32.0,0.0,0.0,0.0,0.0,0.0,0.0,0.0,0.0,0.0,0.0,0.0,Good
74.02921463978565,306.0,3.0,80.0,22.0,0.0,0.0,100.0,39.63122141094317,7.0,8.0,22.0,1.0,68.0,0.0,2.0,2.0,69.0,81.0,2.0,5.0,1.0,88.0,1.0,0.0,0.0,0.0,0.0,0.0,0.0,0.0,0.0,0.0,0.0,Bad
66.0,290.0,11.0,136.0,20.0,0.0,0.0,85.79385137333428,9.0,4.0,6.0,23.0,1.0,43.0,0.0,2.0,2.0,51.0,65.0,5.0,3.0,2.0,90.0,0.0,0.0,0.0,0.0,0.0,0.0,0.0,0.0,0.0,0.0,0.0,Bad
61.0,229.55426098391612,8.0,95.0,18.0,1.0,0.7684030305220653,82.0,2.0,3.1630981302360093,3.0,22.0,2.0,18.0,0.0,1.1894863081006362,1.1549155949325582,21.0,62.16542533996902,5.0,1.0,0.0,86.0,0.0,0.0,0.0,0.0,0.0,0.0,1.0,0.0,0.0,0.0,0.0,Bad
70.0,243.0,3.0,125.0,31.0,2.0,0.0,88.0,79.0,6.0,5.0,35.0,3.0,18.0,14.0,0.0,0.0,35.0,70.33989449594898,8.0,1.350136976302884,1.0,56.0,0.0,0.0,0.0,0.0,0.0,0.0,1.0,0.0,0.0,0.0,0.0,Bad
54.31737373022961,165.0,8.0,73.56231525934109,30.351086470091392,2.0,1.0,83.0,3.0,1.0,3.0,31.0,1.0,40.0,2.8955928030240234,0.0,0.0,73.0,67.5124332610199,7.0,7.0,3.0,84.0,0.0,1.0,0.0,0.0,0.0,0.0,0.0,0.0,0.0,0.0,0.0,Bad
75.0,179.0,27.0,117.0,20.0,1.509167047056902,1.267975441397081,95.0,13.0,3.8549574206968398,2.0,6.0,0.0,20.89899721890828,3.821729056961385,1.0791611685651805,1.0,14.0,45.3272397726643,6.0,1.0,1.0,54.0,0.0,1.0,0.0,0.0,0.0,0.0,1.0,0.0,0.0,0.0,0.0,Good
61.0,140.66154926114484,-5.56648973636479,39.0,29.390153218353916,0.0,0.0,90.72291011233,10.0,4.0,6.0,32.0,3.8870948341396847,47.0,0.0,4.0,4.0,24.0,102.0,7.0,4.0,1.0,85.0,0.0,0.0,0.0,0.0,0.0,0.0,0.0,0.0,0.0,0.0,0.0,Bad
51.18458475957303,164.0,30.0,66.0,5.0,1.0,0.36861157558640567,50.0,3.0,3.0,5.0,7.0,0.0,33.0,0.0,1.0,1.0,108.0,47.83125609152545,2.0,1.0,1.0,100.0,0.0,0.0,0.0,0.0,0.0,0.0,1.0,0.0,0.0,0.0,0.0,Bad
54.0,469.0,22.0,224.0,20.0,2.0,1.0,73.0,1.0,3.0,3.0,23.0,0.830711180767727,27.330109084010104,0.0,1.0563012592986434,1.0,8.0,47.0,6.0,2.0,1.0,69.0,0.0,0.0,0.0,0.0,0.0,0.0,0.0,0.0,0.0,0.0,0.0,Bad
66.0,75.0,4.0,41.0,24.0,0.0,0.0,100.0,32.13563413600241,7.0,8.0,25.0,2.0,32.0,4.0,2.0,1.939776666876155,54.0,79.0,6.0,4.0,3.0,71.0,1.0,0.0,0.0,0.0,0.0,0.0,0.0,0.0,0.0,0.0,0.0,Good
76.0,88.0,-4.785517068613924,25.0,11.0,0.034895132523549144,0.0,99.92200774506074,38.11807816372854,7.0,8.0,13.0,7.0,36.81107625595659,0.8985296130906573,3.0,3.0,0.0,83.70855904169107,0.0,2.575639831011686,0.0,40.0,1.0,1.0,0.0,0.0,0.0,0.0,0.0,0.0,0.0,0.0,0.0,Bad
66.29000870708293,141.0,1.0,62.0,26.0,1.0,1.0,93.0,15.0,4.134069382217135,2.0,28.0,1.0,11.0,0.0,2.0,0.0,39.0,1.0,5.0,2.0,1.0,50.0,0.0,0.0,0.0,0.0,0.0,0.0,0.0,0.0,0.0,0.0,0.0,Bad
82.0,172.2260513141972,4.0,55.0,24.0,0.0,0.039796978725765875,102.71622741546331,41.22150165568587,7.0,8.0,28.0,2.0,14.0,4.0,1.0,1.0,5.0,58.0,2.0,2.0,1.0,36.0,1.0,0.0,1.0,0.0,0.0,0.0,0.0,0.0,0.0,0.0,0.0,Good
79.01633199025481,138.0,6.076976349610103,67.0,21.0,0.0,0.0,100.0,43.36293163892995,7.0,8.0,22.0,3.0,55.0,0.0,2.0,2.0,15.0,78.0,3.0,3.0,0.0,86.0,1.0,0.0,0.0,0.0,0.0,0.0,0.0,0.0,0.0,0.0,0.0,Good
57.40816629506443,60.0,11.0,26.0,6.0,1.0,0.0,86.0,11.0,3.0,5.0,7.0,1.0,43.0,0.0,0.0,-0.012775726460960188,95.0,69.38436518735878,2.0,1.0,0.0,75.0,0.0,0.0,0.0,0.0,0.0,0.0,1.0,0.0,0.0,0.0,0.0,Good
81.0,165.0,12.0,95.0,17.0,0.0,0.0,98.5062018440778,40.78290772146346,7.0,8.0,18.0,0.0,50.0,0.0,0.0,0.0,21.0,29.0,2.0,3.047007268910784,1.0,80.0,1.0,0.0,0.0,0.0,0.0,0.0,0.0,0.0,0.0,0.0,0.0,Good
84.0,433.0,5.0,136.0,21.0,0.0,0.0,100.0,44.61691940454244,7.0,8.0,23.022424292705676,1.0,33.0,4.229981604863326,0.0,0.0,47.0,87.0,2.0,3.0,0.0,50.0,1.0,0.0,0.0,0.0,1.0,0.0,0.0,0.0,0.0,0.0,0.0,Good
65.61294855517718,298.0,2.0,60.0,28.0,0.0,0.0,88.81223992997528,3.0,4.295511934001917,6.0,29.0,2.0,45.0,0.0,0.0,0.0,31.0,71.79282330086808,6.0,3.0,1.0,69.0,0.0,0.0,0.0,0.0,0.0,0.0,0.0,0.0,0.0,0.0,0.0,Good
66.0,262.0,5.0,51.0,14.0,0.0,-0.20387369250126647,83.0,8.0,4.0,6.0,18.0,3.0,39.0,0.0,0.0,0.0,51.0,84.0,5.0,4.0,1.0,82.0,0.0,0.0,0.0,0.0,0.0,0.0,0.0,0.0,0.0,0.0,0.0,Good
87.0,172.0,17.0,112.0,18.0,-0.21390518465598207,-0.14244301263026232,100.0,47.35070012619349,7.0,8.0,3.0,0.6194124841641813,28.0,4.514336683144842,0.0,0.0,7.0,56.69003511024083,4.0,2.0,0.0,75.0,1.0,1.0,0.0,0.0,0.0,0.0,0.0,0.0,0.0,0.0,0.0,Good
61.0,144.39742215491378,4.0,52.54198757239487,19.0,0.0,0.0,86.92357548897974,5.0,4.0,6.0,19.0,3.0,33.907769688722375,0.0,6.0,5.80377239832064,31.0,86.0,5.0,2.631801526146461,1.0,62.0,0.0,0.0,0.0,0.0,0.0,0.0,0.0,0.0,0.0,0.0,0.0,Bad
70.0,136.0,17.53875118382401,89.0,25.42686252705998,0.0,0.0,96.0,58.0,6.695928552477545,6.0,24.0,0.0,25.0,0.0,0.0,0.0,72.0,49.0,5.0,3.0,2.0,62.0,0.0,0.0,0.0,0.0,0.0,0.0,0.0,0.0,0.0,0.0,0.0,Good
77.65401419590704,270.3014326901021,4.0,98.82585629210432,45.0,1.0,0.8479309282674138,98.0,37.792698127090404,6.0,5.0,46.67025780450858,2.0,34.2329011198137,10.0,0.0,0.0,24.0,95.0,4.0,2.0,0.9006703347837992,44.0,0.0,0.0,0.0,1.0,0.0,0.0,0.0,0.0,0.0,0.0,0.0,Bad
79.0,205.0,12.498601908272388,82.0,15.0,0.0,0.0,93.0,52.0,6.559393921320886,6.0,15.0,1.0,20.0,0.0,0.0,0.0,26.0,62.534875030390765,2.0,1.0,1.0,44.0,0.0,0.0,0.0,0.0,0.0,0.0,1.0,0.0,0.0,0.0,0.0,Good
74.0,167.0,3.0,67.0,23.807027418256066,0.0,0.0,89.0,22.0,6.0,6.0,24.977751541393136,4.0,26.0,6.0,0.0,0.0,12.0,22.0,5.0,3.0,0.19574189732448977,73.0,0.0,0.0,0.0,0.0,0.0,0.0,0.0,0.0,0.0,0.0,0.0,Bad
63.0,206.0,13.0,49.0,17.0,2.5057640038834177,2.0,89.0,29.0,6.0,2.0,20.0,1.7702861508874346,58.0,2.211460427652113,1.0,1.0,99.0,63.0,1.0,6.0,1.0,100.0,0.0,1.0,0.0,0.0,0.0,0.0,0.0,0.0,0.0,0.0,0.0,Bad
66.0,155.74115276794765,6.0,51.0,31.0,0.0,0.0,98.72204709878484,23.76846328314309,5.0,7.0,31.0,4.0,32.0,2.8405415377063856,0.0,0.0,49.0,91.0,8.0,3.0,1.0,79.0,1.0,1.0,0.0,0.0,0.0,0.0,0.0,0.0,0.0,0.0,0.0,Bad
55.0,97.0,15.0,67.40715080850455,6.0,2.0,0.0,40.0,7.0,4.0,5.0,10.0,0.0,20.0,0.0,2.0,2.0,38.0,56.740781010479374,4.0,0.36728682640721,1.0,67.0,0.0,0.0,0.0,0.0,0.0,0.0,1.0,0.0,1.0,0.0,0.0,Bad
75.0,162.0,8.0,93.0,18.0,1.0,1.0,83.65609503804879,25.0,4.411975886027031,2.0,19.0,1.3062361323495075,26.0,0.0,0.0,0.0,19.0,82.0,4.0,3.0,0.0,78.0,0.0,0.0,0.0,0.0,0.0,0.0,0.0,0.0,0.0,0.0,0.0,Good
67.38493059080335,136.0,3.0,24.244906104672644,11.0,0.0,-0.02263276221941951,100.0,39.00929111177226,7.0,8.0,29.0,9.0,32.818971046144874,0.0,13.0,12.618156413418154,27.0,90.0,5.0,2.6230430961376445,0.8926149596243178,64.0,1.0,0.0,0.0,0.0,0.0,0.0,0.0,0.0,0.0,0.0,0.0,Bad
56.0,158.0,13.862897421049503,79.0,12.0,0.0,0.0,83.0,0.0,4.0,6.0,12.0,1.0,17.0,0.0,2.0,2.0,98.0,54.0,4.0,2.1489466197696263,3.0,100.0,0.0,0.0,0.0,0.0,0.0,0.0,0.0,0.0,0.0,0.0,0.0,Bad
75.95813323980963,289.0,7.0,81.0,19.0,0.0,0.0,100.0,40.23583433809023,7.0,8.0,20.0,1.0,30.047922019384977,5.0,0.0,0.0,67.0,55.0,2.0,1.0,1.0,50.0,1.0,0.0,0.0,0.0,0.0,0.0,0.0,0.0,0.0,0.0,0.0,Bad
87.0,65.0,17.0,71.0,10.0,0.0,0.0,100.0,51.311630985918754,7.0,8.0,8.0,0.0,40.0,4.084020985200649,0.0,0.0,12.0,61.363588020064384,4.0,1.0,0.0,83.0,1.0,1.0,0.0,0.0,0.0,0.0,1.0,0.0,0.0,0.0,0.0,Good
65.0,183.0,6.0,72.1483268442775,7.0,1.0,1.0,75.0,60.0,6.114488321339414,2.0,8.0,1.0,50.0,0.0,2.0,1.8518194368324465,103.0,60.0,2.0,2.0,1.8565899072460963,100.0,0.0,0.0,0.0,0.0,0.0,0.0,0.0,0.0,0.0,1.0,0.0,Bad
92.0,300.309609870554,10.0,124.0,16.0,0.0,-0.0019587427693517068,101.50117756214603,51.02991968419815,7.0,8.0,18.0,1.0,17.0,9.0,0.01648113235652182,0.0,1.0,57.99969033940249,2.0,1.0,0.0,50.0,1.0,0.0,0.0,0.0,0.0,0.0,1.0,0.0,0.0,0.0,0.0,Good
57.0,181.15280446677457,12.820767896761936,78.0,17.0,1.0,0.0,67.0,2.0,4.0,5.0,18.0,1.0,67.0,0.0,0.0,0.0,93.0,62.0,3.0,3.0,2.0,86.0,0.0,0.0,0.0,0.0,0.0,0.0,0.0,0.0,0.0,0.0,0.0,Good
72.0,130.0,8.0,55.0,30.0,0.0,0.0,100.0,32.053163465111425,6.0,8.0,32.0,4.0,53.0,0.0,2.0,2.0,39.0,82.0,4.0,7.0,0.0,79.0,1.0,0.0,0.0,0.0,0.0,0.0,0.0,0.0,0.0,0.0,0.0,Good
54.0,324.0,3.0,79.0,22.0,6.0,5.0,70.0,3.0,0.0,2.0,37.0,2.0,49.24691706087309,1.60176353360279,2.0,2.0,12.0,66.0,3.0,4.0,-0.15485076765347427,78.0,0.0,1.0,0.0,0.0,0.0,0.0,0.0,0.0,0.0,0.0,0.0,Bad
75.0,195.0,10.0,84.0,19.0,0.0,0.0,100.0,37.84098303707651,7.0,8.0,19.0,1.0,16.0,7.0,0.0,0.0,33.0,62.49796175557681,3.0,1.2562744365090779,1.0,75.0,1.0,0.0,0.0,0.0,0.0,0.0,1.0,0.0,1.0,0.0,0.0,Good
55.0,343.0,6.0,101.0,46.164976869543565,1.0,1.0,96.0,2.0,1.0,3.0,47.0,2.0,28.0,0.0,1.0,1.0,86.0,67.22132948959701,13.0,7.0,4.526721573953077,84.0,0.0,0.0,0.0,0.0,0.0,0.0,0.0,0.0,0.0,0.0,0.0,Bad
64.02152663978988,151.0,2.0,59.0,20.0,2.501334067696418,1.7692083808793964,77.14331786871807,9.0,4.0,2.0,46.0,3.0,15.0,2.436095988191242,1.0305091175161787,1.0,19.0,68.70830401766922,4.0,1.0,1.0,38.0,0.0,1.0,0.0,0.0,0.0,0.0,0.0,0.0,0.0,0.0,0.0,Bad
68.0,132.0,5.0,43.0,13.0,0.0,0.0,100.0,40.21630371976289,7.0,8.0,13.0,2.0,15.0,0.0,1.0532503853370485,1.0,72.0,72.51109710036194,8.0,1.0,2.9588954528835263,82.0,1.0,0.0,0.0,0.0,0.0,0.0,1.0,0.0,0.0,0.0,0.0,Bad
59.0,302.0,10.0,137.0,30.721620677560214,2.0,1.0,78.10927408284857,2.0,4.0,5.0,39.0,1.0,45.15297549456237,1.0,2.0614510923358376,2.0,50.0,75.0,3.0,3.4913198473463845,1.5130532805612247,70.0,0.0,0.0,0.0,0.0,0.0,0.0,0.0,0.0,0.0,0.0,0.0,Bad
65.0,121.0,11.125540908423428,61.0,29.0,0.0,0.0,90.0,13.0,6.0,6.0,1.0,3.0,45.60819450058376,2.5830117407766555,1.0,1.0,39.0,32.0,4.0,6.0,2.0,69.0,0.0,1.0,0.0,0.0,0.0,0.0,0.0,0.0,0.0,0.0,0.0,Bad
75.85752393780308,265.0,32.0,115.0,7.438892478095502,0.0,0.0,100.0,47.38931730709464,7.0,8.0,11.0,0.0,64.0,3.4487152513970325,0.0,0.0,80.0,50.126636139312964,2.0,1.0,1.6856060126370114,100.0,1.0,0.0,0.0,0.0,1.0,0.0,1.0,0.0,0.0,1.0,0.0,Bad
81.0,181.0,11.0,79.20415390215429,27.066597634862337,0.0,0.0,97.0,35.0,5.0,6.0,36.0,1.4096775715373022,78.0,4.0823914010683,0.0,-0.008103098767373779,0.0,81.0,0.0,2.0,0.0,60.0,0.0,1.0,0.0,0.0,0.0,0.0,0.0,0.0,0.0,0.0,0.0,Bad
78.0,341.0,3.0,94.0,34.0,0.0,0.0,100.0,32.945319994301826,7.0,8.0,34.0,2.0,41.0,2.0,3.0806733183540462,3.0,1.0,69.52128878767743,3.0,2.0,1.0,38.0,1.0,0.0,0.0,0.0,0.0,0.0,1.0,0.0,0.0,0.0,0.0,Good
65.0,119.92650942618474,11.0,53.0,12.0,1.0,1.0,85.0,21.0,6.0,2.0,14.0,1.0,38.0,13.0,0.0,0.0,0.0,85.0,0.0,2.380122028753113,-0.6904631076509053,67.0,0.0,0.0,0.0,0.0,0.0,0.0,0.0,0.0,0.0,1.0,0.0,Bad
88.0,228.0,16.0,70.0,22.0,0.0,0.0,103.45809245428731,48.2862378531066,7.362748934834708,8.0,24.154404580502252,1.4863103310275432,41.0,4.333935930858306,0.0,0.0,0.0,61.221144516336025,1.0,2.0,0.0,38.0,1.0,1.0,0.0,0.0,0.0,0.0,1.0,0.0,0.0,0.0,0.0,Good
72.0,244.0,10.169406391893851,109.0,25.0,0.0,0.0,98.66686425341504,36.86977823348468,7.0,8.0,25.815080714963024,4.0,15.0,0.0,6.0,6.0,46.0,63.1293835545201,5.0,1.0742747077216097,1.0,50.0,1.0,0.0,0.0,0.0,0.0,0.0,1.0,0.0,0.0,0.0,0.0,Bad
59.0,256.0,0.0,86.36927475412483,11.0,1.0,0.07695912796160498,44.0,1.0,4.0,5.0,16.0,1.0,75.0,1.5662485411575484,1.0,1.0,93.0,74.0,3.0,6.0,2.0,90.0,0.0,1.0,0.0,0.0,0.0,0.0,0.0,0.0,0.0,0.0,0.0,Bad
64.28478983869127,379.0,1.228537776202927,110.33330182641693,26.0,3.0,1.0,77.0,4.0,4.0,4.0,37.0,3.0,13.0,1.0,3.0,3.0,21.0,75.0,9.0,2.0,0.0,65.0,0.0,0.0,0.0,0.0,0.0,0.0,0.0,0.0,0.0,0.0,0.0,Good
89.0,291.0,64.0,154.0,32.0,-0.07443982949754924,0.0,101.11658831947005,49.79039133572505,7.0,8.0,35.0,0.0,23.0,1.0,4.0,3.820373000832528,1.0,16.21561619055383,2.0,2.0,0.0,57.0,1.0,0.0,0.0,0.0,0.0,0.0,1.0,0.0,0.0,0.0,0.0,Good
54.0,162.0,10.283989793767969,87.0,24.0,1.0,0.0,85.0,7.0,4.06128021684181,5.0,26.0,1.0,29.061972571572607,0.0,2.0731259092580734,2.0,65.0,70.0,9.0,2.720086783136766,3.2695790539118272,80.0,0.0,0.0,0.0,0.0,0.0,0.0,0.0,0.0,0.0,0.0,0.0,Bad
79.0,76.0,-4.44229278117702,36.0,21.701009949594276,1.0,1.0,95.0,48.0,6.0,3.0,21.0,4.0,50.0,1.4886206968805378,3.0794366902475137,3.0,1.0,96.0,2.0,3.0,-0.674664840060549,50.0,0.0,1.0,0.0,0.0,0.0,0.0,0.0,0.0,0.0,0.0,0.0,Good
72.0,196.1980362037101,4.0,83.0,16.807251516546142,0.0,0.0,93.0,57.0,6.0,6.0,15.0,2.0,43.0,0.0,3.0,3.0,59.0,79.0,4.0,3.0,1.4329983521452236,88.0,0.0,0.0,0.0,0.0,0.0,0.0,0.0,0.0,0.0,0.0,0.0,Bad
61.44000713969892,219.68525375328244,11.0,78.0,34.26667436911025,0.0,0.0,97.0,10.0,4.0,6.0,36.0,2.0,14.0,20.0,0.015005037120230269,0.0,75.0,83.0,9.0,2.0,3.543684766850392,65.0,0.0,0.0,0.0,0.0,0.0,0.0,0.0,0.0,0.0,0.0,0.0,Bad
71.45349224355238,178.0,7.0,76.01782440629789,30.0,0.0,0.06177219265978762,97.0,32.832393603647404,6.0,6.0,30.217349876849642,1.0,23.0,0.0,1.0,0.935370009922277,45.0,88.0,4.0,2.0,3.0,50.0,0.0,0.0,0.0,1.0,0.0,0.0,0.0,0.0,0.0,0.0,0.0,Good
67.0,88.0,3.0,38.0,21.76013528855069,0.0,0.0,95.0,44.0,7.0,6.0,21.0,4.0,33.0,0.0,3.0,3.0,36.0,78.0,3.0,2.0,1.0,50.0,0.0,0.0,0.0,0.0,0.0,0.0,0.0,0.0,0.0,0.0,0.0,Good
80.0,131.0,19.0,67.79876281955083,7.0,0.0,0.0,100.0,49.15311564826658,7.0,8.0,7.0,0.0,71.0,0.0,0.0,0.0,39.41563112668004,74.0,1.0,2.0,0.16567482117530918,100.0,1.0,0.0,0.0,0.0,0.0,1.0,0.0,0.0,0.0,1.0,0.0,Bad
72.0,98.0,7.905611056487611,49.0,11.0,0.11327915825947699,0.0,91.0,16.0,6.0,6.0,11.0,0.0,36.0,4.0,4.0,3.8417821056700188,56.0,66.11084271638192,1.0,2.1869437948179993,0.0,67.0,0.0,0.0,0.0,0.0,0.0,0.0,0.0,0.0,0.0,0.0,0.0,Bad
81.0,190.37260440233817,8.0,68.0,26.0,0.0,-0.12432058353218027,94.15497486998717,40.0,6.1965078964668585,6.0,27.491870542768194,2.3949875339393683,12.0,0.0,2.0,2.0,2.0,64.86081841034746,1.0,0.6759176859470364,0.0,6.0,0.0,0.0,0.0,0.0,0.0,0.0,1.0,0.0,1.0,0.0,0.0,Good
65.1806078974453,252.0,3.0,90.0,44.0,1.0,0.0,91.0,7.0,4.0,5.0,45.5658893377411,4.0,20.0,4.0,1.0523790300051712,1.0,23.0,100.0,11.0,2.0,1.0,78.0,0.0,0.0,0.0,0.0,0.0,0.0,0.0,0.0,0.0,0.0,0.0,Good
60.0,342.0,2.0,77.0,29.0,4.0,0.0,71.24572417000482,25.0,5.0,5.0,36.0,4.0,58.0,0.0,1.197293453877994,1.185553938365341,47.0,88.0,3.0,4.0,0.7874645389539894,88.0,0.0,0.0,0.0,0.0,0.0,0.0,0.0,0.0,0.0,0.0,0.0,Bad
70.0,192.0,3.0,59.0,13.0,1.0,0.6051277613511543,86.0,2.0,4.284829451917129,5.0,14.0,1.0,36.0,3.0,1.0,1.0,36.0,51.0,1.0,3.0,0.3222879028269463,50.0,0.0,0.0,0.0,0.0,0.0,0.0,0.0,0.0,0.0,0.0,0.0,Bad
75.0,130.0,1.0,61.0,20.0,0.0,0.0,101.29154759864473,42.58698159463242,7.0,8.0,21.0,3.0,19.0,0.0,0.0,0.0,57.0,98.0,3.0,3.0,2.0,43.0,1.0,0.0,0.0,0.0,0.0,0.0,0.0,0.0,0.0,0.0,0.0,Good
80.0,208.0,12.0,76.0,30.0,1.0,0.0,97.0,23.0,6.0,5.0,30.770596717805166,0.0,13.0,0.0,0.0,0.0,1.0,71.0,5.0,2.0,0.0,35.0,0.0,0.0,0.0,0.0,0.0,0.0,0.0,0.0,0.0,0.0,0.0,Good
80.80433275674645,86.0,7.5609053020609345,57.0,25.69049262870192,1.0,0.0,96.0,76.0,6.0,5.0,26.0,1.0,30.888566989168737,0.0,3.0861051306090914,3.0,6.0,69.0,4.0,2.518198072216179,0.3043107886716818,47.0,0.0,0.0,0.0,0.0,0.0,0.0,0.0,0.0,0.0,0.0,0.0,Good
62.0,137.0,6.0,53.0,24.0,2.0,1.2557324328026116,85.0,14.0,6.0,5.0,27.0,7.0,59.0,0.0,2.0,0.0,27.0,75.34019707937642,5.0,6.0,0.0,79.0,0.0,0.0,0.0,0.0,0.0,0.0,0.0,0.0,0.0,0.0,0.0,Bad
72.0,292.0,8.0,74.0,22.0,0.0,0.0,88.95629772675167,5.0,4.0,6.0,25.500775007267432,4.0,22.0,0.0,4.0,3.8627261796295325,7.0,57.0,2.0,3.0,0.0,38.0,0.0,0.0,0.0,0.0,0.0,0.0,0.0,0.0,0.0,0.0,0.0,Good
87.0,347.0,11.787313494583284,139.0,28.067957381639022,0.0,0.0,100.0,44.459326087062806,7.0,8.0,31.0,0.0,20.0,4.0,1.0356967510524853,1.0,8.0,81.0,4.0,2.0,0.0,55.0,1.0,0.0,0.0,0.0,0.0,0.0,0.0,0.0,0.0,0.0,0.0,Good
65.0,50.0,1.0,17.60762579923123,11.0,0.0,0.0,98.70657453635572,36.345409653929806,6.625163598193294,8.0,14.0,6.0,43.0,0.0,6.0,6.0,47.0,87.0,4.0,3.334583295321764,2.0,100.0,1.0,0.0,0.0,0.0,0.0,0.0,0.0,0.0,0.0,0.0,0.0,Bad
78.15749495461408,215.90513491609823,4.0,80.0,25.03947815390907,0.0381762389673721,0.0,100.0,39.0045054456609,7.0,8.0,24.0,2.0,42.0,0.0,0.0,-0.006878281148004817,25.0,62.0,5.0,2.898089352608628,1.1715236618141773,58.0,1.0,0.0,0.0,0.0,0.0,0.0,0.0,0.0,0.0,0.0,0.0,Good
76.0,114.0,7.0,51.0,23.0,0.0,0.0,99.55201872889518,38.13256580653871,7.0,8.0,23.0,6.0,35.0,0.0,0.0,0.0,1.0,90.0,1.0,3.0,-0.5031727811972861,50.0,1.0,0.0,0.0,0.0,0.0,0.0,0.0,0.0,0.0,0.0,0.0,Bad
80.46508767551136,212.0,22.0,115.0,14.0,0.0,0.0,100.0,43.26352679725176,7.0,8.0,15.0,0.0,33.0,3.951046479856433,0.0,-0.011164957617087579,45.0,52.830291476891524,4.0,2.0,0.0,75.0,1.0,1.0,0.0,0.0,0.0,0.0,1.0,0.0,0.0,0.0,0.0,Good
58.0,148.0,7.349110740068486,71.0,24.0,1.0,0.7408687638390666,92.0,5.0,4.0,4.0,26.0,1.915991379712671,56.0,2.592239488581565,0.0,0.0,68.0,70.52605197612401,7.0,3.0,3.0,71.0,0.0,1.0,0.0,0.0,0.0,0.0,0.0,0.0,0.0,0.0,0.0,Good
65.0,267.0,0.0,55.18312465755362,8.051402358318132,0.955693460280076,1.0,100.0,24.414377679648965,7.0,8.0,8.0,3.0,57.0,0.0,2.0,2.0,0.0,92.0,0.0,2.0,-0.34256198883894595,67.0,1.0,0.0,0.0,0.0,0.0,0.0,0.0,0.0,0.0,1.0,0.0,Bad
71.0,205.0,17.0,92.0,39.0,0.0,0.0,100.0,31.33105444649007,7.0,8.0,41.0,0.0,25.0,7.0,0.0,0.0,47.0,57.28405400917237,8.0,4.0,2.940873495053368,57.0,1.0,0.0,0.0,0.0,0.0,0.0,1.0,0.0,0.0,0.0,0.0,Good
68.0,379.0,14.0,149.0,4.0,2.0,1.0842272116579061,33.0,39.0,4.483948569562657,2.0,6.0,0.0,83.0,0.0,0.0,0.0,4.0,59.85553151024157,1.0,1.0,-1.17031089108943,100.0,0.0,0.0,0.0,0.0,0.0,0.0,1.0,0.0,0.0,1.0,0.0,Good
67.0,586.0,7.0,173.0,45.0,3.0,2.0,89.0,6.0,4.0,4.0,47.0,2.0593069455772772,17.0,0.0,3.0,3.0,37.0,56.44463899807411,6.0,4.0,2.0,53.0,0.0,0.0,0.0,0.0,0.0,0.0,0.0,0.0,0.0,0.0,0.0,Good
79.0,220.61840494769683,1.0,100.0,15.0,-0.089200893677158,-0.05797057435353292,100.0,46.12455179197036,7.181446913778217,8.0,0.0,1.0,25.02406733420719,0.0,3.0,3.0,43.0,71.44859369268795,7.0,1.0,2.0,80.0,1.0,0.0,1.0,0.0,0.0,0.0,0.0,0.0,0.0,0.0,0.0,Good
75.0,234.0,2.0,88.0,40.0,0.0,0.0,100.0,29.51371118039168,7.0,8.0,41.0,2.0,32.0,2.0,1.0,1.0,10.0,53.0,5.0,3.3269748008293565,0.0,45.0,1.0,0.0,0.0,0.0,0.0,0.0,0.0,0.0,0.0,0.0,0.0,Good
84.0,200.8359887214945,6.0,77.0,17.074787334471218,0.0,0.0,100.0,42.80898884017333,7.0,8.0,18.0,1.533050453420548,17.0,9.0,0.0,-0.006761800208124516,3.0,64.83775870251547,1.0,0.8034194344400256,0.0,43.0,1.0,0.0,0.0,0.0,0.0,0.0,1.0,0.0,0.0,0.0,0.0,Good
86.0,120.0,12.0,68.0,25.0,0.0,-0.0005177204301012317,100.0,49.17163270820947,7.321987057328382,8.0,25.0,1.6728698731078158,40.0,0.0,1.0,1.0,1.0,66.47350348401196,3.0,1.0,0.0,50.0,1.0,0.0,0.0,0.0,0.0,0.0,1.0,0.0,0.0,0.0,0.0,Good
81.0,263.5075182025414,16.650894327384,112.0,22.0,0.0,0.0,95.0,30.57534313232881,6.0,6.0,22.0,0.0,41.0,23.0,0.0,0.0,1.0,52.46010171941332,2.0,2.4651536201643784,-0.06636009903135465,45.0,0.0,0.0,0.0,1.0,0.0,0.0,0.0,0.0,0.0,0.0,0.0,Good
78.7378172899772,237.76140575235877,5.0,86.28384789944296,28.94837766787945,0.0,-0.09015827437070457,97.0,21.0,6.0,6.0,31.0,2.0,19.0,11.0,0.0,0.0,4.0,87.0,1.0,1.0,0.02628206525073873,14.0,0.0,0.0,0.0,0.0,0.0,0.0,0.0,0.0,0.0,0.0,0.0,Good
83.12139958060658,231.23633869766422,21.0,93.0,38.0,0.0,0.0024875337179071644,100.0,41.536229549876055,7.0,8.0,38.34398935618307,0.0,28.0,18.0,0.0,-0.023917325911014697,19.0,51.80284309788408,4.0,3.0,0.0,62.0,1.0,0.0,0.0,0.0,0.0,0.0,0.0,0.0,0.0,0.0,0.0,Good
58.0,80.53418757636553,13.722231426879134,44.0,4.0,1.0,0.0,60.0,57.0,6.0,5.0,5.0,2.0,60.0,0.0,0.0,0.0,99.0,72.24350112732051,1.0,1.0,1.6635769356751933,100.0,0.0,0.0,0.0,0.0,0.0,0.0,1.0,0.0,0.0,0.0,0.0,Bad
70.0,117.35773298172771,10.761257681640796,48.0,18.860944613480097,0.0,0.0,95.0,71.0,6.0,6.0,19.0,2.0,11.297837822389901,0.0,7.0,7.0,20.0,69.37224872874211,5.0,0.5889199910142255,1.0,45.0,0.0,0.0,0.0,0.0,0.0,0.0,1.0,0.0,1.0,0.0,0.0,Bad
80.17644712038795,333.0,27.0,132.0,12.0,0.0,0.00659382826718885,96.08281503009607,45.829181857935936,7.0,8.0,13.390671598592862,0.0,25.0,0.0,1.0,1.0,51.0,89.0,3.0,1.7800111889562857,0.0,80.0,1.0,0.0,0.0,0.0,0.0,0.0,0.0,0.0,0.0,0.0,0.0,Bad
73.14090295666328,119.7338887605035,11.560448913210614,57.0,10.0,0.0,0.0,100.0,42.52507561971839,7.0,8.0,0.0,2.0,32.86170415932298,8.0,0.05937188066826061,0.0,56.0,67.00440578697831,3.0,1.0,3.0,80.0,1.0,0.0,1.0,0.0,0.0,0.0,1.0,0.0,0.0,0.0,0.0,Good
68.0,108.0,13.57736598371434,55.69352681470066,13.0,1.0,1.0,100.0,36.39838137602919,6.0,8.0,14.0,1.0,50.0,5.0,0.0,-0.0008041283759307738,78.0,67.76309197714373,2.0,2.0,1.0,100.0,1.0,0.0,0.0,0.0,0.0,0.0,1.0,0.0,0.0,0.0,0.0,Good
89.0,264.0,17.0,111.17014614491298,11.0,-0.07852036793553063,0.0,100.0,50.516713645520156,7.0,8.0,12.488826301561131,0.0,45.0,4.94497389692653,0.0,0.0,4.0,21.0,3.0,1.0,0.0,100.0,1.0,0.0,0.0,0.0,1.0,0.0,0.0,0.0,0.0,0.0,0.0,Good
76.55773014591311,211.0,3.7270961183914615,73.0,25.43571459622938,0.0,-0.07230935721258122,96.0,30.0,6.0,6.0,28.0,1.0,39.0,0.0,2.0,2.0,5.0,82.0,4.0,2.0,0.0,60.0,0.0,0.0,0.0,0.0,0.0,0.0,0.0,0.0,0.0,0.0,0.0,Bad
59.19477370335703,425.0,34.0,103.0,13.0,4.0,4.0,79.0,37.0,0.0,3.0,20.0,0.3342919737992691,58.0,0.0,0.0,0.0,78.0,66.0,4.0,1.0,1.0,100.0,0.0,0.0,0.0,0.0,0.0,0.0,0.0,0.0,0.0,0.0,0.0,Bad
67.0,57.0,1.0,41.0,14.0,0.08728172717009341,0.0,94.0,24.0,5.36789234252096,6.0,4.0,2.624644922423495,32.69233903808442,0.9171891634225546,3.0,2.8917749021420973,32.0,76.15105592566515,7.0,3.0,2.0,77.0,0.0,1.0,0.0,0.0,0.0,0.0,0.0,0.0,0.0,0.0,0.0,Bad
77.15253747362631,194.0,19.0,93.32392671695786,17.519977038777416,1.0,1.0,94.0,30.0,6.0,2.0,16.0,0.0,31.0,0.0,4.0,4.0,0.0,47.0,1.0,2.0,0.0,45.0,0.0,0.0,0.0,0.0,0.0,0.0,0.0,0.0,0.0,0.0,0.0,Bad
57.0,168.0,73.0,107.0,8.0,2.0,1.6692677665320121,69.6927330688068,8.0,0.0,6.0,9.0,0.0,44.0,2.871558067089379,0.0,0.0,51.89027173730629,14.109678258625735,2.446322404524227,0.1261051400740555,1.0205169258917872,81.53110645301942,0.0,1.0,0.0,0.0,0.0,1.0,1.0,1.0,1.0,1.0,1.0,Bad
67.0,79.0,4.0,54.212740409994666,12.0,1.0,0.6086064118254356,82.45475680851172,28.0,6.0,2.0,14.0,2.0,36.0,0.0,4.0,3.8474944075675417,74.0,72.94221956204683,6.0,2.598449468166794,1.0,100.0,0.0,0.0,0.0,0.0,0.0,0.0,0.0,0.0,0.0,0.0,0.0,Bad
61.0,270.0,2.0,38.0,17.0,0.0,-0.009916361138466973,96.93844672181544,27.898911719739857,7.0,8.0,22.0,7.0,9.0,0.0,1.0,1.0,42.0,75.06304618465585,8.0,2.0,4.0,59.0,1.0,0.0,0.0,0.0,0.0,0.0,0.0,0.0,0.0,0.0,0.0,Bad
69.0,184.53671098956374,13.603612767839618,83.60707515366192,10.0,2.0,1.4927736088690633,85.0,62.0,6.0,2.0,13.585090067424067,1.0,54.0,0.0,2.0,2.0,90.0,68.94174338045549,5.0,1.0,2.148032776171567,100.0,0.0,0.0,0.0,0.0,0.0,0.0,1.0,0.0,0.0,0.0,0.0,Bad
73.0,232.0,0.14284398639318496,72.0,19.0,0.0,-0.09101537991880593,95.0,8.0,4.0,6.0,19.0,3.0,42.0,0.0,0.0,0.0,35.0,85.0,6.0,2.0,0.0,73.0,0.0,0.0,0.0,0.0,0.0,0.0,0.0,0.0,0.0,0.0,0.0,Bad
76.0,186.0264494449671,3.0,65.0,23.0,0.0,0.0,100.0,31.85464314345765,7.0,8.0,24.0,2.0,32.93807058600093,3.8963305284556387,0.0,0.0,25.0,19.0,2.0,3.0,0.0,45.0,1.0,1.0,0.0,0.0,0.0,0.0,0.0,0.0,0.0,0.0,0.0,Bad
76.0,156.8459841350512,-0.5040384270556899,47.0,32.0,0.0,0.0,103.56296402396761,39.546116381525934,6.80023479284795,8.0,32.0,3.0,22.0,0.0,3.0,3.0,16.0,76.67000436086472,7.0,2.0,1.0,64.0,1.0,0.0,0.0,0.0,0.0,0.0,0.0,0.0,0.0,0.0,0.0,Good
63.0,426.0,3.0,113.60999113560517,18.0,4.0,3.0,95.0,36.0,6.0,5.0,19.0,2.0,32.0,0.0,2.0594269566759564,2.0,60.0,69.0,6.0,3.0,1.0,82.0,0.0,0.0,0.0,0.0,0.0,0.0,0.0,0.0,0.0,0.0,0.0,Good
87.0,188.0,2.0,79.0,24.147046322829393,0.0,0.0,100.0,49.57591563720712,7.415521704709195,8.0,25.0,3.0,36.0,4.0,2.0,2.0,1.0,72.35720614173553,3.0,1.5932236774003021,-0.1018809306386439,44.0,1.0,0.0,0.0,0.0,0.0,0.0,1.0,0.0,0.0,0.0,0.0,Good
67.0,277.3350221064688,11.0,108.0,37.0,0.0,-0.08387468488988759,95.0,3.0,4.0,6.0,40.0,1.370801183363235,42.64874866504222,0.0,1.0,1.0,68.0,58.0,5.0,3.0,2.0,80.0,0.0,0.0,0.0,0.0,0.0,0.0,0.0,0.0,0.0,0.0,0.0,Bad
68.0,46.0,12.0,31.0,11.0,0.0,0.0,91.0,13.0,6.0,6.0,11.225639871054655,0.0,36.0,0.0,0.0,0.0,33.0,65.52460636931062,4.0,2.0,0.0,86.0,0.0,0.0,0.0,0.0,0.0,0.0,0.0,0.0,0.0,0.0,0.0,Bad
69.24880161562785,177.0,9.0,73.0,31.0,0.43062312598265473,0.0,85.0,2.0,4.146146812451917,5.0,34.0,3.0,62.0,0.0,0.0,0.0,5.0,5.0,3.0,4.0,-0.18997587268262484,64.0,0.0,0.0,0.0,0.0,0.0,0.0,0.0,0.0,0.0,0.0,0.0,Bad
51.0,186.0,13.0,96.0,22.0,3.0,1.0,84.0,2.0,0.0,2.0,25.0,0.0,56.0,0.0,3.0807950207498935,3.0,79.0,50.0,5.0,3.0,3.0,100.0,0.0,0.0,0.0,0.0,0.0,0.0,0.0,0.0,0.0,0.0,0.0,Bad
54.24648740609484,120.0,8.0,59.803970638134246,22.0,1.0,0.0,80.66337473641592,6.0,4.3057547576122825,5.0,23.0,1.0,26.0,0.0,1.12154238202929,1.0730032392272246,87.0,79.0,7.0,3.0,4.0,92.0,0.0,0.0,0.0,0.0,0.0,0.0,0.0,0.0,0.0,0.0,0.0,Bad
68.0,290.6078208866521,12.0,115.0,36.0,0.1366788353372299,0.0,100.0,25.756096159883867,6.17494538470328,8.0,36.0,0.0,36.0,11.0,0.0,0.0,69.0,48.0,8.0,7.0,5.0,83.0,1.0,0.0,0.0,0.0,0.0,0.0,0.0,0.0,0.0,0.0,0.0,Good
76.22033678267249,274.0,2.0,66.0,23.0,0.0,0.0,100.0,31.75495437189477,6.0,8.0,26.130914926755796,2.654449640962092,39.0,0.0,2.0,2.0,18.0,65.0,3.0,5.0,1.0,67.0,1.0,0.0,0.0,0.0,0.0,0.0,0.0,0.0,0.0,0.0,0.0,Bad
63.0,217.0,2.3659348912556055,77.22672969750707,31.0,2.0,2.0,100.0,37.31407660547572,6.406052732688087,8.0,32.596610155897125,2.0,21.0,1.0,3.0,3.0,75.0,92.0,13.0,3.0,7.0,94.0,1.0,0.0,0.0,0.0,0.0,0.0,0.0,0.0,0.0,0.0,0.0,Bad
68.0,246.82183978817255,2.0,93.0,32.0,0.0,0.0,97.0,16.0,6.0,6.0,33.2526689535387,1.0,35.0,0.0,2.0,2.0,62.0,70.1512868622713,5.0,1.0,2.0,60.0,0.0,0.0,0.0,0.0,0.0,0.0,1.0,0.0,0.0,0.0,0.0,Good
62.0,83.0,6.701569954863118,39.70122223668339,13.0,2.0,1.0,82.52145937053191,36.0,0.0,5.0,15.0,4.0,60.0,7.0,0.010630577019599751,0.0,3.0,74.0,1.0,3.2356889720188784,0.0,63.0,0.0,0.0,0.0,0.0,0.0,0.0,0.0,0.0,0.0,0.0,0.0,Bad
60.0,53.64695956920551,5.290502738561553,19.0,9.0,0.0,0.0,100.0,30.567735660716835,7.0,8.0,10.0,3.0,20.0,0.0,2.0,2.0,58.0,74.82598484332269,3.0,1.0,1.0,100.0,1.0,0.0,0.0,0.0,0.0,0.0,1.0,0.0,0.0,0.0,0.0,Bad
70.0311414871838,103.12031836323874,1.0,32.0,16.0,0.0,0.0,100.0,35.75907977334958,6.577277503303897,7.0,18.06290823578837,3.0,41.0,-1.2107348714400885,7.0,7.0,45.0,57.0,5.0,3.0,0.0,80.0,1.0,1.0,0.0,0.0,0.0,0.0,0.0,0.0,0.0,0.0,0.0,Bad
72.5637885502748,225.0,8.0,131.0,16.0,0.0,0.0,75.0,22.0,6.0,6.0,16.0,1.0,23.01234610563423,1.0,1.0,0.9501624009288917,24.0,59.989046249433066,8.0,1.0,0.0,90.0,0.0,0.0,0.0,0.0,0.0,0.0,1.0,0.0,0.0,0.0,0.0,Bad
61.63882302103731,201.28001569931493,3.0,68.0,27.0,1.0,1.0,86.0,1.0,2.0,4.0,28.0,3.0,25.0,0.0,2.0,1.926357413964713,22.0,30.0,7.0,3.0,1.4066679046521897,50.0,0.0,0.0,0.0,0.0,0.0,0.0,0.0,0.0,0.0,0.0,0.0,Bad
68.0,277.0,3.0,77.0,37.0,1.0,0.0,85.17677973227089,5.0,6.0,5.0,40.5540836909894,4.0,16.0,0.0,4.0,4.0,24.0,72.0,5.0,3.1695438277790995,0.0,47.0,0.0,0.0,0.0,0.0,0.0,0.0,0.0,0.0,0.0,0.0,0.0,Bad
86.0,291.0,18.37587435743136,122.0,24.180020784085855,0.0,0.0,100.0,45.7427982292719,7.0,8.0,31.0,1.0,45.0,23.0,0.0,0.0,9.0,53.53314942862616,4.0,1.0,1.0,83.0,1.0,0.0,0.0,0.0,0.0,0.0,1.0,0.0,0.0,0.0,0.0,Good
73.04895761427969,77.86907261418855,2.0,21.0,6.0,0.0031833022213181295,0.0,100.0,41.602475607478794,7.0,8.0,8.0,4.0,50.0,1.0,2.0,2.0,44.0,80.03599361987736,2.0,2.0,0.0,67.0,1.0,0.0,0.0,0.0,0.0,0.0,0.0,0.0,0.0,0.0,0.0,Good
86.46132221833551,313.0,23.004573209966978,116.0,5.0,0.0,0.0,100.0,48.701239977423256,7.0,8.0,5.0,0.0,0.0,10.0,0.0,0.017444906230343907,13.0,45.94567831504053,3.0,-0.005845218112843276,0.0,75.0,1.0,0.0,0.0,0.0,0.0,0.0,1.0,0.0,1.0,0.0,0.0,Bad
72.0,313.0,14.0,104.8915313724196,20.0,0.19852725369236168,0.16803824757536812,95.0,32.088515700141926,6.0,6.0,31.0,0.0,19.0,14.0,0.027418463851658977,0.0,77.0,65.0,2.0,2.0,2.0,44.0,0.0,0.0,0.0,1.0,0.0,0.0,0.0,0.0,0.0,0.0,0.0,Good
77.0,246.66551137545162,11.0,103.0,21.0,0.0,0.0,97.69209285874255,33.66234431393249,6.374660930163641,8.0,21.0,2.0,36.21125392118567,2.0,1.0,0.9622960972786309,20.0,71.0,2.0,2.0,1.0,56.0,1.0,0.0,0.0,0.0,0.0,0.0,0.0,0.0,0.0,0.0,0.0,Good
61.0,172.0,9.0,71.54233222333981,22.0,1.0,0.7879292860122943,96.0,0.0,3.6139328582218377,4.0,23.0,1.0,30.0,0.0,0.0,0.0,54.0,65.12250651232785,7.0,4.0,2.0658067167184537,92.0,0.0,0.0,0.0,0.0,0.0,0.0,0.0,0.0,0.0,0.0,0.0,Bad
60.0,94.72044273587778,6.389875558002945,36.0,5.0,1.0,1.0,71.0,11.0,4.096610958157443,3.0,8.29311696191271,1.0,43.0,17.0,0.0,0.0,103.0,77.0,2.0,2.0,1.0,100.0,0.0,0.0,0.0,0.0,0.0,0.0,0.0,0.0,0.0,0.0,0.0,Bad
79.0,225.0,2.0,96.32032132040577,22.0,3.0,1.0,77.47405154627407,28.0,6.0,3.0,28.0,1.0,14.0,1.0,1.0,1.0,1.0,65.06501513770286,1.0,1.0,0.0,30.0,0.0,0.0,0.0,0.0,0.0,0.0,1.0,0.0,0.0,0.0,0.0,Good
65.0,249.0,13.0,134.0,7.764382389550466,9.507757450458987,9.0,66.8697782123319,6.0,1.981483530694763,2.0,14.0,0.0,53.62006739389479,2.2514750444026492,2.0,1.8874998128399978,0.0,57.98351088330536,0.0,1.0,-1.4411554896164058,67.0,0.0,1.0,0.0,0.0,0.0,0.0,0.0,0.0,0.0,1.0,0.0,Bad
74.28941463378644,184.91222261317637,6.0,70.0,18.0,0.0,0.0,90.0,14.0,6.0,6.0,20.0,1.0,30.0,0.0,0.0,0.0,1.0,67.0,3.0,3.0,0.0,64.0,0.0,0.0,0.0,0.0,0.0,0.0,0.0,0.0,0.0,0.0,0.0,Bad
63.0,235.0,7.0,106.31899627259968,4.0,13.0,9.0,44.0,17.0,6.0,4.0,9.0,1.0,40.46470690019302,7.0,0.0,0.012472406509314124,1.0,48.0,1.0,2.0,0.0,60.0,0.0,0.0,0.0,0.0,0.0,0.0,0.0,0.0,0.0,0.0,0.0,Bad
86.93371556510058,188.0,12.944440547070016,79.0,25.0,1.0,0.0,96.0,81.0,6.0,5.0,29.0,0.0,31.0,8.0,0.0,-0.02416868620130405,3.0,64.74667461170826,1.0,1.0,0.0,50.0,0.0,0.0,0.0,0.0,0.0,0.0,1.0,0.0,0.0,0.0,0.0,Good
77.0,147.0,3.0,63.668213529822665,29.0,0.1287309554148348,0.0,96.12013138881045,52.0,6.0,6.0,30.0,3.0,37.0,0.0,2.0,1.9277575393540938,31.0,75.46836753662753,3.0,4.0,0.0,70.0,0.0,0.0,0.0,0.0,0.0,0.0,0.0,0.0,0.0,0.0,0.0,Good
77.0,297.0,7.0,131.0,29.0,0.0,0.0,97.0,5.0,4.0,6.0,23.0,3.0,55.0,10.0,0.029596153059889732,0.0,8.0,63.03072073453451,5.0,4.136060646598936,0.0,90.0,0.0,0.0,0.0,0.0,0.0,0.0,0.0,0.0,0.0,0.0,0.0,Good
63.0,135.0,2.0,78.0,6.0,4.0,2.0,54.0,23.0,6.0,2.0,13.0,1.4822453330149048,31.0,1.0,2.0,1.9383134015622552,31.0,69.15426031331498,1.0,1.0,0.0,67.0,0.0,0.0,0.0,0.0,0.0,0.0,1.0,0.0,0.0,0.0,0.0,Bad
74.0,118.0,2.0,73.0,28.41559737872803,0.0,-0.23517049634877027,88.0,6.0,4.0,6.0,32.0,2.0,65.0,20.0,0.0,-0.00769839965016908,20.0,70.35902556351238,4.0,5.0,0.0,90.0,0.0,0.0,0.0,0.0,0.0,0.0,0.0,0.0,0.0,0.0,0.0,Good
68.0,110.0,9.0,41.0,32.0,0.0,0.0,100.0,39.03031646513591,7.0,8.0,32.0,1.0,25.0,0.0,1.0,1.0,92.0,65.0,3.0,2.0,2.0,71.0,1.0,0.0,0.0,0.0,0.0,0.0,0.0,0.0,0.0,0.0,0.0,Good
74.0,150.0,13.0,91.0,13.0,1.0,1.0,93.0,35.0,6.0,2.0,14.0,0.0,29.0,2.981400471134091,1.0548298391974622,0.9884026032813563,36.0,60.56083695674856,1.0,1.0,1.0,40.0,0.0,1.0,0.0,0.0,0.0,0.0,1.0,0.0,0.0,0.0,0.0,Good
57.3694751633266,153.0,2.0,61.60135160895426,26.0,0.0,0.0,78.0,14.0,6.0,6.0,27.0,2.0,33.0,0.0,2.0,2.0,84.0,30.0,8.0,2.9589637908827973,3.1956520129215775,86.0,0.0,0.0,0.0,0.0,0.0,0.0,0.0,0.0,0.0,0.0,0.0,Bad
57.0,42.0,6.0,19.0,10.0,0.35863228436027805,0.0,80.69409323574716,2.0,4.0,6.0,10.0,3.0,20.0,1.3040184044659013,1.0,1.0,17.0,69.71859024630109,3.0,1.0,1.0,44.0,0.0,1.0,0.0,0.0,0.0,0.0,1.0,0.0,0.0,0.0,0.0,Good
70.0,248.37334413330007,0.10499237210661505,81.0,54.0,0.0,0.0,98.0,60.0,6.0,6.0,56.0,4.179397907816965,16.0,8.0,0.0,0.0,22.0,78.0,9.0,3.0,0.0,55.0,0.0,0.0,0.0,0.0,0.0,0.0,0.0,0.0,0.0,0.0,0.0,Good
70.0,55.0,4.0,26.0,22.385307567847207,1.0,1.0,100.0,29.22235280013456,6.0,8.0,22.586276576602724,4.0,32.0,3.0,1.0,1.0,15.0,68.0,3.0,1.0,1.0,33.0,1.0,0.0,0.0,0.0,0.0,0.0,0.0,0.0,0.0,0.0,0.0,Good
68.0,137.08671059352642,1.0,45.0,17.0,0.09893853437264655,0.0,89.0,27.06428998009477,6.0,6.0,18.0,2.0,33.0,2.581806397960212,0.0,0.0,62.0,74.40226461385109,3.0,1.0,1.0,36.0,0.0,1.0,0.0,1.0,0.0,0.0,1.0,0.0,0.0,0.0,0.0,Bad
59.0,127.0,12.0,72.90813227639717,13.0,1.0,1.0,92.0,40.0,0.0,6.0,15.0,0.0,20.0,2.0,2.0,2.0,98.0,39.0,7.0,2.0,6.0,100.0,0.0,0.0,0.0,0.0,0.0,0.0,0.0,0.0,0.0,0.0,0.0,Bad
75.64566624269291,66.0,19.0,35.0,5.0,0.0,0.0,96.6955561452541,40.33518126742217,7.0,8.0,5.0,1.044985110732613,60.0,3.231938919636302,0.0,0.0,35.0,36.0,2.0,3.0,0.0,100.0,1.0,1.0,0.0,0.0,0.0,0.0,0.0,0.0,0.0,0.0,0.0,Bad
68.0,188.95006905524883,4.0,91.0,22.0,0.06584868595636761,0.019092638140549123,95.0,4.0,4.0,6.0,0.0,1.0,45.0,3.0,1.0,1.0,40.0,58.0,4.0,3.0,2.0,78.0,0.0,0.0,1.0,0.0,0.0,0.0,0.0,0.0,0.0,0.0,0.0,Bad
56.0,213.0,3.0,71.0,17.506449995152792,0.7162411728083793,0.0,70.0,1.0,3.5415761582295087,5.0,20.0,2.6397412102799467,10.0,0.0,1.0,1.0,9.0,66.21789546567265,4.0,1.0,0.0,56.0,0.0,0.0,0.0,0.0,0.0,0.0,1.0,0.0,0.0,0.0,0.0,Bad
60.0,168.0,5.0,64.56276443845124,11.0,0.0,0.0,73.0,5.0,4.0,6.0,11.0,2.0,33.98930789202133,2.392625335942601,0.0,0.0,63.0,68.0,4.0,2.0340388585668077,1.0,71.0,0.0,0.0,0.0,0.0,1.0,0.0,0.0,0.0,0.0,0.0,0.0,Bad
67.75708235649212,213.6108417631042,5.0,74.0,24.0,0.0,0.0,92.0,9.0,4.0,6.0,29.0,1.8585502980127546,46.0,15.0,0.0,0.0,44.0,66.95018019968377,4.0,3.0,1.0,54.0,0.0,0.0,0.0,0.0,0.0,0.0,0.0,0.0,0.0,0.0,0.0,Bad
67.51064690948986,109.0,3.0,50.0,21.0,0.0,-0.138876451800359,95.0,28.0,6.0,6.0,21.0,6.0,52.50234840828428,1.4817406204252666,2.0,2.0,43.0,73.0,3.0,5.0,0.0,89.0,0.0,1.0,0.0,0.0,0.0,0.0,0.0,0.0,0.0,0.0,0.0,Bad
78.0,310.0,3.0,72.0,40.0,-0.004598397952415567,0.0,100.0,43.46719037816172,7.0,8.0,41.0,5.0,41.7383196363259,10.0,0.0,0.0,46.0,68.0,4.0,4.03175258607019,2.0,67.0,1.0,0.0,0.0,0.0,0.0,0.0,0.0,0.0,0.0,0.0,0.0,Good
88.0,209.0,9.0,93.0,19.0,0.0,-0.011494605766793037,100.0,45.18480112572371,7.149309899199846,8.0,19.378045067990424,1.0,53.0,5.0,0.0,-0.02030840131486185,0.0,65.80845841881333,1.0,1.407943828217363,0.0,29.0,1.0,0.0,0.0,0.0,0.0,0.0,1.0,0.0,0.0,0.0,0.0,Good
86.0,189.0,2.0,76.0,22.50156359838395,0.0,0.0,104.70504556774908,49.587013428285616,7.0,8.0,24.0,3.0,42.1500392809057,3.958222597789414,0.009878186535029445,0.0,5.0,100.0,4.0,3.0,0.0,78.0,1.0,1.0,0.0,0.0,0.0,0.0,0.0,0.0,0.0,0.0,0.0,Good
87.0,222.0,8.0,111.0,28.0,0.0,0.0,97.0,38.67794847888379,6.0,6.0,27.49113902268031,1.0,24.0,0.0,0.0,0.0,0.0,13.0,2.0,2.0,0.0,27.0,0.0,0.0,0.0,1.0,0.0,0.0,0.0,0.0,0.0,0.0,0.0,Good
69.0,158.0,2.0,65.41344112003213,24.0,0.0,0.0,92.49098650156685,35.0,5.724331717120008,6.0,25.0,2.0,16.0,1.0,6.0,6.0,26.0,71.40959615805576,4.0,1.077071608063223,2.0,43.0,0.0,0.0,0.0,0.0,0.0,0.0,1.0,0.0,1.0,0.0,0.0,Good
56.0,120.0,5.0,54.0,31.0,1.1434097461815302,1.0,97.0,7.0,4.0,6.0,36.0,2.0,54.0,1.8302428319050708,1.0,1.0,65.0,74.25290428406183,7.0,3.705835853124939,2.0,69.0,0.0,1.0,0.0,0.0,0.0,0.0,0.0,0.0,0.0,0.0,0.0,Bad
70.0,112.0,7.0,51.0,27.0,1.0,0.0,91.91211894147204,79.0,7.305451858453688,5.0,28.0,3.0,36.0,0.0,0.0,0.0,49.0,85.0,7.0,3.0,1.936840546421133,83.0,0.0,0.0,0.0,0.0,0.0,0.0,0.0,0.0,0.0,0.0,0.0,Bad
56.0,164.578806835281,5.0,63.0,23.0,2.0,2.0,72.0,2.0,4.0,4.0,29.0,3.0,62.0,0.0,1.0451439588788372,1.0,8.0,89.0,2.0,4.0,0.0,86.0,0.0,0.0,0.0,0.0,0.0,0.0,0.0,0.0,0.0,0.0,0.0,Good
58.0,187.0,2.0,60.0,19.0,0.0,0.0,85.46918520044197,5.0,4.0,6.0,20.0,1.0,25.0,0.0,1.0,1.0,73.0,99.0,5.0,2.0,3.0,78.0,0.0,0.0,0.0,0.0,0.0,0.0,0.0,0.0,0.0,0.0,0.0,Bad
68.0,132.0,2.0,52.0,23.0,3.0,2.1285514576739826,88.0,64.0,6.0,6.0,24.0,6.0,54.0,1.8430807399722124,1.0,1.0,24.0,39.0,4.0,3.0,0.0,70.0,0.0,1.0,0.0,0.0,0.0,0.0,0.0,0.0,0.0,0.0,0.0,Good
59.0,42.0,1.0,12.758910980526238,11.0,0.5113070407121514,0.455448120540186,100.0,22.882139244511308,5.767651332703342,8.0,14.0,4.0,58.0,0.0,1.2486426398770931,1.236423075331641,59.0,83.01772973010826,4.0,4.0,1.7566944399575675,89.0,1.0,0.0,0.0,0.0,0.0,0.0,0.0,0.0,0.0,0.0,0.0,Bad
72.0,186.0,13.0,80.10736042075321,25.0,1.0,1.0,92.0,37.0,6.0,6.0,43.0,0.0,24.0,3.001666408544693,1.0523968302743716,1.0231361156412213,29.0,61.46872806890329,4.0,1.0,1.0,71.0,0.0,1.0,0.0,0.0,0.0,0.0,1.0,0.0,0.0,0.0,0.0,Bad
66.0,149.3599654484966,5.0,51.0,27.0,1.0,1.0,97.0,14.0,6.0,6.0,30.0,2.5216344936187642,63.0,0.0,0.0,0.0,33.0,98.0,4.0,2.0,0.0,75.0,0.0,0.0,0.0,0.0,0.0,0.0,0.0,0.0,0.0,0.0,0.0,Bad
67.0,159.0,14.0,88.0,17.593445750438097,1.0,1.0,87.0,25.0,6.0,2.0,16.0,0.0,20.0,3.614684655195647,0.0,0.0,68.0,23.0,5.0,2.0,2.04701318870686,70.0,0.0,1.0,0.0,0.0,0.0,0.0,0.0,0.0,0.0,0.0,0.0,Bad
68.0,514.0,14.0,147.168987904686,14.0,0.7713217265524208,0.43203944767530356,82.71986333238934,10.0,4.0,6.0,16.0,0.6064287252938056,50.0,0.0,0.006497539801965081,0.0,42.0,55.56846208595202,4.0,1.7978844848019913,1.1973825743685604,80.0,0.0,0.0,0.0,0.0,0.0,0.0,1.0,0.0,1.0,0.0,0.0,Bad
61.0,149.0,5.0,61.5063345357258,21.0,1.0,0.0,77.0,3.0,4.0,5.0,22.0,2.0,45.0,0.0,0.0,-0.008652749464067369,49.0,69.89855652787683,3.0,3.0,1.0,55.0,0.0,0.0,0.0,0.0,0.0,0.0,0.0,0.0,0.0,0.0,0.0,Bad
72.0,151.0,8.251940012997249,63.0,39.0,1.0,0.0,86.0,7.0,4.0,5.0,44.0,0.0,66.0,0.0,1.073494647093124,1.0,11.0,68.52260335323457,1.0,1.0,0.0,33.0,0.0,0.0,0.0,0.0,0.0,0.0,1.0,0.0,0.0,0.0,0.0,Bad
55.0,154.0,7.0,68.0,20.36984706701738,0.0,0.0,84.0,3.0,4.0,6.0,21.010507214373014,2.0,21.0,3.0,1.0,1.0,62.0,66.02258032143385,4.0,1.1706706134594413,3.0,56.0,0.0,0.0,0.0,0.0,0.0,0.0,1.0,0.0,0.0,0.0,0.0,Bad
89.34953774397675,369.5678030067554,10.0,159.0,17.0,0.0,0.0,99.07215161810632,47.431189095529504,7.0,8.0,17.0,1.0,18.0,4.844669091546079,0.0,0.0,9.0,56.1370817105459,3.0,1.0,0.0,57.0,1.0,0.0,0.0,0.0,1.0,0.0,1.0,0.0,0.0,0.0,0.0,Good
83.0,270.4096249938266,8.0,123.0,20.0,0.0,0.0,100.0,40.612121018560885,7.0,8.0,7.0,1.0,21.764265910938843,1.0,2.0,2.0,7.0,61.76081048708609,3.0,1.0,0.4344347226774503,40.0,1.0,0.0,0.0,0.0,0.0,0.0,1.0,0.0,0.0,0.0,0.0,Good
57.0,331.0,3.0,115.0,12.657591974057322,7.0,5.008274579677159,50.0,1.0,1.0,2.0,16.0,1.0,19.0,0.0,1.0303782970408781,1.0,24.0,62.43618894715481,2.0,2.0,0.06291471725791853,44.0,0.0,0.0,0.0,0.0,0.0,0.0,0.0,0.0,0.0,0.0,0.0,Bad
74.0,123.0,6.0,69.0,25.00726668874636,1.0,1.0,86.0,39.0,6.0,3.0,29.0,2.302608370472171,35.72848865833746,0.0,3.0914715819157914,3.0,18.0,88.0,6.0,2.0,1.0,80.0,0.0,0.0,0.0,0.0,0.0,0.0,0.0,0.0,0.0,0.0,0.0,Good
76.0,203.58570733929605,3.0,78.0,26.0,0.023523824813877603,0.0,100.0,40.86509708021714,7.0,8.0,27.0,2.0,43.34648300014045,2.0,4.0,3.8745074880784656,26.0,83.0,5.0,3.0,2.0,89.0,1.0,0.0,0.0,0.0,0.0,0.0,0.0,0.0,0.0,0.0,0.0,Good
90.0,429.0,5.0,116.0,15.0,0.0,0.013042291043220744,100.0,45.425354965672256,7.0,8.0,16.0,1.0,7.388539370055801,3.0,2.0,2.0,1.0,60.37759371621271,1.0,-0.21650623281713366,-0.11140858433788159,11.0,1.0,0.0,0.0,0.0,0.0,0.0,1.0,0.0,1.0,0.0,0.0,Good
84.0,325.0,1.0,89.0,22.0,0.0,0.0,102.94946246973234,43.06356900485295,7.0,8.0,17.0,4.0,33.0,2.2051551157932905,3.0,3.0,6.0,71.79623051581969,2.0,1.451545897349277,-0.0036116332704243526,33.0,1.0,1.0,0.0,0.0,0.0,0.0,1.0,0.0,0.0,0.0,0.0,Good
64.0,129.0,50.0,80.0,11.0,1.0,1.0,82.89436448357698,21.0,6.0,6.0,18.0,-0.13782724611657482,59.0,0.0,0.03673096894200835,0.0,85.0,36.21458142020475,2.0,1.6449992180189805,0.0,75.0,0.0,0.0,0.0,0.0,0.0,0.0,1.0,0.0,1.0,0.0,0.0,Bad
54.44734761973573,118.04933566626286,18.12621495506683,60.0,2.0,6.0,4.0,11.0,6.0,4.0,2.0,8.252894070640904,0.0,22.0,1.5656554955394317,0.0,-0.06915601760308829,19.0,62.0,1.0,1.0,-0.7494151802644384,67.0,0.0,0.0,0.0,0.0,1.0,0.0,0.0,0.0,0.0,1.0,0.0,Bad
67.0,196.0,10.0,81.0,21.0,2.0,0.0,71.0,27.0,6.0,5.0,24.0,3.0,50.0,0.0,1.1539818919294915,1.1168008057045054,38.0,89.0,2.0,3.0,0.2652361089720887,83.0,0.0,0.0,0.0,0.0,0.0,0.0,0.0,0.0,0.0,0.0,0.0,Bad
61.0,344.0,2.0,87.0,21.0,1.0,0.6098952129102064,86.0,2.0,4.0,6.0,26.28690934681833,2.910830997506389,45.0,0.49998275920482316,4.0,4.0,39.0,77.0,2.0,6.0,1.0,67.0,0.0,1.0,0.0,0.0,0.0,0.0,0.0,0.0,0.0,0.0,0.0,Bad
63.0,208.0,3.0,42.0,8.293804320073743,0.0,0.06185934150583772,100.0,46.33971098675295,7.0,8.0,8.0,3.0,88.0,0.0,3.0,2.0,165.0,92.0,1.0,4.0,3.7300910806439505,100.0,1.0,0.0,0.0,0.0,0.0,0.0,0.0,0.0,0.0,1.0,0.0,Bad
80.0,177.7275215892667,13.0,71.0,9.0,0.0,0.0,100.0,42.30749417890897,7.0,8.0,14.0,0.0,24.14668322663283,0.0,4.0,3.8539400244764193,35.0,61.421327375418244,1.0,1.0,1.0,29.0,1.0,0.0,0.0,0.0,0.0,0.0,1.0,0.0,0.0,0.0,0.0,Good
79.0,242.0,21.0,99.0,33.0,0.0,0.0,100.0,39.11312668782415,7.0,8.0,35.0,0.0,34.0,14.0,0.0,-0.030895617971090458,33.0,53.163448524455006,8.0,2.0,2.0,53.0,1.0,0.0,0.0,0.0,0.0,0.0,1.0,0.0,0.0,0.0,0.0,Good
54.0,300.0,10.0,113.0,28.0,1.0,0.5809925866154374,81.84450960726429,2.0,3.67085490150559,6.0,30.0,1.9057302507756848,63.0,9.0,0.0,0.0,62.0,48.0,6.0,5.0,1.0,92.0,0.0,0.0,0.0,0.0,0.0,0.0,0.0,0.0,0.0,0.0,0.0,Good
66.0,208.0,15.0,92.0,24.0,0.0,-0.13466091461250604,84.79087306869022,3.0,4.0,6.0,25.0,0.0,38.49067681110155,3.570835241847925,0.0,0.0,31.0,53.0,4.0,3.0,1.0,67.0,0.0,0.0,0.0,0.0,1.0,0.0,0.0,0.0,0.0,0.0,0.0,Good
89.0,210.0,5.0,96.0,23.0,0.0,0.0,103.39887758951721,48.9520772633642,7.0,8.0,24.0,1.0,21.0,15.0,0.0,-0.014234214509947718,3.0,64.29633014294349,4.0,1.1194851675208368,0.0,56.0,1.0,0.0,0.0,0.0,0.0,0.0,1.0,0.0,0.0,0.0,0.0,Good
74.21745175380103,177.0,10.259813580656566,84.0,28.0,0.03406646467405228,0.0,100.0,38.26360912337623,7.0,8.0,31.0,1.6978112191577024,32.0,3.6081136284071413,0.026010565210653726,0.0,44.0,65.92247545589605,6.0,3.0,3.0,77.0,1.0,1.0,0.0,0.0,0.0,0.0,0.0,0.0,0.0,0.0,0.0,Bad
65.0,82.82415975821613,3.0,31.228642136472615,8.0,0.0488579266012632,0.0,100.0,37.99128513206094,7.0,8.0,8.0,3.0,75.0,1.3997511728603524,1.0,1.0,103.0,82.31100138651762,1.0,4.0,1.0,100.0,1.0,1.0,0.0,0.0,0.0,0.0,0.0,0.0,0.0,0.0,0.0,Bad
74.0,297.0,27.0,94.0,20.0,2.0,2.0,81.84130111730934,22.0,6.0,2.0,22.0,0.0,55.0,0.0,1.076491216416184,1.0,8.0,56.0,3.0,3.0436195163657924,0.0,55.0,0.0,0.0,0.0,0.0,0.0,0.0,0.0,0.0,0.0,0.0,0.0,Good
75.24246033327891,73.0,11.0,49.233603165544494,7.0,0.0,0.0,97.4226708586471,39.65264250022514,7.0,8.0,7.0,1.0,57.0,2.4745878538245676,1.0,1.0,45.0,63.0,1.0,3.0,0.5605682344790031,80.0,1.0,1.0,0.0,0.0,0.0,0.0,0.0,0.0,0.0,0.0,0.0,Bad
79.0,231.0,16.0,112.0,23.666779712664077,0.0,0.0,100.0,38.56547889148834,7.0,8.0,22.0,0.0,19.0,16.0,0.011978818771230769,0.0,25.0,53.87678736570321,7.0,0.9847273359264181,1.0,64.0,1.0,0.0,0.0,0.0,0.0,0.0,1.0,0.0,0.0,0.0,0.0,Good
71.0,132.0,2.0,63.80150799506808,11.721072925167608,1.0,0.0,85.0,23.0,5.080769436183531,5.0,13.0,1.4899940552276147,46.0,0.0,1.0,1.0,36.0,85.0,4.0,2.0,1.0,100.0,0.0,0.0,0.0,0.0,0.0,0.0,0.0,0.0,0.0,0.0,0.0,Bad
71.0,212.61306923866763,6.0,74.0,33.0,2.0,1.0,83.21679924014981,1.0,0.0,2.0,35.0,3.0,17.0,0.0,2.0,2.0,29.0,89.0,4.0,2.7712579678486433,1.0,50.0,0.0,0.0,0.0,0.0,0.0,0.0,0.0,0.0,0.0,0.0,0.0,Bad
73.0,164.0,20.644533540481937,75.0,7.0,0.0,0.030552568138265734,100.0,42.14391973671073,7.0,8.0,7.0,2.0,29.0,1.0,1.0,0.9470081298179981,76.0,14.0,1.0,2.0,1.0,75.0,1.0,0.0,0.0,0.0,0.0,0.0,0.0,0.0,0.0,0.0,0.0,Bad
73.0,64.0,0.32126041391525106,34.774614354494645,13.0,0.0,0.0347857001871647,98.3858848237699,35.24912597859719,6.528245421246155,8.0,13.0,2.0,38.0,0.0,4.0,4.0,22.0,100.0,3.0,2.0,0.6113389881922933,63.0,1.0,0.0,0.0,0.0,0.0,0.0,0.0,0.0,0.0,0.0,0.0,Bad
77.0,179.0,4.0,66.22451623524647,34.74225648829456,0.0,0.0,93.0,59.0,6.685309223616188,6.0,45.0,3.0,56.0,0.0,2.0,1.9244180607030572,10.0,65.0,3.0,1.0,0.0,45.0,0.0,0.0,0.0,0.0,0.0,0.0,0.0,0.0,0.0,0.0,0.0,Bad
79.0,233.0,3.0,83.0,47.0,0.0,0.0,100.0,46.04488776972866,7.392175180512603,8.0,48.68347854063947,3.0,28.0,0.0,8.0,8.0,33.0,72.29548510515085,6.0,3.754480200563113,2.0,63.0,1.0,0.0,0.0,0.0,0.0,0.0,0.0,0.0,0.0,0.0,0.0,Bad
56.0,166.0,2.0,55.0,28.0,3.0,2.0,79.38391663198394,1.0,4.0,2.0,30.868254185204865,3.0,28.0,1.0,1.061741146929675,1.0,43.0,85.0,13.0,3.0936437299097608,4.0,81.0,0.0,0.0,0.0,0.0,0.0,0.0,0.0,0.0,0.0,0.0,0.0,Bad
67.0,114.0,5.0,65.66366987241717,13.0,1.0,0.0,67.0,30.0,6.0,5.0,15.0,2.0,36.42264768217457,5.0,0.0,0.0,69.0,33.0,4.0,2.0,2.0,86.0,0.0,0.0,0.0,0.0,0.0,0.0,0.0,0.0,0.0,0.0,0.0,Good
78.0,125.0,12.970237048572145,63.0,17.850002628551337,0.0,0.01628625701362088,100.67575294946897,44.76786185419735,6.948630407158155,8.0,20.0,1.0,55.0,3.563643036244066,0.027175923813140605,0.0,39.0,66.0,4.0,4.0,1.0,100.0,1.0,0.0,0.0,0.0,1.0,0.0,0.0,0.0,0.0,0.0,0.0,Bad
90.0,142.0,24.0,90.0,15.0,0.0,0.0,100.0,53.72075190128905,7.574403423639573,8.0,15.0,0.5717794755557728,7.0,4.609801924827494,0.0,0.0,2.0,49.88221032235197,2.0,1.0,0.0,50.0,1.0,1.0,0.0,0.0,0.0,0.0,1.0,0.0,0.0,0.0,0.0,Good
65.0,190.51396078742417,5.0,69.0,24.0,3.0,2.436261027501903,85.0,3.0,0.0,2.0,27.0,1.0,31.0,7.0,0.0,0.0,13.0,66.0,3.0,2.0,0.0,46.0,0.0,0.0,0.0,0.0,0.0,0.0,0.0,0.0,0.0,0.0,0.0,Good
60.0,168.0,1.0,42.39321669874906,17.0,0.0,-0.06660476805923315,95.0,0.0,4.0,6.0,19.88813142759624,7.0,23.0,0.0,6.0,6.0,30.0,100.0,4.0,3.0,2.0,47.0,0.0,0.0,0.0,0.0,0.0,0.0,0.0,0.0,0.0,0.0,0.0,Bad
71.0,227.0,12.0,97.76389988691581,15.0,2.0,1.0,78.0,48.0,6.0,4.0,18.0,0.0,28.0,0.0,2.0,1.899937921781766,83.0,62.63301457163696,2.0,1.0,2.0,60.0,0.0,0.0,0.0,0.0,0.0,0.0,1.0,0.0,0.0,0.0,0.0,Good
63.0,236.95070537692942,7.0,91.0,25.180222196774313,8.550781532779,8.0,74.0,44.0,6.0,2.0,38.0,1.0,42.0,5.0,1.037320762466485,0.9987012077235939,64.0,83.0,6.0,2.0,2.0,90.0,0.0,0.0,0.0,0.0,0.0,0.0,0.0,0.0,0.0,0.0,0.0,Good
81.0,146.0,16.0,63.0,3.0,0.0,0.0,91.13068027923043,50.92603171533901,7.374642556461578,8.0,3.0,0.6704633435585174,67.0,0.0,1.0,0.0,35.062704987473566,66.35605648245404,0.3348654987423325,2.0,-0.283697598123255,100.0,1.0,0.0,0.0,0.0,0.0,1.0,0.0,1.0,0.0,1.0,0.0,Bad
65.0,60.0,-0.9380640582193678,30.0,14.0,0.0,0.0,93.0,9.0,4.0,6.0,14.0,5.0,71.0,0.0,0.0,0.0,65.0,85.0,2.0,3.0,0.0,71.0,0.0,0.0,0.0,0.0,0.0,0.0,0.0,0.0,0.0,0.0,0.0,Bad
60.0,319.0,19.718341048212906,157.0,15.0,3.0,1.0,48.0,3.0,4.0,4.0,21.0,0.0,19.0,2.0,2.0,2.0,55.0,63.0,7.0,2.0,1.7477272892198505,100.0,0.0,0.0,0.0,0.0,0.0,0.0,0.0,0.0,0.0,0.0,0.0,Good
65.0,181.0,5.0,70.21434542325618,23.671333420352145,0.1942931033014781,0.0,91.0,0.0,4.0,6.0,23.0,1.0,52.0,5.0,1.049216429922969,1.0,40.0,88.0,4.0,3.255456552064719,2.0,64.0,0.0,0.0,0.0,0.0,0.0,0.0,0.0,0.0,0.0,0.0,0.0,Bad
60.0,199.0,28.0,93.0,11.0,4.0,2.0,73.0,6.0,4.0,2.0,15.0,0.0,53.0,0.0,0.0,0.0,34.0,61.0,1.0,3.0,0.5615096521101286,50.0,0.0,0.0,0.0,0.0,0.0,0.0,0.0,0.0,0.0,0.0,0.0,Bad
85.0,317.0,21.93217124546858,121.76543021865452,22.73143127420144,0.0,0.0,100.0,42.04586925751704,7.0,8.0,31.0,0.0,24.0629025156872,4.038844729939706,1.0,1.0,5.0,49.87894069978198,3.0,1.3641409065454155,1.0,60.0,1.0,1.0,0.0,0.0,0.0,0.0,1.0,0.0,1.0,0.0,0.0,Good
61.0,204.0,46.0,105.0,12.5591789175491,1.0,0.6361834264167623,78.6023940532405,13.0,4.263442871926262,5.0,15.0,0.0,31.0,0.0,3.0,3.0,65.0,33.69872293929717,4.0,1.0,1.8204408658398585,83.0,0.0,0.0,0.0,0.0,0.0,0.0,1.0,0.0,0.0,0.0,0.0,Good
85.0,231.0,9.0,107.0,13.0,0.0,0.0,99.33097382789626,49.87674276229268,7.285877284059721,8.0,13.0,1.0,32.195386064889995,0.0,0.0,0.0,30.0,64.50961176717837,3.0,1.0,0.0,67.0,1.0,0.0,0.0,0.0,0.0,0.0,0.0,0.0,0.0,0.0,0.0,Good
79.0,186.99597160110937,2.0,68.0,21.19327437470455,0.0,0.0,99.84000108007342,38.415857868703824,7.0,8.0,22.107010976712857,2.0,38.15688563476348,4.0,1.0378438425405383,1.0,13.0,72.45158135876505,2.0,2.7554168446905303,0.0,56.0,1.0,0.0,0.0,0.0,0.0,0.0,0.0,0.0,0.0,0.0,0.0,Good
71.0,105.34192531676871,4.0,43.0,19.42355990009904,0.0,0.0,93.0,44.0,6.146881787977435,6.0,15.0,1.0,53.0,1.6417209928505367,2.0,2.0,44.0,89.0,3.0,3.0,0.0,75.0,0.0,1.0,1.0,0.0,0.0,0.0,0.0,0.0,0.0,0.0,0.0,Good
65.16549707411298,123.0,7.0,56.0,11.0,1.0,0.6517322729173034,78.85891535788258,8.0,4.0,3.0,12.669360915267207,1.0,25.0,3.0,1.0,0.9560258076217502,27.0,58.0,2.0,3.0,1.0,60.0,0.0,0.0,0.0,0.0,0.0,0.0,0.0,0.0,0.0,0.0,0.0,Good
80.0,117.0,2.0,59.7129008733729,22.0,0.0,0.0,96.0,59.0,6.0,6.0,23.0,3.0,17.0,2.889349467791431,1.0,1.0,2.0,73.66696645694068,2.0,1.0,1.0,25.0,0.0,1.0,0.0,0.0,0.0,0.0,1.0,0.0,0.0,0.0,0.0,Good
59.0,217.0,4.627739733568639,87.65190493898322,48.0,0.0,0.0,94.55536685598983,11.0,4.593110656987765,6.0,29.0,2.0,22.0,0.6901749465025646,5.0,3.0,42.0,68.78726135088013,14.0,4.0,3.0,70.0,0.0,1.0,0.0,0.0,0.0,0.0,0.0,0.0,0.0,0.0,0.0,Bad
57.0,85.6096454482617,10.0,19.0,7.0,0.0,0.0,92.09597148790004,27.716638854509767,7.0,8.0,25.0,2.0,43.0,6.0,0.0,0.0,97.0,71.76891927935738,4.0,2.6018267154073578,2.820569583299233,100.0,1.0,0.0,0.0,0.0,0.0,0.0,0.0,0.0,0.0,0.0,0.0,Bad
69.0,155.0,20.0,55.0,11.0,1.0,1.0,93.0,29.0,5.0,2.0,14.0,0.0,36.0,3.400728650482835,0.0,0.0,24.0,49.0,3.0,3.0,0.0,86.0,0.0,0.0,0.0,0.0,1.0,0.0,0.0,0.0,0.0,0.0,0.0,Good
66.0,163.0,19.0,73.0,14.0,0.0,0.0,93.0,27.0,5.202683556739075,6.0,14.0,0.0,64.0,0.0,1.1200980646891807,1.0542908742346058,51.0,62.31493574227055,2.0,2.0,2.0,67.0,0.0,0.0,0.0,0.0,0.0,0.0,0.0,0.0,0.0,0.0,0.0,Bad
71.0,161.59408163165,3.0,53.0,33.0,0.0,0.0,100.0,33.95407261685489,7.0,8.0,33.0,4.0,33.0,0.0,6.0,5.812209936776749,31.0,99.0,4.0,3.0,0.0,39.0,1.0,0.0,0.0,0.0,0.0,0.0,0.0,0.0,0.0,0.0,0.0,Good
66.84633559946757,263.0,5.0,82.17600151498667,33.0,0.0,0.0,89.65155874707547,1.0,4.0,6.0,48.0,2.6581637043444797,32.0,0.0,2.0,1.9430687906338429,14.0,48.0,7.0,4.0,1.2493636225819542,61.0,0.0,0.0,0.0,0.0,0.0,0.0,0.0,0.0,0.0,0.0,0.0,Good
84.42127240034537,294.0,5.0,93.14549480772241,15.0,0.0,0.0,100.0,43.24312138947644,7.0,8.0,15.0,2.0,33.525079248324246,4.0,1.0,0.9651742042486932,2.0,82.0,2.0,2.0,0.0,50.0,1.0,0.0,0.0,0.0,0.0,0.0,0.0,0.0,0.0,0.0,0.0,Good
71.0,282.0,1.0,73.0,22.0,-0.011006713424630554,0.0,94.08082553805957,34.61285376960973,6.0,6.0,25.0,5.0,4.0,0.0,2.0,2.0,37.0,39.0,11.0,1.0,1.0,80.0,0.0,0.0,0.0,1.0,0.0,0.0,0.0,0.0,0.0,0.0,0.0,Bad
58.0,71.0,2.0,32.0,17.0,0.0,0.0,94.0,2.0,4.0,6.0,18.0,2.3418919915737257,28.0,0.0,2.0781487415530995,2.0,69.0,77.0,6.0,2.3820169337747035,4.0,67.0,0.0,0.0,0.0,0.0,0.0,0.0,0.0,0.0,0.0,0.0,0.0,Bad
84.0,209.0,3.0,84.0,19.0,0.0,0.0,100.0,44.061755234526544,7.086467010411779,8.0,20.0,2.0,30.0,2.0,5.0,4.839117420326326,0.0,51.0,2.0,3.0,0.0,63.0,1.0,0.0,0.0,0.0,0.0,0.0,0.0,0.0,0.0,0.0,0.0,Good
79.0,164.0,14.81300766469025,102.0,23.0,1.0,0.6430463098030199,96.0,34.0,6.0,5.0,24.137554729724418,3.0,15.0,2.832221541388957,2.0,1.948613682345205,9.0,58.161312690726724,4.0,1.1722845451227557,1.0,44.0,0.0,1.0,0.0,0.0,0.0,0.0,1.0,0.0,1.0,0.0,0.0,Bad
84.0,93.0,4.0,37.0,7.686769879283941,0.0,0.0,100.0,50.47267645561854,7.0,8.0,7.0,1.9208126171362756,29.0,1.8940757516826197,3.0,3.0,16.0,73.39398466068513,2.0,1.0,0.0,75.0,1.0,1.0,0.0,0.0,0.0,0.0,1.0,0.0,0.0,0.0,0.0,Good
55.0,25.0,2.341697764884401,14.0,9.0,0.0,0.09521801465162455,100.0,28.641338296663662,7.0,8.0,9.0,2.7250458187472715,56.0,0.0,1.0,1.0,97.0,93.0,3.0,2.0,2.0,100.0,1.0,0.0,0.0,0.0,0.0,0.0,0.0,0.0,0.0,0.0,0.0,Bad
79.0,261.04883739359457,15.439095761375757,114.0,18.650197599033984,0.0,0.0,97.92485209967631,40.13611013082391,7.0,8.0,18.0,1.0,35.527966372958076,1.0,1.0,1.0,36.0,58.67649487359978,2.0,2.0,1.0,57.0,1.0,0.0,0.0,0.0,0.0,0.0,0.0,0.0,0.0,0.0,0.0,Good
67.0,161.0,12.0,81.0,17.150163342192272,0.0,0.0,100.0,36.33332778147334,7.0,8.0,19.0,0.0,58.0,2.8810485803570445,0.0,0.0,90.0,65.0,4.0,3.23252155944488,2.6587633495147367,100.0,1.0,0.0,0.0,0.0,1.0,0.0,0.0,0.0,0.0,0.0,0.0,Good
88.0,232.0,5.0,92.0,10.0,0.0,0.0,100.0,45.72420078514935,7.02078751688595,8.0,12.0,1.0,70.0,4.0650011624698035,0.0,0.0,0.0,70.83657361669373,0.0,3.0,-0.8435781068348454,60.0,1.0,0.0,0.0,0.0,1.0,0.0,0.0,0.0,0.0,0.0,0.0,Good
69.0,402.0,26.0,139.0,15.0,0.0,0.0,93.0,4.0,4.0,6.0,15.0,0.0,45.7887683719786,0.0,2.0,2.0,46.0,68.0,5.0,3.002875053484628,0.0,100.0,0.0,0.0,0.0,0.0,0.0,0.0,0.0,0.0,0.0,0.0,0.0,Good
72.0,322.067246463655,-4.004152692791013,104.0,26.0,0.0,0.0,96.0,31.237355090792732,6.0,6.0,47.0,4.0,11.0,5.0,1.0,1.0,24.0,119.0,9.0,1.0,2.0,55.0,0.0,0.0,0.0,1.0,0.0,0.0,0.0,0.0,0.0,0.0,0.0,Good
73.75794790792554,243.0,8.853984959751248,113.0,26.0,0.0,0.07748794701216521,100.0,27.709790423214145,5.0,7.0,29.0,2.0,31.0,3.101214940531214,1.0343551837376008,1.0,36.0,82.0,8.0,2.567480475889612,2.0,69.0,1.0,1.0,0.0,0.0,0.0,0.0,0.0,0.0,0.0,0.0,0.0,Good
79.0,171.0,34.0,95.0,6.0,0.0,0.0,100.0,48.95801975907773,7.0,8.0,6.0,-0.3713642911856496,67.0,6.0,0.0,0.0,46.24970621388276,49.628122481551415,1.190832135591899,0.891824436786806,0.5158374852655947,100.0,1.0,0.0,0.0,0.0,0.0,1.0,1.0,1.0,0.0,1.0,0.0,Good
83.0,274.7524902070116,6.791171626720036,98.0,53.0,0.0,0.0,100.0,40.42873766199915,7.0,8.0,53.42536449697697,2.0,20.0,0.0,2.0,2.0,14.0,65.43111517830921,4.0,2.3528133773142432,0.0,29.0,1.0,0.0,0.0,0.0,0.0,0.0,1.0,0.0,0.0,0.0,0.0,Bad
63.0,86.9269272330539,5.0,31.0,17.0,2.0,2.0,95.0,42.0,6.0,2.0,20.0,1.0,53.0,0.0,2.0,2.0,57.0,77.2877955756149,2.0,9.0,0.9259567632160259,100.0,0.0,0.0,0.0,0.0,0.0,0.0,0.0,0.0,0.0,1.0,0.0,Bad
85.0,141.0,12.0,71.0,14.0,0.0,0.0,100.0,41.849431200293026,7.0,8.0,16.0,0.0,21.0,4.2838300332257955,0.017167028386286812,0.0,1.0,47.0,2.0,1.6461598049884087,-0.1329941418863987,44.0,1.0,1.0,0.0,0.0,0.0,0.0,0.0,0.0,0.0,0.0,0.0,Good
60.0,161.39318304072344,21.246986808570483,74.0,10.0,0.0,0.0,50.0,7.0,4.312823287928396,6.0,10.0,0.8643839064091807,30.0,8.0,0.0,0.0,36.0,51.01589023066262,2.0,0.0864594659552424,1.0,29.0,0.0,0.0,0.0,0.0,0.0,0.0,1.0,0.0,1.0,0.0,0.0,Bad
43.0,71.0,11.0,48.0,3.2811419961841697,1.0,0.0,65.36762609482435,1.0,3.0,5.0,7.220176701620844,1.0,62.467294465247846,0.0,1.1810390974074967,1.151578033153089,96.9074632141294,69.95724625895194,1.0,1.0,2.0746157426096685,100.0,0.0,0.0,0.0,0.0,0.0,1.0,0.0,0.0,0.0,1.0,0.0,Bad
61.0,46.0,2.0,23.0,9.0,0.47128650268346917,0.4574100093051132,100.0,24.859174984028527,6.0,8.0,10.0,2.0,40.0,1.0,5.0,4.856637884517028,56.0,72.0,5.0,2.0,0.0,88.0,1.0,0.0,0.0,0.0,0.0,0.0,0.0,0.0,0.0,0.0,0.0,Bad
63.2633093489562,151.44062908395264,4.0,52.0,22.987200793676333,2.0,2.0,92.0,7.0,4.0,6.0,27.0,1.0,33.0,0.0,1.040639854523138,1.0,32.0,76.0,6.0,3.0,0.0,90.0,0.0,0.0,0.0,0.0,0.0,0.0,0.0,0.0,0.0,0.0,0.0,Bad
67.0,161.26980914916322,0.7290198589390293,46.0,31.13213957418101,1.0,1.0,97.0,9.0,4.0,4.0,38.0,1.0,26.0,3.13753911338261,1.0,1.0,41.0,72.87131054336021,9.0,2.0,2.0,87.0,0.0,1.0,0.0,0.0,0.0,0.0,0.0,0.0,0.0,0.0,0.0,Bad
67.57613730685638,88.0,16.0,48.0,15.706701262731826,0.0,0.0,100.0,41.734544950021814,6.810291962537441,8.0,15.223181080105828,2.015750417675611,8.0,0.0,1.0,0.9591392608503023,79.0,89.0,7.0,1.0,2.0,89.0,1.0,0.0,0.0,0.0,0.0,0.0,0.0,0.0,0.0,0.0,0.0,Good
64.0,276.0,2.0,74.0,24.0,1.0,1.0,96.0,3.0,1.0,3.0,26.0,4.0,23.0,0.0,2.0,2.0,59.0,70.86340430077306,6.0,2.0,1.0,69.0,0.0,0.0,0.0,0.0,0.0,0.0,0.0,0.0,0.0,0.0,0.0,Good
70.87845453326467,299.0,3.0,94.63196285222062,34.90371114050279,1.4303885455213663,1.0,97.0,16.0,6.0,2.0,37.0,4.0,8.0,0.0,3.0,3.0,6.0,92.0,7.0,2.0,1.0,41.0,0.0,0.0,0.0,0.0,0.0,0.0,0.0,0.0,0.0,0.0,0.0,Bad
61.79104373140203,200.88066202696717,2.0,78.0,27.0,0.0,0.0,93.0,9.0,4.0,6.0,29.0,1.0,63.50485356186151,2.0,1.0,1.0,92.0,74.43849908253529,1.0,5.0,1.0,100.0,0.0,0.0,0.0,0.0,0.0,0.0,0.0,0.0,0.0,0.0,0.0,Bad
67.0,162.0,34.0,95.0,16.0,0.0,0.0,94.0,3.0,4.0,6.0,17.0,0.0,19.0,15.0,0.0,-0.04750162391796797,67.0,38.81705095351459,2.0,1.0,1.0,60.0,0.0,0.0,0.0,0.0,0.0,0.0,1.0,0.0,0.0,0.0,0.0,Bad
69.0,138.0,68.0,92.0,3.23564685226462,0.0,-0.17395266932874767,83.0,17.0,6.0,6.0,6.0,-1.8360222958281378,47.291895641093774,0.0,0.07660300087904187,0.0,84.0,18.096734751069704,1.0,1.4058464292441837,1.0,100.0,0.0,0.0,0.0,0.0,0.0,0.0,1.0,0.0,0.0,0.0,0.0,Bad
82.0,86.0,5.26577364680487,40.0,9.0,0.0,0.0,100.13770634573247,47.37916858174049,7.300591255532085,8.0,9.073363555896423,2.079092921610549,30.0,0.0,1.0,0.9632672155036995,16.0,72.31280659074741,2.0,2.0,0.0,50.0,1.0,0.0,0.0,0.0,0.0,0.0,0.0,0.0,0.0,0.0,0.0,Bad
77.0,207.0,21.12539743102722,87.0,4.0,0.5803490497700632,0.223456094525957,80.0,27.0,6.0,5.0,5.0,0.0,0.0,3.7435247010791346,0.0136553388354834,0.0,31.0,48.30434048856203,1.0,-0.35395503621004343,0.0,50.0,0.0,0.0,0.0,0.0,1.0,0.0,1.0,0.0,1.0,0.0,0.0,Good
84.0,424.0,24.038707843602808,145.0,16.930343568925117,0.0,0.0,93.0,19.0,6.0,6.0,15.0,0.0,36.1233727026379,5.158703586235017,0.05145387562601275,0.0,1.0,14.0,2.0,2.4604783010120608,0.0,57.0,0.0,0.0,0.0,0.0,1.0,0.0,0.0,0.0,0.0,0.0,0.0,Good
59.0,95.0,8.0,60.203783713620496,2.0,1.0,1.0,50.0,13.0,6.0,4.0,5.6527658700154095,1.0,50.0,1.1509494135975036,1.0,1.0,104.0,67.60604275948029,2.0,1.1144632107686112,0.0,100.0,0.0,1.0,0.0,0.0,0.0,0.0,1.0,0.0,1.0,0.0,0.0,Bad
68.0,186.0,1.0,62.31879276033945,27.879017450321587,0.0,0.0,96.0,49.0,6.0,6.0,24.0,5.0,38.24483544508503,0.18523852334725932,4.0,4.0,55.0,93.0,8.0,5.0,2.0,81.0,0.0,1.0,0.0,0.0,0.0,0.0,0.0,0.0,0.0,0.0,0.0,Good
60.0,101.0,19.56628983255117,49.0,9.0,2.0,2.0,67.0,10.0,4.0,2.0,12.0,0.0,83.0,0.0,0.0,-0.011776744938897604,51.98196672217733,63.63771480641784,0.4483482797928424,3.0,0.1603484793811416,100.0,0.0,0.0,0.0,0.0,0.0,1.0,0.0,1.0,0.0,1.0,0.0,Bad
67.0,85.0,2.0,40.0,23.0,1.0,1.0,100.0,31.770939113701274,6.0,8.0,24.0,3.0,83.0,1.4099303247207966,2.0,1.9644525658321732,82.0,79.0,1.0,9.0,1.0,92.0,1.0,1.0,0.0,0.0,0.0,0.0,0.0,0.0,0.0,0.0,0.0,Bad
57.0,23.0,8.0,56.0,8.151077025192048,2.0,1.0,73.32159908339861,16.0,6.0,4.0,9.697795252655817,1.389141235043191,33.0,1.0,2.137292036636171,2.0,92.0,75.0,1.0,1.0,1.8784524110288696,67.0,0.0,0.0,0.0,0.0,0.0,0.0,0.0,0.0,0.0,1.0,0.0,Bad
79.0,121.0,44.0,72.0,11.0,0.0,-0.10446630457315259,88.3274315306407,30.0,5.567004283841831,6.0,11.0,0.0,55.0,3.8875253716737563,0.0,0.0,11.0,39.410605079332555,1.0,1.8391932461116358,0.0,67.0,0.0,1.0,0.0,0.0,0.0,0.0,1.0,0.0,0.0,0.0,0.0,Good
68.0,197.0,19.91341823342966,88.0,8.0,1.0,0.0,77.23362153945091,3.0,3.0,5.0,10.486889521310951,0.0,36.0,1.0,2.0,2.0,6.0,52.12751690293052,1.0,0.3669536222186953,0.0,17.0,0.0,0.0,0.0,0.0,0.0,0.0,1.0,0.0,1.0,0.0,0.0,Bad
82.0,115.0,4.0,54.3689829138647,16.0,0.0,0.0,100.0,41.122448381058234,6.900639871716536,8.0,16.0,2.0346930663648006,39.412626390821835,0.0,0.0,0.0,0.0,72.72999041283926,1.0,3.0,0.0,50.0,1.0,0.0,0.0,0.0,0.0,0.0,0.0,0.0,0.0,0.0,0.0,Bad
83.0,174.0,17.41841662087746,142.0,13.0,0.0,0.0,100.0,37.36751953922666,6.4944372333213,8.0,14.0,1.0,32.924752556751784,0.0,3.0,3.0,0.0,82.0,0.0,1.6247656175247056,0.0,33.0,1.0,0.0,0.0,0.0,0.0,0.0,0.0,0.0,0.0,0.0,0.0,Good
86.84997321882182,220.0,12.0,90.67793746958243,27.513636171819982,0.0,0.0225776357783736,100.0,41.8984927343007,7.0,8.0,35.0,0.0,60.0,7.0,0.0,-0.016629444295667428,0.0,63.55323367843125,0.0,1.0,0.0,33.0,1.0,0.0,0.0,0.0,0.0,0.0,1.0,0.0,0.0,0.0,0.0,Bad
67.0,209.6889301067004,7.0,68.0,34.0,0.0,0.0,100.0,40.09620725842797,7.0,8.0,39.0,2.3192510963897695,13.0,0.5744852815217212,5.0,5.0,90.0,40.0,13.0,4.0,9.0,89.0,1.0,1.0,1.0,0.0,0.0,0.0,0.0,0.0,0.0,0.0,0.0,Bad
80.57374959951177,333.0,3.0,107.0,44.0,0.12998830794890193,0.0,100.0,36.8327161436946,6.669052218050527,8.0,44.0,4.0,41.34157559672851,0.0,1.0,1.0,6.0,87.0,6.0,6.0,0.0,60.0,1.0,0.0,0.0,0.0,0.0,0.0,0.0,0.0,0.0,0.0,0.0,Good
76.0,87.0,2.0,34.0,30.0,0.0,0.0,100.0,45.49366898881988,7.0,8.0,32.35116664598,6.0,19.815025683177844,0.0,16.0,16.0,4.0,60.0,9.0,1.0,1.0296804159952293,65.0,1.0,0.0,0.0,0.0,0.0,0.0,0.0,0.0,0.0,0.0,0.0,Bad
73.0,216.0,1.0,72.0,41.0,0.0,0.0031496594256512356,100.0,34.85104206976024,7.0,8.0,42.0,4.0,41.483791866220386,0.0,10.0,10.0,25.0,88.0,3.0,4.0,0.0,50.0,1.0,0.0,0.0,0.0,0.0,0.0,0.0,0.0,0.0,0.0,0.0,Bad
62.0,153.39863059670606,-0.2458548974108261,51.0,20.0,1.0,0.0,78.0,11.0,4.0,5.0,23.0,4.0,39.0,0.0,1.0544288972764635,1.0,56.0,85.0,3.0,3.0,2.0,75.0,0.0,0.0,0.0,0.0,0.0,0.0,0.0,0.0,0.0,0.0,0.0,Bad
84.0,204.0,5.0,58.0,24.0,0.0,0.0525629885049857,105.20442653849062,49.01587080499968,7.0,8.0,26.0,5.0,38.0,1.0,2.0,1.935996949276853,2.0,96.0,4.0,2.0,0.0,46.0,1.0,0.0,0.0,0.0,0.0,0.0,0.0,0.0,0.0,0.0,0.0,Good
56.0,172.0,5.0,84.0,21.0,2.0,1.5874720657060752,88.0,2.0,1.0,3.0,24.0,1.0,31.749741173226376,3.0,2.0522330566298352,2.0,41.0,53.0,10.0,4.0,2.0,88.0,0.0,0.0,0.0,0.0,0.0,0.0,0.0,0.0,0.0,0.0,0.0,Bad
81.34784188041584,172.0,3.0,33.0,17.0,0.0,0.0,100.0,42.03966344949933,7.0,8.0,13.0,3.0,33.95181085171603,16.0,0.0028340425874830294,0.0,6.0,100.0,1.0,2.2720322403519795,0.0,38.0,1.0,0.0,0.0,0.0,0.0,0.0,0.0,0.0,0.0,0.0,0.0,Good
82.0,154.0,1.0,82.0,35.0,-0.02714797471700381,0.0,104.7648220690718,45.66761958918073,7.0,8.0,36.0,5.0,42.0,0.0,1.0,1.0,12.0,100.0,2.0,2.0,0.0,44.0,1.0,0.0,0.0,0.0,0.0,0.0,0.0,0.0,0.0,0.0,0.0,Good
54.0,94.0,1.0,44.0,16.0,0.0,0.0,83.02596648563821,1.0,4.0,6.0,17.0,4.0,29.0,0.0,1.0,1.0,58.0,94.0,4.0,2.0,1.6968924854991299,75.0,0.0,0.0,0.0,0.0,0.0,0.0,0.0,0.0,0.0,0.0,0.0,Bad
65.0,360.0,14.0,117.77142801578815,10.0,1.0,1.0,55.0,17.0,5.0,3.0,11.0,0.4804912233595884,45.0,0.0,0.11136578628531553,0.0,49.0,56.78954171262679,2.0,1.0,0.8756398695607213,60.0,0.0,0.0,0.0,0.0,0.0,0.0,1.0,0.0,0.0,1.0,0.0,Bad
71.0,194.0,3.0,79.5136159822894,14.0,1.1760664477906442,1.0,94.0,4.0,3.0,5.0,16.0,1.0,31.0,1.954361536715981,3.0,3.0,10.0,66.9363705691449,1.0,1.2635414182516498,-0.29586937051146345,50.0,0.0,1.0,0.0,0.0,0.0,0.0,1.0,0.0,1.0,0.0,0.0,Bad
54.0,183.09035851695543,7.0,77.0,3.0,12.877244751975661,12.0,43.0,8.0,1.465385316896825,2.0,16.0,1.0,43.0,0.0,0.0,0.0,13.0,93.0,1.0,1.0,0.0,67.0,0.0,0.0,0.0,0.0,0.0,0.0,0.0,0.0,0.0,0.0,0.0,Bad
78.0,126.0,4.815086258402268,58.0,36.411234890619525,0.0,-0.02122580293021681,100.0,36.998547925762495,7.0,8.0,45.0,2.0,51.0,0.0,2.0,1.9435663970871255,14.0,75.0,3.0,3.7186201984877467,0.0,50.0,1.0,0.0,0.0,0.0,0.0,0.0,0.0,0.0,0.0,0.0,0.0,Good
57.125698811626506,196.0,5.0,61.0,23.0,0.18909438403504497,0.0,88.43706979609111,16.0,4.9329839901933035,6.0,16.0,3.0,22.0,0.0,3.0,3.0,78.0,83.0,8.0,2.6694143020699697,4.0,83.0,0.0,0.0,0.0,0.0,0.0,0.0,0.0,0.0,0.0,0.0,0.0,Bad
84.78847797224465,234.38053163190114,4.0,98.0,5.0,0.0,0.013617341666347982,100.0,42.77340608786824,6.904888767284094,8.0,6.0,2.0,67.0,0.0,2.0,1.9324969435303236,0.0,80.0,0.0,2.0,0.0,50.0,1.0,0.0,0.0,0.0,0.0,0.0,0.0,0.0,0.0,0.0,0.0,Good
78.87910033200966,272.0,21.436267800595175,99.0,22.0,0.0,0.008177541330938454,100.0,41.42343576721703,7.0,8.0,23.0,1.0,14.0,4.329648610587604,0.0,-0.04467012225497047,30.0,8.0,10.0,1.0,1.0,73.0,1.0,0.0,0.0,0.0,1.0,0.0,0.0,0.0,0.0,0.0,0.0,Good
71.0,128.0,-0.5253522424094008,68.0,12.0,1.1239247672426758,0.6460360981569866,85.0,27.0,6.0,3.0,13.0,3.0,23.0,0.0,0.0,-0.024376037376549448,80.0,99.0,6.0,2.0,1.0,80.0,0.0,0.0,0.0,0.0,0.0,0.0,0.0,0.0,0.0,0.0,0.0,Bad
70.0,193.0,1.7851516913483358,57.0,25.69729586967298,0.0,0.0,100.35930484268732,33.36336614645353,7.0,8.0,23.0,2.8450320236157696,22.0,18.0,-0.0034210225991287563,0.0,53.0,80.0,6.0,4.0,1.0,63.0,1.0,0.0,0.0,0.0,0.0,0.0,0.0,0.0,0.0,0.0,0.0,Good
78.91309297814145,187.53867975497465,7.0,58.0,36.0,0.0,0.0,100.0,34.399741822823444,7.0,8.0,38.0,3.0,14.0,4.307423643892978,0.0,0.0,7.0,23.0,4.0,2.599181278788759,1.0,26.0,1.0,1.0,0.0,0.0,0.0,0.0,0.0,0.0,0.0,0.0,0.0,Good
63.0,227.0,3.0,63.0,16.0,3.0,1.0,75.25157055620096,20.0,6.0,4.0,31.0,3.0,20.0,1.7246081519255418,1.0205115073772155,1.0,28.0,100.0,6.0,2.0,1.0773898137960574,73.0,0.0,1.0,0.0,0.0,0.0,0.0,0.0,0.0,0.0,0.0,0.0,Bad
81.0,598.0,4.0,205.0,37.0,0.16237398170132789,0.0,100.0,29.409339996343704,6.3230018808432735,8.0,37.0,2.0,23.96650304463261,0.0,1.0,1.0,28.0,7.0,7.0,4.0,1.0,50.0,1.0,0.0,0.0,0.0,0.0,0.0,0.0,0.0,0.0,0.0,0.0,Bad
57.0,277.0,9.0,98.0,28.0,0.0,0.0,93.0,4.0,4.0,6.0,9.0,2.0,39.0,2.597514813469784,0.05948576992421169,0.0,71.0,90.0,7.0,3.1375225685121366,5.0,69.0,0.0,1.0,0.0,0.0,0.0,0.0,0.0,0.0,0.0,0.0,0.0,Good
87.0,408.0,6.0,125.31900502297297,23.082516963400717,0.0,0.0,100.0,39.47684334525229,6.729003835445386,8.0,24.0,1.0,31.917688994358745,4.721266668201796,0.0,-0.02737706414609939,0.0,61.90157968613268,1.0,2.2048160386891036,0.0,33.0,1.0,0.0,0.0,0.0,1.0,0.0,0.0,0.0,0.0,0.0,0.0,Good
63.0,95.0,3.0,37.0,19.0,0.48782539476299425,0.3798110670194803,95.53978161005725,22.076079414175098,6.0,8.0,19.0,4.0,37.0,1.1552834423010863,2.0,1.9577981354377294,43.0,67.0,5.0,2.906358128307298,1.0,69.0,1.0,1.0,0.0,0.0,0.0,0.0,0.0,0.0,0.0,0.0,0.0,Bad
69.0,176.0,13.0,79.8284085363866,34.0,0.0,0.0,97.0,14.0,6.0,6.0,34.0,0.0,56.0,0.0,1.064684675379494,1.0,52.0,73.0,7.0,6.0,2.0,81.0,0.0,0.0,0.0,0.0,0.0,0.0,0.0,0.0,0.0,0.0,0.0,Good
54.0,71.46787554251034,9.0,42.23702976250303,20.0,1.0,1.0,85.62129853958137,5.0,4.0,6.0,0.0,2.1042053741693474,67.0,9.0,0.0572148958233573,0.0,68.0,79.0,2.0,6.0,1.0,90.0,0.0,0.0,1.0,0.0,0.0,0.0,0.0,0.0,0.0,0.0,0.0,Bad
59.0,4.5079016852158915,16.35591286576926,9.0,1.0,1.0,1.0,100.0,35.14124221600744,7.0,8.0,4.205461151396046,1.806032496894356,100.0,-0.5944577178864301,3.0772830500338584,3.0,79.74857208394778,76.83766090675809,-0.23483518467004982,1.0,1.4042958290864174,100.0,1.0,1.0,0.0,0.0,0.0,1.0,1.0,1.0,0.0,1.0,0.0,Bad
70.0,76.0,1.0,36.0,19.0,0.0,0.0,100.0,33.57354885781504,7.0,8.0,20.0,3.0,25.0,0.0,2.0,2.0,31.0,42.0,5.0,2.0,1.0,64.0,1.0,0.0,0.0,0.0,0.0,0.0,0.0,0.0,0.0,0.0,0.0,Good
59.0,102.0,3.0,43.64704693495845,32.0,0.48572307793654623,0.0,82.0,5.0,4.0,5.0,33.49138901394083,4.0,39.0,0.0,1.0,0.9803842754667706,43.0,101.0,5.0,4.0,0.0,90.0,0.0,0.0,0.0,0.0,0.0,0.0,0.0,0.0,0.0,0.0,0.0,Bad
64.54469010022247,85.0,14.0,54.0,16.0,3.0,3.0,68.0,25.0,6.0,3.0,17.598729879292105,0.0,35.043938067520656,2.0,1.0,0.9443198442767176,23.0,62.287159207126784,3.0,3.0,2.0,50.0,0.0,0.0,0.0,0.0,0.0,0.0,0.0,0.0,0.0,0.0,0.0,Bad
63.0,59.0,1.0,29.0,16.0,0.0,0.0,100.0,38.57918564618723,7.0,8.0,17.0,3.0,53.0,0.0,2.0,2.0,100.0,92.0,5.0,4.0,2.929416444611861,100.0,1.0,0.0,0.0,0.0,0.0,0.0,0.0,0.0,0.0,0.0,0.0,Bad
72.0,221.0,11.0,84.0,22.0,2.4388845555624488,2.0,81.0,46.0,5.427402759715093,4.0,26.0,1.0,23.0,0.0,0.0,0.0,30.0,64.33131899851355,5.0,1.0,0.8355343475938781,70.0,0.0,0.0,0.0,0.0,0.0,0.0,1.0,0.0,0.0,0.0,0.0,Bad
79.0,162.8594542736481,3.0,51.0,28.0,0.0,0.0,100.0,40.75684886145308,7.052098005227562,8.0,28.0,5.0,37.83190466771022,0.0,2.0,2.0,8.0,71.0,2.0,4.0,1.0,40.0,1.0,0.0,0.0,0.0,0.0,0.0,0.0,0.0,0.0,0.0,0.0,Good
75.0,257.3347517716968,1.0,99.0,27.0,1.0,0.0,93.0,19.0,6.0,5.0,29.138569772468216,2.0,23.0,4.052997913515227,0.0,0.0,14.0,67.26302411460614,2.0,2.0,0.0,50.0,0.0,1.0,0.0,0.0,0.0,0.0,0.0,0.0,0.0,0.0,0.0,Bad
84.0,223.3606570264013,8.297198979322413,85.33646229625101,24.016069314115175,0.0,-0.0038876737109352355,100.0,43.84258010154903,7.0,8.0,24.532025347026313,1.9695124533755344,29.96554243133746,0.0,2.0,2.0,20.0,63.0,1.0,2.0,0.0,27.0,1.0,0.0,0.0,0.0,0.0,0.0,0.0,0.0,0.0,0.0,0.0,Good
72.83842486924247,207.82293501708398,6.0,87.0,16.0,1.4882954244979565,1.0,94.0,57.0,6.0,2.0,19.307268829154278,1.0,27.483245841281956,3.2701395489522507,0.0,0.019367353192960263,70.0,69.78245056153972,3.0,1.227553117098056,1.0,75.0,0.0,1.0,0.0,0.0,0.0,0.0,1.0,0.0,1.0,0.0,0.0,Good
80.0,94.0,23.0,51.0,11.263031566258466,0.0,0.0,100.0,44.195559419188555,7.0,8.0,9.0,0.0,56.0,0.0,0.0,0.0,26.0,77.0,1.0,2.0,0.2870497517777042,60.0,1.0,0.0,0.0,0.0,0.0,0.0,0.0,0.0,0.0,0.0,0.0,Good
68.7387841145095,252.0,1.0,47.0,14.0,0.1505597525005129,0.0,94.0,39.0,6.0,6.0,18.702787403105827,6.0,41.90648852369627,0.0,2.0,2.0,49.0,71.0,3.0,3.0,0.0,78.0,0.0,0.0,0.0,0.0,0.0,0.0,0.0,0.0,0.0,0.0,0.0,Bad
65.0,521.0,10.0,159.0,34.430702488952804,0.0,0.0,90.0,3.0,4.0,6.0,39.0,2.176515115522487,27.89680751415599,0.0,0.0,0.0,19.0,85.0,7.0,2.0,0.0,64.0,0.0,0.0,0.0,0.0,0.0,0.0,0.0,0.0,0.0,0.0,0.0,Good
70.0,217.0,0.0,80.0,29.0,1.0,1.0,97.0,40.0,0.0,2.0,33.0,2.0,29.0,1.0,1.0,1.0,55.0,10.0,9.0,2.8886227288436683,2.0215167000918446,86.0,0.0,0.0,0.0,0.0,0.0,0.0,0.0,0.0,0.0,0.0,0.0,Bad
66.0,167.0,4.0,105.0,19.0,2.0,1.0,77.0,8.0,1.0,3.0,20.085487522610972,2.0,23.0,8.0,0.0,0.0,4.0,5.0,1.0,2.0,0.0,50.0,0.0,0.0,0.0,0.0,0.0,0.0,0.0,0.0,0.0,0.0,0.0,Good
90.0,376.0,4.0,130.0,17.0,0.0,0.0,100.0,47.33821203196544,7.0,8.0,27.0,2.0,53.0,4.0,1.0,1.0,1.0,67.11741682582861,2.0,2.0,0.0,57.0,1.0,0.0,0.0,0.0,0.0,0.0,0.0,0.0,0.0,0.0,0.0,Good
65.0,140.0,8.0,65.0,8.0,0.0,0.0,88.0,52.0,6.0,6.0,8.0,1.0,13.0,0.0,2.0751704663417456,2.0,91.0,68.75487804859944,2.0,0.32103752283847853,2.0,75.0,0.0,0.0,0.0,0.0,0.0,0.0,1.0,0.0,0.0,0.0,0.0,Good
69.0,41.0,9.0,27.0,3.0,1.5886707694227624,1.0,75.0,36.0,4.83943853009368,2.0,4.0,1.4488926397072142,0.0,2.869575520035047,0.0,-0.01373756325156264,24.0,65.86963007239527,1.0,0.40726935633010286,-0.8936622432327344,100.0,0.0,1.0,0.0,0.0,0.0,0.0,1.0,0.0,1.0,1.0,0.0,Bad
61.37047754216327,127.0,17.0,101.0,8.0,0.0,0.0,82.74057408252847,3.0,4.0,6.0,3.0,0.0,29.063415878434153,3.0,1.0276126036600224,1.0,68.0,55.72792719887392,5.0,1.1300709111856917,3.0,100.0,0.0,0.0,0.0,0.0,0.0,0.0,1.0,0.0,1.0,0.0,0.0,Bad
70.0,200.0,8.440286183933818,95.0,23.0,0.0,0.0,89.71156349138684,14.0,6.0,6.0,24.0,1.9134546735151292,58.0,0.0,3.088222082671468,3.0,34.0,75.0,5.0,4.0,1.1181378258520098,82.0,0.0,0.0,0.0,0.0,0.0,0.0,0.0,0.0,0.0,0.0,0.0,Good
74.90401437078691,99.78153169658903,19.0,46.0,7.0,-0.2872168218885385,0.0,100.0,45.543251897691135,7.0,8.0,8.315350934025215,0.0,43.0,19.0,0.0,-0.009702451309775983,51.48466707010033,60.08748333491481,2.8429190057934894,1.0,1.0341410896319974,100.0,1.0,0.0,0.0,0.0,0.0,1.0,1.0,1.0,0.0,1.0,0.0,Bad
68.0,178.0,5.0,73.0,28.813652949037024,0.0,0.0,97.0,25.0,6.0,6.0,31.0,2.0,35.0,0.0,4.0,4.0,26.0,82.0,5.0,3.0,1.0,67.0,0.0,0.0,0.0,0.0,0.0,0.0,0.0,0.0,0.0,0.0,0.0,Bad
73.0,190.0,8.0,113.0,27.0,0.0,0.0,100.0,34.95060540137436,7.0,8.0,24.633848543191956,1.0,23.0,7.0,0.0,0.0,40.0,78.0,9.0,3.0,2.7066766453682813,68.0,1.0,0.0,0.0,0.0,0.0,0.0,0.0,0.0,0.0,0.0,0.0,Bad
65.0,150.0,1.0,50.0,23.0,0.0,0.0,87.956569737705,3.0,4.0,6.0,24.272500884022023,2.335299012942152,46.0,10.0,0.0,0.0,33.0,100.0,2.0,2.985953819141029,1.0,50.0,0.0,0.0,0.0,0.0,0.0,0.0,0.0,0.0,0.0,0.0,0.0,Bad
73.18901782387384,352.0,14.657037673706402,129.0,15.0,0.0,0.0,97.35465082020399,37.23284661330729,6.66623082584567,8.0,16.247391074846572,0.0,33.0,0.0,0.0,0.0,71.0,74.0,6.0,2.0,4.0,73.0,1.0,0.0,0.0,0.0,0.0,0.0,0.0,0.0,0.0,0.0,0.0,Bad
60.0,288.0,5.1805207548265635,105.0,19.0,1.0,0.0,77.81440630314731,3.0,4.0,5.0,22.0,1.0,36.0,0.0,1.0,0.9710192567741007,27.0,100.0,6.0,2.0,2.0,73.0,0.0,0.0,0.0,0.0,0.0,0.0,0.0,0.0,0.0,0.0,0.0,Bad
55.0,248.0,15.0,62.0,19.0,2.0,1.0,86.0,3.0,3.205264543001974,5.0,22.0,0.0,64.0,0.0,2.0,2.0,8.0,31.0,1.0,2.0,0.0,75.0,0.0,0.0,0.0,0.0,0.0,0.0,0.0,0.0,0.0,0.0,0.0,Good
73.0,138.0,5.0,76.0,5.0,1.0,1.0,75.0,25.0,6.0,4.0,7.532849697383021,1.633700252588489,63.0,0.0,2.0,2.0,0.0,92.0,0.0,2.3753743318121043,-1.0770332907583406,67.0,0.0,0.0,0.0,0.0,0.0,0.0,0.0,0.0,0.0,1.0,0.0,Good
82.0,139.30230918287424,6.0,49.0,12.0,0.0,0.0,100.39461065027132,44.787315321263435,7.0,8.0,12.0,1.0,21.428884676991878,5.0,0.022125493333482998,0.0,6.0,68.66926342692516,6.0,1.0,0.6540778718414675,64.0,1.0,0.0,0.0,0.0,0.0,0.0,1.0,0.0,0.0,0.0,0.0,Good
72.0,210.0,2.6884900014963087,76.0,25.0,0.0,0.0,92.0,23.0,5.336028242997455,6.0,25.0,3.0,36.49704665803098,0.0,3.089720637626286,3.0,25.0,79.0,3.0,3.0,1.0,50.0,0.0,0.0,0.0,0.0,0.0,0.0,0.0,0.0,0.0,0.0,0.0,Good
71.00574885051854,122.0,17.15686301790975,63.0,16.67307133327804,0.0,0.0,91.0,2.0,4.2351928661,6.0,18.738206302914442,0.0,72.22254922864252,0.0,1.0,1.0,0.0,49.0,0.0,6.0,-0.9599519100088476,86.0,0.0,0.0,0.0,0.0,0.0,0.0,0.0,0.0,0.0,1.0,0.0,Bad
77.0,200.0,2.0,45.0,18.0,0.0,0.0,100.0,43.02929958108038,7.0,8.0,19.0,3.0,44.77267149606371,0.0,6.0,6.0,20.0,87.0,2.0,2.0,0.0,80.0,1.0,0.0,0.0,0.0,0.0,0.0,0.0,0.0,0.0,0.0,0.0,Good
69.0,87.0,5.0,35.0,15.0,0.0,0.0,67.0,12.0,4.857778407806402,6.0,15.0,2.0,60.0,0.0,2.0,2.0,0.0,76.0,1.0,2.5586271044093993,-0.6516552134777212,50.0,0.0,0.0,0.0,0.0,0.0,0.0,0.0,0.0,0.0,1.0,0.0,Bad
70.0,137.0,7.0,51.0,27.0,0.0,-0.1999438647965235,93.0,12.0,6.0,6.0,27.0,3.0,30.0,0.0,1.0,1.0,43.0,68.87405956870289,6.0,2.0,3.0,53.0,0.0,0.0,0.0,0.0,0.0,0.0,1.0,0.0,0.0,0.0,0.0,Bad
56.0,137.0,8.916314450429564,66.51562869342482,38.0,1.0,0.0,80.0,2.0,4.0,5.0,41.0,2.0,27.0,0.0,1.0,1.0,64.0,48.0,7.0,2.0,2.0,69.0,0.0,0.0,0.0,0.0,0.0,0.0,0.0,0.0,0.0,0.0,0.0,Bad
65.0,435.0,4.590276872231648,97.0,32.0,-0.11312015470329806,0.0,103.43867906564458,34.31763610571727,7.0,8.0,34.0,2.0,18.0,0.0,8.0,8.0,70.0,68.42420286690516,9.0,1.0,8.0,67.0,1.0,0.0,0.0,0.0,0.0,0.0,1.0,0.0,0.0,0.0,0.0,Bad
63.0,293.0,6.0,91.0,30.0,0.33113520952086484,0.0,90.0,25.0,6.0,5.0,33.0,3.0,16.0,4.0,2.0,2.0,70.0,66.48898700216127,11.0,2.0,3.6401599898678474,72.0,0.0,0.0,0.0,0.0,0.0,0.0,1.0,0.0,0.0,0.0,0.0,Bad
86.0,257.6344983156821,21.721598046465814,109.0,26.0,-0.014805329257180588,0.0,100.0,40.27817749136878,6.809418390824672,8.0,26.0,1.0,38.0,6.0,0.0,0.0,0.0,13.0,1.0,2.0,0.0,43.0,1.0,0.0,0.0,0.0,0.0,0.0,0.0,0.0,0.0,0.0,0.0,Good
90.0,363.0,6.122779980204644,84.0,37.0,0.0,0.0,100.0,45.927708611209766,7.0,8.0,39.0,0.0,3.0,0.0,0.042362903686224654,0.0,1.0,62.30141263114904,3.0,1.0,0.3382860843193627,15.0,1.0,0.0,0.0,0.0,0.0,0.0,1.0,0.0,0.0,0.0,0.0,Good
60.748810305570444,91.0,18.669076312627233,47.711103014034194,10.0,0.0,0.0,75.0,16.0,6.0,6.0,12.906384240836283,2.0,83.0,0.0,3.094449996184797,3.0,60.73719325913134,66.25959012894144,1.1616094803449544,2.0,0.7878926705059133,100.0,0.0,0.0,0.0,0.0,0.0,1.0,1.0,1.0,0.0,1.0,0.0,Bad
62.0,127.31651457409399,2.0,47.0,24.0,0.0,0.0,96.0,59.0,6.0,6.0,25.0,1.0,48.0,0.0,0.0,0.0,73.0,113.0,5.0,5.0,2.5294453382752273,91.0,0.0,0.0,0.0,0.0,0.0,0.0,0.0,0.0,0.0,0.0,0.0,Bad
79.0,192.0,8.0,88.7155640286075,27.15969161036714,0.0,0.0,94.0,7.0,4.0,6.0,32.0,1.1157362733875464,50.0,4.445445629209386,0.03449539881520272,0.0,3.0,64.21625924768614,3.0,1.0,0.0,50.0,0.0,1.0,0.0,0.0,0.0,0.0,1.0,0.0,0.0,0.0,0.0,Good
87.0,218.0,17.0,98.0,17.0,0.0,0.0,100.0,40.09802649736608,7.0,8.0,39.0,0.778328077762918,35.0,4.839163099242521,0.0,0.0,0.0,6.0,1.0,1.0,0.0,29.0,1.0,1.0,0.0,0.0,0.0,0.0,0.0,0.0,0.0,0.0,0.0,Good
72.0,119.0,1.0,33.0,19.0,0.0,0.0,99.96861288681104,39.042657529327386,7.0,8.0,20.0,3.0,40.0,0.0,0.03295530986945581,0.0,37.0,78.94314909406047,9.0,2.0,0.0,85.0,1.0,0.0,0.0,0.0,0.0,0.0,1.0,0.0,0.0,0.0,0.0,Bad
66.0,147.0,8.0,62.5650885224875,19.0,1.0,1.0,86.52191247615123,23.0,6.0,6.0,20.0,1.0,63.0,0.0,2.0,2.0,35.0,17.0,1.0,3.0,0.5824001816764024,57.0,0.0,0.0,0.0,0.0,0.0,0.0,0.0,0.0,0.0,0.0,0.0,Bad
61.0,89.20443901218034,9.0,36.0,5.0,0.0,0.0,83.0,11.0,4.0,6.0,6.65826544706178,1.4160633075218922,33.0,0.0,0.0344227542302303,0.0,69.0,74.0,3.0,2.0,1.0,100.0,0.0,0.0,0.0,0.0,0.0,0.0,0.0,0.0,0.0,0.0,0.0,Good
71.0,77.0,2.0,38.0,12.0,0.0,0.0,92.0,24.0,6.0,6.0,13.0,3.0,38.76532059061169,0.0,1.0,1.0,63.0,80.0,3.0,1.0,1.0,80.0,0.0,0.0,0.0,0.0,0.0,0.0,0.0,0.0,0.0,0.0,0.0,Bad
80.0,115.0,3.0,44.0,11.0,0.0,0.0,99.78692002967472,42.590205001799745,7.01224822429023,8.0,12.0,2.0,55.0,6.0,0.0,0.0,27.0,75.47550657310602,1.0,2.0,0.0,50.0,1.0,0.0,0.0,0.0,0.0,0.0,0.0,0.0,0.0,0.0,0.0,Bad
72.0,348.0,16.0,79.0,27.87766973753802,0.02905482557282557,0.0,100.0,35.421430043737644,7.0,8.0,36.0,2.251295004368715,31.0,3.3032290794091987,0.029211239565304525,0.0,39.0,89.0,4.0,3.0555503263681514,2.0,67.0,1.0,0.0,0.0,0.0,1.0,0.0,0.0,0.0,0.0,0.0,0.0,Good
86.0,206.0,26.0,101.28152345111197,15.0,0.0,0.04593344208442679,100.0,44.649396722987035,7.0,8.0,15.3980007766515,0.0,27.990439285035126,3.8294396881572204,0.9884060067981539,0.9379913245401112,5.0,49.04666922613227,2.0,1.0,0.0,50.0,1.0,1.0,0.0,0.0,0.0,0.0,1.0,0.0,0.0,0.0,0.0,Bad
80.0,264.0,6.91539154201384,53.0,16.0,0.0,0.06915840980117005,101.09576174581801,45.043493926504624,7.0,8.0,19.673362998571168,1.0,75.0,3.537606895330027,0.0,-0.01980970252332022,42.0,74.08268433799454,2.0,3.0,0.0,83.0,1.0,0.0,0.0,0.0,1.0,0.0,0.0,0.0,0.0,0.0,0.0,Good
71.0,162.0,11.0,51.0,14.633684904189135,0.0,0.0,92.0,13.0,6.0,6.0,13.0,1.0,15.0,0.0,0.0,0.0,51.0,62.06778112691527,3.0,1.0,1.0,50.0,0.0,0.0,0.0,0.0,0.0,0.0,1.0,0.0,0.0,0.0,0.0,Bad
72.0,177.0,0.0,48.749759584324835,31.0,0.0,0.0,108.3619433512913,45.58960099500763,7.4557637816802025,8.0,34.0,7.0,40.81829060167824,0.0,12.196942189398193,12.0,45.0,81.07406193890525,6.0,6.0,2.0,60.0,1.0,0.0,0.0,0.0,0.0,0.0,0.0,0.0,0.0,0.0,0.0,Bad
73.0,121.0,9.0,64.0,26.205091018675805,0.0,0.0,100.0,37.66098995682498,6.0,8.0,26.031681515102946,4.0,35.0,0.0,2.0726824779157305,2.0,35.0,64.0,10.0,2.0,2.0428503932709434,92.0,1.0,0.0,0.0,0.0,0.0,0.0,0.0,0.0,0.0,0.0,0.0,Good
70.0,115.0,3.0,48.0,18.0,0.0,0.0,95.0,61.0,6.0,6.0,19.0,2.770435078785848,26.0,0.08348639231401345,5.0,5.0,72.0,50.0,3.0,2.5924339307470854,1.0,86.0,0.0,1.0,0.0,0.0,0.0,0.0,0.0,0.0,0.0,0.0,0.0,Bad
58.0,20.0,4.0,11.0,7.449575471812121,2.0,2.0,76.06723086932148,23.0,6.0,4.0,8.0,4.0,88.0,2.0,1.0,1.0,58.10553361667515,103.0,0.41476245321392646,4.0,0.3065908251576468,100.0,0.0,0.0,0.0,0.0,0.0,1.0,0.0,1.0,0.0,1.0,0.0,Bad
88.0,206.0,7.0,83.0,23.0,0.0,0.0,100.0,49.80727026964331,7.0,8.0,25.0,2.0,44.0,23.0,-0.013010833313563022,0.0,18.0,89.0,1.0,2.0,-0.23536968731110042,60.0,1.0,0.0,0.0,0.0,0.0,0.0,0.0,0.0,0.0,0.0,0.0,Good
78.0,306.0,1.0,80.0,21.51631074318405,0.12184349515390602,0.0,91.04831181341251,13.0,6.0,6.0,20.0,3.0,40.0,0.0,1.0,1.0,9.0,70.34684392725548,6.0,2.005163776758551,0.0,64.0,0.0,0.0,0.0,0.0,0.0,0.0,1.0,0.0,0.0,0.0,0.0,Good
85.0,181.0,6.0,77.0,7.0,0.0,0.0,100.0,44.05591838812137,7.0,8.0,10.0,1.0,38.63073673923128,5.0,0.012397861251645666,0.0,0.0,95.0,0.0,2.0,-0.6670292960817359,50.0,1.0,0.0,0.0,0.0,0.0,0.0,0.0,0.0,0.0,0.0,0.0,Good
73.0,190.0,27.0,91.51199975973806,22.0,0.0,0.0,96.0,67.0,6.0,6.0,21.758908017107494,0.0,30.0,2.6805236920158086,1.0707777237007752,1.0,36.0,54.08910105565785,3.0,2.0,2.0,60.0,0.0,0.0,0.0,0.0,1.0,0.0,1.0,0.0,0.0,0.0,0.0,Good
83.0,317.9104626993234,18.014950894941492,150.0,5.0,0.0,0.0,100.0,51.32250994328885,7.0,8.0,10.0,1.0,17.0,3.356964040039704,1.0,1.0,41.34483582842205,99.0,1.0,0.9108326708501844,0.19040906074531883,100.0,1.0,1.0,0.0,0.0,0.0,1.0,0.0,0.0,0.0,1.0,0.0,Good
68.0,152.0,2.0,81.0,25.0,0.0,0.0,89.0,1.0,4.0,6.0,25.99906004551961,2.0,43.0,0.0,2.0,2.0,8.0,79.0,3.0,5.0,-0.31115451287032947,100.0,0.0,0.0,0.0,0.0,0.0,0.0,0.0,0.0,0.0,0.0,0.0,Good
61.0,290.0,-4.017714552913031,62.0,39.0,0.0,0.0,97.0,2.0,6.0,6.0,42.408945363987456,5.0,38.0,1.0,3.0,3.0,30.0,77.73812635927416,8.0,2.992701462196001,1.0,60.0,0.0,0.0,0.0,0.0,0.0,0.0,1.0,0.0,0.0,0.0,0.0,Good
59.322787359413766,121.41459236895344,8.0,46.0,21.0,0.0,0.0,87.94517840598878,9.0,4.0,6.0,21.0,3.0,48.28640210848471,0.0,6.0,6.0,62.0,81.0,3.0,4.0,1.0,78.0,0.0,0.0,0.0,0.0,0.0,0.0,0.0,0.0,0.0,0.0,0.0,Bad
66.0,251.0,17.0,101.98849085466115,35.0,0.0,0.0,92.0,1.0,4.0,6.0,38.0,0.0,16.0,3.97318320127765,0.0,0.0,60.0,52.61250190780244,3.0,1.0,1.0,36.0,0.0,1.0,0.0,0.0,0.0,0.0,1.0,0.0,0.0,0.0,0.0,Bad
75.96032134238143,172.0,2.0,74.0,18.0,0.0,0.0,100.0,40.465822451105936,7.0,8.0,19.0,1.0,11.0,0.0,0.0,0.0,51.0,70.02829089677908,2.0,2.0,2.0,50.0,1.0,0.0,0.0,0.0,0.0,0.0,1.0,0.0,0.0,0.0,0.0,Good
80.0,162.0,9.0,82.0,22.0,0.0,0.0,100.82640229743023,51.97583029209653,7.0,8.0,24.0,0.9878957824239132,53.24260157198934,0.0,0.0,0.0,79.0,70.90582681930763,2.0,2.0,1.5852508914071146,80.0,1.0,0.0,0.0,0.0,0.0,0.0,0.0,0.0,0.0,1.0,0.0,Good
61.64559787736316,145.7963058897024,2.0,42.0,24.0,3.0,2.187099076074488,93.0,29.0,6.0,4.0,28.0,6.0,21.33253759354583,0.0,3.0,3.0,33.0,76.74002048703254,7.0,2.0,3.0,50.0,0.0,0.0,0.0,0.0,0.0,0.0,1.0,0.0,0.0,0.0,0.0,Bad
61.0,113.0,3.0,29.0,36.39925152885935,0.0,0.0,100.0,29.463341511316344,7.0,8.0,33.0,12.0,28.0,3.0,2.0,2.0,36.0,72.0,8.0,6.0,2.0114677726195236,54.0,1.0,0.0,0.0,0.0,0.0,0.0,0.0,0.0,0.0,0.0,0.0,Bad
91.0,244.0,20.0,84.0,12.0,-0.09306288332822898,0.0,101.38146540584964,48.74556777019285,7.0,8.0,15.0,0.0,43.0,4.682474772347129,0.0,0.0,0.0,51.0,0.0,2.0,-0.817776927944005,50.0,1.0,1.0,0.0,0.0,0.0,0.0,0.0,0.0,0.0,0.0,0.0,Good
65.0,122.33591960578207,14.0,47.0,22.543173830480768,-0.033041241450290304,0.0,96.0,28.209243106322447,6.0,6.0,23.0,0.0,30.0,0.0,1.0,0.937587497243648,61.0,62.0,6.0,2.6082949922050473,2.3573700055988733,75.0,0.0,0.0,0.0,1.0,0.0,0.0,0.0,0.0,0.0,0.0,0.0,Bad
74.0,182.4561734102675,12.0,65.0,40.0,0.0,0.0,98.0,33.0,6.0,6.0,46.0,0.0,21.0,2.0,1.0611506558840227,1.0,63.0,86.0,2.0,2.0,1.0,67.0,0.0,0.0,0.0,0.0,0.0,0.0,0.0,0.0,0.0,0.0,0.0,Good
65.0,254.6733921385088,-3.013569809881279,80.0,36.72707707500217,1.0,0.0,87.5487354471714,3.0,3.0,5.0,49.0,3.0,63.0,2.0,2.069724776124124,2.0,93.0,102.0,4.0,2.0,2.0,60.0,0.0,0.0,0.0,0.0,0.0,0.0,0.0,0.0,0.0,0.0,0.0,Good
87.0,306.47592345200883,2.0,127.0,15.0,0.0,0.0,100.0,46.05671845158736,7.0,8.0,16.65675954325426,1.0,41.76979639253896,23.0,0.0,0.0,13.0,89.0,2.0,2.0,0.0,80.0,1.0,0.0,0.0,0.0,0.0,0.0,0.0,0.0,0.0,0.0,0.0,Good
72.0,254.0,17.631933212475854,106.0,18.51779137495897,1.0,0.6015152662687382,92.0,14.0,6.0,5.0,15.0,1.5473215541834433,42.0,0.0,7.0,7.0,45.0,15.0,2.0,4.0,0.0,60.0,0.0,0.0,0.0,0.0,0.0,0.0,0.0,0.0,0.0,0.0,0.0,Good
56.0,247.0,6.0,76.0,22.917231721351033,4.0,0.0,71.58613236518867,4.0,3.0,5.0,21.0,2.0,64.43614440221901,0.0,2.0,1.9607884807553781,64.0,82.0,6.0,10.0,1.9485613904170562,100.0,0.0,0.0,0.0,0.0,0.0,0.0,0.0,0.0,0.0,0.0,0.0,Bad
57.0,179.0,8.0,75.0,31.0,2.0,0.0,76.0,17.0,4.73302401312794,5.0,34.0,2.1334948423270337,35.76265094597234,0.0,1.177823610482272,1.1294282499042947,73.0,79.0,5.0,2.0,3.0,70.0,0.0,0.0,0.0,0.0,0.0,0.0,0.0,0.0,0.0,0.0,0.0,Bad
71.0,387.0,9.0,133.0,52.0,1.0,0.0,93.0,22.0,6.0,5.0,55.0,1.0,49.0,0.0,0.05405010135140818,0.0,22.0,63.26593128622494,8.0,4.646242189444312,1.0,67.0,0.0,0.0,0.0,0.0,0.0,0.0,0.0,0.0,0.0,0.0,0.0,Good
77.75151780930587,161.0,9.887504299657056,68.06206656121086,15.0,0.0,0.0,100.0,40.91384069216187,7.0,8.0,14.536145597470785,1.877169030153056,13.0,0.0,0.04044605439746102,0.0,37.0,56.0,3.0,2.0,0.0,45.0,1.0,0.0,0.0,0.0,0.0,0.0,0.0,0.0,0.0,0.0,0.0,Bad
87.0,433.0,87.0,198.0,15.221362984521186,0.0,0.10711789166861008,100.0,44.109728277686344,6.588523046140571,8.0,16.450038278050087,0.0,0.0,0.0,0.0,-0.03686877070640471,13.0,-8.868914280375876,1.0,-0.26031102558155295,0.0,25.0,1.0,0.0,0.0,0.0,0.0,0.0,1.0,0.0,1.0,0.0,0.0,Good
67.0,144.0,21.0,62.0,22.0,0.0,0.0,86.0,6.0,4.0,6.0,22.0,0.0,59.0,1.0,2.0,2.0,11.0,58.0,2.0,3.0,1.0,100.0,0.0,0.0,0.0,0.0,0.0,0.0,0.0,0.0,0.0,0.0,0.0,Good
71.54590249575159,146.61896923885277,9.0,61.0,20.875808980566212,0.0,0.0,100.0,36.105399452922484,7.0,8.0,13.93384333059504,3.0,36.0,0.25942231352000755,5.132429729089117,5.0,43.0,50.0,5.0,2.0,2.0,64.0,1.0,1.0,1.0,0.0,0.0,0.0,0.0,0.0,0.0,0.0,0.0,Good
61.0,178.0,12.0,79.07673926176001,18.0,1.2773033375653562,1.0,89.0,2.0,3.0,5.0,19.018946379934253,0.0,20.0,3.5098280680351643,0.0,-0.0003757797287469583,35.0,20.0,6.0,2.4246521416148963,0.0,82.0,0.0,1.0,0.0,0.0,0.0,0.0,0.0,0.0,0.0,0.0,0.0,Good
66.0,272.0,3.374760666792003,95.0,44.0,0.0,0.0,106.75308554376528,35.18835782165533,7.0,8.0,49.0,3.0,29.0,0.0,4.103558757847545,4.0,63.0,72.96325211906627,16.0,3.4495852193721044,6.0,80.0,1.0,0.0,0.0,0.0,0.0,0.0,0.0,0.0,0.0,0.0,0.0,Good
85.0,231.08805850083957,2.0,84.0,21.885002250401417,0.0,0.0,102.83996101142995,47.085718167785984,7.0,8.0,27.0,1.0,20.66625211222443,2.0,1.0,1.0,6.0,69.73368644477254,6.0,1.3864385879631964,0.0,75.0,1.0,0.0,0.0,0.0,0.0,0.0,1.0,0.0,1.0,0.0,0.0,Good
61.0,165.57903373815034,5.92896897322915,70.0,8.0,1.0,0.5335076953055716,78.0,20.0,5.0,6.0,10.0,4.0,22.0,0.0,9.0,9.0,22.0,65.0,3.0,2.0,0.0,63.0,0.0,0.0,0.0,0.0,0.0,0.0,0.0,0.0,0.0,0.0,0.0,Bad
69.0,111.0,8.0,58.0,18.0,0.0,0.0,98.88777096081648,43.10207054190883,7.0,8.0,22.0,3.0,36.0,8.0,0.0,0.0,86.0,71.65221226519513,5.0,1.0,2.3694125775444967,100.0,1.0,0.0,0.0,0.0,0.0,0.0,1.0,0.0,0.0,0.0,0.0,Bad
79.51468932405388,213.7047011989235,4.0,83.38716195913737,9.0,0.0,0.007087789450569731,100.0,43.759776131902186,7.0,8.0,9.630708807671736,1.0,9.65062468273478,3.4946347106567646,0.0,0.0,51.0,66.42755960788645,2.0,-0.40250147851130746,1.448028722584489,29.0,1.0,0.0,0.0,0.0,1.0,0.0,1.0,0.0,1.0,0.0,0.0,Good
90.0,208.0,9.190905207517748,87.0,13.0,0.0,0.0,100.0,49.87953748289743,7.0,8.0,14.0,0.0,29.0,13.0,0.0,0.0,15.0,82.0,1.0,2.0,-0.012089889175350033,38.0,1.0,0.0,0.0,0.0,0.0,0.0,0.0,0.0,0.0,0.0,0.0,Good
78.71226049960799,97.0,10.091009772410452,68.64559656382596,36.0,0.0,0.0,100.0,26.966419921615312,5.0,7.0,39.0,1.0,5.0,3.78976095558292,1.0,1.0,3.0,61.52485815500364,4.0,1.0797451385090198,0.0,26.0,1.0,1.0,0.0,0.0,0.0,0.0,1.0,0.0,0.0,0.0,0.0,Bad
69.58539079699835,178.75694706855967,9.0,69.0,28.0,2.0,0.0,92.0,23.0,5.012486568663151,5.0,32.63818257543254,2.2730136843861537,47.0,0.0,2.0,1.8870150193521895,18.0,66.0,2.0,3.9641944133687703,-0.22388622980183492,88.0,0.0,0.0,0.0,0.0,0.0,0.0,0.0,0.0,0.0,1.0,0.0,Bad
54.0,424.0,0.0,147.0,7.0,3.1604983773449464,2.322387773063256,73.0,19.0,3.375013722668996,2.0,12.0,3.0,27.0,0.0,4.0,3.8849231417834127,61.0,67.70818663996566,6.0,2.0,1.0,89.0,0.0,0.0,0.0,0.0,0.0,0.0,0.0,0.0,0.0,0.0,0.0,Bad
71.0,94.0,3.617079348521507,54.0,13.0,1.0,0.0,56.0,26.0,5.282357141546544,5.0,18.0,2.0,39.0,1.919826803720205,1.0,1.0,0.0,95.0,0.0,2.0,0.0,33.0,0.0,1.0,0.0,0.0,0.0,0.0,0.0,0.0,0.0,0.0,0.0,Bad
60.804486249855294,172.0,4.0,68.0,28.0,1.3145067175385148,0.6360041210775181,66.0,22.0,4.8518659654194325,5.0,29.0,2.0,28.0,0.0,3.0,2.892371542202022,45.0,80.0,8.0,2.0,2.1009760483835764,71.0,0.0,0.0,0.0,0.0,0.0,0.0,0.0,0.0,0.0,0.0,0.0,Bad
77.0,193.0,23.0,43.0,8.0,0.0,0.0,96.96014047711313,43.46085915324801,6.950241713537809,8.0,10.390232305896355,0.0,13.0,3.538103247019175,0.0,0.0,45.0,54.599281385417925,5.0,1.0,0.0,86.0,1.0,1.0,0.0,0.0,0.0,0.0,0.0,0.0,0.0,0.0,0.0,Good
68.846422853247,332.0,9.0,122.0,29.32044009355754,1.0,0.0,88.0,23.0,6.0,5.0,33.0,1.580966796227075,55.0,0.0,0.0,-0.01310622743548881,60.0,77.0,4.0,5.0,2.0,77.0,0.0,0.0,0.0,0.0,0.0,0.0,0.0,0.0,0.0,0.0,0.0,Good
56.0,57.0,16.0,30.0,5.588949199465138,4.798347716724026,4.0,67.0,4.0,0.0,2.0,9.0,0.0,89.0,0.0,1.0,1.0,0.0,70.0,1.0,4.108379301757215,0.0,100.0,0.0,0.0,0.0,0.0,0.0,0.0,0.0,0.0,0.0,0.0,0.0,Bad
66.0,48.0,-1.3746701279070557,19.0,11.0,0.0,0.0,100.0,34.824318340732844,7.0,8.0,11.0,5.0,18.0,1.4291649260647712,1.1837121101059689,1.174535704945727,39.0,80.0,7.0,2.0,1.0,90.0,1.0,1.0,0.0,0.0,0.0,0.0,0.0,0.0,0.0,0.0,0.0,Bad
70.0,158.72889903850674,6.0,59.0,15.0,0.0,0.0,87.0,1.0,4.0,6.0,15.0,2.0,47.0,0.0,1.066313041192412,1.0,3.0,67.97407769309925,1.0,1.0,0.0,33.0,0.0,0.0,0.0,0.0,0.0,0.0,1.0,0.0,0.0,0.0,0.0,Bad
79.0,209.0,5.0,77.0,28.0,0.0,0.0,100.0,46.46947127289823,7.325473584605096,8.0,28.0,3.0,29.0,0.0,0.0,0.0,43.0,71.30271488041554,4.0,2.0,2.0,55.0,1.0,0.0,0.0,0.0,0.0,0.0,1.0,0.0,0.0,0.0,0.0,Bad
73.0,422.0,2.0,62.0,42.0,0.0,0.0,98.0,11.0,4.0,6.0,49.22276882405261,8.0,23.0,0.0,4.0,3.8720371033703285,12.0,71.94669611511827,4.0,2.0,0.0,44.0,0.0,0.0,0.0,0.0,0.0,0.0,1.0,0.0,0.0,0.0,0.0,Good
72.0,209.0,2.0,95.0,41.0,0.0,0.0,100.0,36.129891358013396,7.0,8.0,41.17039615549146,2.4159304550042693,38.0,0.0,1.0,1.0,42.0,73.77665283063098,7.0,2.0,2.0247001196749888,82.0,1.0,0.0,0.0,0.0,0.0,0.0,1.0,0.0,0.0,0.0,0.0,Bad
70.0,150.86608061334297,9.0,57.0,14.0,0.0,0.0,86.03379406823743,6.0,4.0,6.0,14.0,1.0,7.0,0.0,0.0,0.0,24.0,61.76848904148693,5.0,0.697502636414095,1.0,67.0,0.0,0.0,0.0,0.0,0.0,0.0,1.0,0.0,0.0,0.0,0.0,Bad
69.0,273.7359440752545,1.0,104.0,35.0,0.0,0.0,94.0,61.0,6.0,6.0,36.0,2.814218499472733,31.0,3.0950016299477183,0.0,0.0,45.0,61.0,7.0,4.0,3.0,61.0,0.0,1.0,0.0,0.0,0.0,0.0,0.0,0.0,0.0,0.0,0.0,Good
73.0,139.0,16.0,61.0,14.0,0.0,0.0,100.0,42.34373472243573,6.924568630511318,8.0,14.0,0.0,14.0,0.0,3.0,3.0,59.0,66.0,6.0,1.0,2.0,78.0,1.0,0.0,0.0,0.0,0.0,0.0,0.0,0.0,0.0,0.0,0.0,Bad
57.0,156.0,11.13615186196306,71.0,13.0,3.0,2.0,75.0,6.0,0.0,2.0,17.600448915164545,1.0,51.387314313467456,2.406680884272577,1.0357145308928821,1.0,95.0,66.59649097505807,2.0,2.0,1.4643535984229983,100.0,0.0,1.0,0.0,0.0,0.0,0.0,0.0,0.0,0.0,0.0,0.0,Bad
79.0,190.0,16.0,151.0,15.0,0.0,-0.025824153421689727,100.0,37.40096969438653,7.0,8.0,12.619455895032935,0.16998233805304253,35.0,3.7677242069419834,1.0,0.9506797317195348,35.0,15.0,4.0,2.0,1.17931728584965,75.0,1.0,1.0,0.0,0.0,0.0,0.0,0.0,0.0,0.0,0.0,0.0,Good
58.0,29.0,1.0,13.0,13.0,0.10748905912624718,0.0,100.0,28.313712963128808,7.0,8.0,15.0,8.0,7.867277971299467,0.0,12.0,12.0,27.0,79.09638277194945,8.0,0.9816092520069875,1.9775464767978739,57.0,1.0,0.0,0.0,0.0,0.0,0.0,1.0,0.0,1.0,0.0,0.0,Bad
75.75390311286027,150.0,3.0,78.0,34.0,1.5244175649527145,1.0,90.70082911946281,70.0,6.0,2.0,35.06886433958525,3.0,20.0,1.226337565734076,4.0,4.0,27.0,74.46652298884005,4.0,1.0,1.0,45.0,0.0,1.0,0.0,0.0,0.0,0.0,0.0,0.0,0.0,0.0,0.0,Good
68.0,149.14321191473402,17.0,60.0,24.0,0.0,-0.18027774398481783,80.0,1.0,4.0,6.0,25.0,0.0,40.0,0.0,0.04924642075780611,0.0,13.0,57.7831196886235,1.0,3.0,1.0,50.0,0.0,0.0,0.0,0.0,0.0,0.0,0.0,0.0,0.0,0.0,0.0,Bad
85.0,288.0,6.0,100.0,25.0,0.0,0.0,100.0,44.245647945989276,7.0,8.0,25.0,2.0,24.0,0.0,0.0,0.0,10.0,57.0,3.0,2.0,0.19213642456233826,50.0,1.0,0.0,0.0,0.0,0.0,0.0,0.0,0.0,0.0,0.0,0.0,Good
65.0,200.15732408884054,3.0,67.0,26.624717500448575,0.0,0.0,93.0,7.0,4.74947766007079,6.0,28.0,3.0,21.0,0.0,1.0,1.0,54.0,48.0,9.0,1.0,4.0,77.0,0.0,0.0,0.0,0.0,0.0,0.0,0.0,0.0,0.0,0.0,0.0,Bad
81.0,128.0,5.0,62.42106811378626,12.065970840908896,-0.03796722481235326,0.0,100.0,44.797856340058615,7.0,8.0,7.0,1.0,43.0,1.0,1.0,1.0,31.0,81.0,1.0,2.0,1.0,50.0,1.0,0.0,0.0,0.0,0.0,0.0,0.0,0.0,0.0,0.0,0.0,Bad
73.0,159.0,7.0,60.0,16.0,0.0,0.0,94.0,15.0,6.0,6.0,16.0,3.0,44.0,3.3094542269154634,0.0,0.0,72.0,94.0,5.0,2.0,0.0,100.0,0.0,1.0,0.0,0.0,0.0,0.0,0.0,0.0,0.0,0.0,0.0,Bad
86.0,234.28434492722533,3.0,87.68684087040722,18.0,0.028617241418438688,0.0,100.0,46.27973871089134,7.0,8.0,21.0,2.0,24.0,0.0,4.0,4.0,2.0,68.93832597096672,4.0,0.7853824695958749,0.0,40.0,1.0,0.0,0.0,0.0,0.0,0.0,1.0,0.0,1.0,0.0,0.0,Good
70.63596431348398,93.42650683932362,12.0,40.0,10.0,0.0,0.0,100.0,37.67182454524769,6.768851322337635,8.0,11.215318599920154,0.0,42.22556259836897,1.1189149549547754,3.0622633766187386,3.0,62.0,73.0,3.0,2.0,2.0,83.0,1.0,1.0,0.0,0.0,0.0,0.0,0.0,0.0,0.0,0.0,0.0,Good
70.0,395.0,3.0,72.0,46.04254796179458,0.094801902387605,0.0,100.0,33.64136201665585,7.0,8.0,66.0,3.7935292232444593,30.0,1.0,1.2144361189712607,1.2079344372270169,33.0,100.0,9.0,2.0,1.0,85.0,1.0,0.0,0.0,0.0,0.0,0.0,0.0,0.0,0.0,0.0,0.0,Good
70.0,176.0,8.0,96.0,20.0,0.0,0.0,91.170929736982,17.0,5.0,6.0,20.0,1.0,30.0,0.0,0.04692660904481943,0.0,74.0,71.0,8.0,4.0,2.7199467641315502,86.0,0.0,0.0,0.0,0.0,0.0,0.0,0.0,0.0,0.0,0.0,0.0,Bad
64.0,52.0,4.0,17.0,15.535141094897792,0.0,0.0,100.0,40.32159503896975,7.0,8.0,14.0,6.0,58.0,1.7958695275568854,0.0,0.0,100.0,82.96842298220237,5.0,4.0,1.0,100.0,1.0,1.0,0.0,0.0,0.0,0.0,0.0,0.0,0.0,0.0,0.0,Bad
71.31884579254225,97.50020466570668,4.0,35.0,11.0,1.0,1.0,92.0,77.0,6.0,4.0,12.0,3.2334098838855923,30.461772977605694,3.0,6.120152090333468,6.0,45.0,62.0,5.0,2.0,1.0,70.0,0.0,0.0,0.0,0.0,0.0,0.0,0.0,0.0,0.0,0.0,0.0,Good
53.44129159423388,232.0,6.0,93.0,13.0,2.0,1.5151061167266926,69.0,1.0,0.0,2.0,16.195159718162802,1.1111094103106023,38.0,0.0,0.0,-0.0014845812327660135,94.0,88.0,2.0,2.265845852713774,1.0,83.0,0.0,0.0,0.0,0.0,0.0,0.0,0.0,0.0,0.0,0.0,0.0,Bad
74.0,206.0,9.0,66.0,16.0,0.0,0.0,98.48611338776065,37.14614678620811,6.772451476126232,8.0,37.0,1.0,25.0,2.199190546023153,2.0,2.0,52.0,65.72861269473337,6.0,2.0,1.0,73.0,1.0,1.0,0.0,0.0,0.0,0.0,0.0,0.0,0.0,0.0,0.0,Good
91.0,494.0,22.166500304047084,159.87444247485115,15.0,0.0,0.007637746430751019,98.8083947977147,47.101808343260274,7.0,8.0,15.0,1.0,0.0,0.0,0.0,0.0,1.0,43.85950702091647,2.0,-0.17018583931937675,0.0,29.0,1.0,0.0,0.0,0.0,0.0,0.0,1.0,0.0,1.0,0.0,0.0,Bad
85.0,319.0,3.0,91.0,15.0,0.0,0.0,100.0,45.39809966255777,7.0,8.0,17.0,2.0,24.0,0.0,5.0,5.0,3.0,68.10736588440722,2.0,1.0,0.0,50.0,1.0,0.0,0.0,0.0,0.0,0.0,1.0,0.0,0.0,0.0,0.0,Bad
77.0,261.8142844679086,4.0,85.0,53.0,0.04670058974786562,0.0,100.0,38.599961912096234,7.0,8.0,53.111239802880476,4.0,21.0,0.0,1.0677279439664877,1.0,20.0,70.85634539831696,10.0,4.0,3.0,50.0,1.0,0.0,0.0,0.0,0.0,0.0,0.0,0.0,0.0,0.0,0.0,Bad
68.0,353.0,1.0,119.47521534072102,14.46048594804914,7.0,2.0,61.944683238080934,20.0,6.0,4.0,20.0,1.3423767484944409,40.0,0.0,2.0,1.939904304632965,27.0,67.01028843339988,2.0,2.0,1.0,50.0,0.0,0.0,0.0,0.0,0.0,0.0,1.0,0.0,0.0,0.0,0.0,Bad
72.0,216.0,5.0,100.0,25.0,1.4094130674196368,1.0,85.14150997655378,8.0,2.0,4.0,26.0,1.0,31.0,5.0,0.0,-0.026205497514382323,33.0,64.07132827511691,3.0,2.0,1.0,31.0,0.0,0.0,0.0,0.0,0.0,0.0,1.0,0.0,0.0,0.0,0.0,Bad
70.0,260.0,5.0,45.0,13.0,0.0,0.033953107250426884,98.03265020569752,39.40534111747314,7.0,8.0,13.0,1.9674842297638735,31.0,3.0427423475717537,0.0,0.0,90.0,50.0,4.0,2.0,1.0,86.0,1.0,1.0,0.0,0.0,0.0,0.0,0.0,0.0,0.0,0.0,0.0,Bad
72.0,117.0,6.4402422713170004,49.0,9.0,0.0,0.0,98.39930931275241,42.45575696899931,7.0,8.0,11.0,4.0,27.0,2.6822858586375156,0.0,0.0,55.0,72.56429097252268,5.0,1.0,2.0,86.0,1.0,1.0,0.0,0.0,0.0,0.0,1.0,0.0,0.0,0.0,0.0,Good
68.0,298.0,4.0,85.07419153382507,19.0,4.155567825695095,4.0,89.0,53.0,6.0,6.0,22.0,2.5744717010441,41.83289662995682,5.0,1.0,1.0,6.0,72.61398008797897,2.0,3.0,0.0,63.0,0.0,0.0,0.0,0.0,0.0,0.0,0.0,0.0,0.0,0.0,0.0,Good
73.0,221.0,4.0,79.0,26.0,0.0,-0.05006871335162852,96.0,10.0,4.0,6.0,27.0,2.0840763435724043,27.0,0.0,2.07298951203724,2.0,18.0,69.0,2.0,3.0,1.0,45.0,0.0,0.0,0.0,0.0,0.0,0.0,0.0,0.0,0.0,0.0,0.0,Good
68.0185326231406,133.0,14.0,68.58258143736087,20.52321594542632,0.0,0.0,100.0,37.82980434148436,6.695337681814845,8.0,21.0,0.0,14.0,10.0,0.0,0.0,83.0,87.0,6.0,2.0,5.0,80.0,1.0,0.0,0.0,0.0,0.0,0.0,0.0,0.0,0.0,0.0,0.0,Bad
67.0,234.0,3.0,96.0,43.0,0.0,0.0,100.0,41.35800338945208,7.429592435958071,8.0,41.22652981367408,3.0,12.0,0.0,1.1489627767689297,1.072050316106041,79.0,24.0,23.0,4.0,11.0,87.0,1.0,0.0,0.0,0.0,0.0,0.0,0.0,0.0,0.0,0.0,0.0,Bad
88.0,229.0,20.0,102.0,22.0,0.0,0.0,100.0,49.73019189827812,7.279270165766188,8.0,22.0,0.8669273450223294,27.0,0.0,0.049132239724578815,0.0,5.0,55.151117294733815,2.0,1.0,-0.16016822049660484,50.0,1.0,0.0,0.0,0.0,0.0,0.0,1.0,0.0,0.0,0.0,0.0,Bad
84.0,159.0,3.0,75.0,21.0,0.0,0.0,93.83072453756967,28.0,6.0,6.0,26.0,1.0,46.0,3.0,2.059497729835,2.0,0.0,84.0,1.0,3.0,0.0,57.0,0.0,0.0,0.0,0.0,0.0,0.0,0.0,0.0,0.0,0.0,0.0,Good
64.0,99.0,7.0,43.0,8.0,0.0,0.0,100.0,36.560810905714675,7.0,8.0,8.512767004688058,2.683111591787913,38.0,0.0,4.0,3.0,76.0,89.0,5.0,2.4778109998180495,1.0,100.0,1.0,0.0,0.0,0.0,0.0,0.0,0.0,0.0,0.0,0.0,0.0,Bad
59.0,279.0,4.0,86.13362551396482,7.0,0.0,-0.38719821618424394,63.0,7.0,4.0,6.0,8.0,2.0,25.0,1.0,1.0,0.9613686024423356,72.0,40.0,4.0,2.0,1.0,86.0,0.0,0.0,0.0,0.0,0.0,0.0,0.0,0.0,0.0,0.0,0.0,Bad
71.0,80.0,6.0,45.0,27.0,0.0,0.0,98.94329143180556,33.77245052848431,7.0,8.0,27.0,1.0,33.0,0.0,0.0,0.0,43.0,96.0,3.0,2.56471438289154,1.0,46.0,1.0,0.0,0.0,0.0,0.0,0.0,0.0,0.0,0.0,0.0,0.0,Bad
78.0,175.0,6.0,75.0,15.0,0.0,0.0,98.18309783897706,41.91384592750063,7.0,8.0,5.0,2.0,36.32600404577031,6.0,0.0,0.0,32.0,69.3673878985957,2.0,1.5946415882224478,0.0,75.0,1.0,0.0,0.0,0.0,0.0,0.0,1.0,0.0,0.0,0.0,0.0,Bad
76.0,10.0,2.0,7.0,2.0,0.010963370199221778,0.0,94.38327258708824,37.36187942223097,7.0,8.0,3.0,3.0,67.0,0.0,1.0,1.0,0.0,81.28068239825623,0.0,1.2734210058142441,-0.7161259813812495,50.0,1.0,0.0,0.0,0.0,0.0,0.0,1.0,0.0,0.0,1.0,0.0,Bad
83.0,344.0,6.0,130.0,52.708784650249115,1.0,0.5618450744944433,93.90632654269203,18.0,5.074628349186326,5.0,68.0,3.0,18.0,6.0,0.0,-0.020709411838495048,4.0,21.0,5.0,3.0,0.0,31.0,0.0,0.0,0.0,0.0,0.0,0.0,0.0,0.0,0.0,0.0,0.0,Good
70.0,162.0,5.0,82.0,20.68085186638684,0.0,0.0,100.0,34.859480967199175,7.0,8.0,20.0,2.0,45.0,2.2796140085018295,1.1118155644931482,1.0718180440419116,60.0,76.0,5.0,1.0,2.0,67.0,1.0,1.0,0.0,0.0,0.0,0.0,0.0,0.0,0.0,0.0,0.0,Bad
92.0,206.0,8.0,122.0,11.0,0.03962390093231294,0.0,100.0,56.208753799143125,7.651712539007392,8.0,20.0,1.0,15.0,1.0,1.0374405362541694,1.0,1.0,61.58569248776816,2.0,1.0,0.0,60.0,1.0,0.0,0.0,0.0,0.0,0.0,1.0,0.0,0.0,0.0,0.0,Good
68.5885447802798,162.0,3.3614966094205805,53.0,14.0,0.0,0.0,100.0,40.17867566699499,7.0,8.0,15.0,2.1433263566934384,27.0,2.0,1.0,1.0,63.0,88.0,7.0,3.0,4.0,100.0,1.0,0.0,0.0,0.0,0.0,0.0,0.0,0.0,0.0,0.0,0.0,Good
86.0,263.74969088296143,6.0,106.0,17.0,0.0,0.0,94.0,49.0,6.0,6.0,17.0,1.251405901709992,18.0,0.0,1.0410231434641801,0.9731425362777929,22.0,64.54319266671953,3.0,1.0,0.36065477772827137,40.0,0.0,0.0,0.0,0.0,0.0,0.0,1.0,0.0,0.0,0.0,0.0,Bad
88.0,312.9006308073625,10.0,127.0,24.0,0.0,0.0,100.0,43.17816203780413,7.0,8.0,25.0,1.0,40.0,12.0,0.014966059306000857,0.0,2.0,59.58215971895554,3.0,2.462993007618282,0.15300835933608692,45.0,1.0,0.0,0.0,0.0,0.0,0.0,0.0,0.0,0.0,0.0,0.0,Good
77.0,54.0,12.0,32.0,1.4262449509720965,-0.039770647580503304,0.0,100.0,43.284507409653486,7.0,8.0,4.0,0.0,33.0,1.9595496314356207,2.0,1.9854026619720766,25.0,67.20112094937514,2.0,1.2684749246839417,0.0,100.0,1.0,1.0,0.0,0.0,0.0,0.0,1.0,0.0,1.0,0.0,0.0,Bad
89.0,231.06206668214793,11.0,95.21418544626982,10.0,0.0,0.0,100.0,48.34856991948891,7.0,8.0,10.0,1.0,20.0,4.345592300568086,0.0,-0.03522792857697096,4.0,60.12348504012856,1.0,1.0,0.0,33.0,1.0,0.0,0.0,0.0,1.0,0.0,1.0,0.0,0.0,0.0,0.0,Good
60.0,205.0,4.0,74.0,27.864472141994266,0.0,0.0,88.0,4.0,4.0,6.0,34.0,5.0,59.0,0.3904065127129215,4.0,4.0,32.0,62.0,4.0,3.0,0.0,80.0,0.0,1.0,0.0,0.0,0.0,0.0,0.0,0.0,0.0,0.0,0.0,Bad
73.86320047100921,279.0,1.70525010484522,71.0,26.0,0.0,0.0,100.0,41.2530597883914,7.0,8.0,27.0,2.447718262321982,56.0,0.0,1.0,1.0,55.0,87.0,6.0,2.0,1.0,89.0,1.0,0.0,0.0,0.0,0.0,0.0,0.0,0.0,0.0,0.0,0.0,Bad
93.0,399.0,27.0,174.0,5.0,0.0,-0.0014506875312984557,100.0,48.29833317309931,7.186353707530639,8.0,5.0,0.0,0.0,2.0,1.0306317732395034,1.0,0.0,38.17401839196397,0.0,-1.2920281154827737,0.0,0.0,1.0,0.0,0.0,0.0,0.0,0.0,1.0,0.0,1.0,0.0,0.0,Bad
84.0,260.76106282522125,4.0,103.0,24.488677392811415,0.0,0.0,100.0,42.832455529236796,6.98660299233898,8.0,29.0,1.0,21.0,2.5295203399600985,3.0,3.0,7.0,92.0,2.0,2.0,1.0,55.0,1.0,1.0,0.0,0.0,0.0,0.0,0.0,0.0,0.0,0.0,0.0,Good
52.0,177.576196990074,3.0,63.0,23.34383740243332,1.0,1.0,88.0,2.0,4.0,6.0,26.072460621101378,4.0,27.00209816686036,1.0,4.0,4.0,78.0,72.48577758374824,6.0,1.0,4.0,70.0,0.0,0.0,0.0,0.0,0.0,0.0,1.0,0.0,0.0,0.0,0.0,Bad
81.55172626102592,228.0,3.0,68.0,27.155391136263756,0.0,0.0,100.0,40.045872041057066,6.863951952641822,8.0,31.0,3.0,29.0,0.0,3.0,3.0,0.0,98.0,1.0,2.6100225515763813,0.0,33.0,1.0,0.0,0.0,0.0,0.0,0.0,0.0,0.0,0.0,0.0,0.0,Good
33.0,243.0,12.0,88.0,7.564370636885762,6.0,1.0,44.376063673117315,1.0,3.0,3.0,17.020549816985817,2.481559684877956,55.0,0.0,2.0,2.0,51.0,66.0,2.0,4.0,1.1681552054638014,100.0,0.0,0.0,0.0,0.0,0.0,0.0,0.0,0.0,0.0,1.0,0.0,Good
47.0,207.01938290165575,13.0,88.0,25.0,2.0,2.0,76.36430362300216,0.0,0.0,2.0,30.0,0.0,36.24808479809717,1.1433347011256072,2.0,2.0,94.0,85.0,6.0,2.0,2.0,80.0,0.0,1.0,0.0,0.0,0.0,0.0,0.0,0.0,0.0,0.0,0.0,Bad
87.0,178.0,6.967524516232658,78.97159873797894,22.0,0.0,0.0,100.0,48.99564673260622,7.0,8.0,24.0,2.0,33.17022649408381,2.0,6.0,6.0,7.0,68.0,2.0,2.0,0.0,44.0,1.0,0.0,0.0,0.0,0.0,0.0,0.0,0.0,0.0,0.0,0.0,Bad
80.0,381.0,5.750835093740374,113.26520606105261,35.0,0.03163694991656785,0.0,100.0,39.498235797423035,7.0,8.0,37.0,2.0,37.0,14.0,0.010636508802238022,0.0,38.0,80.0,2.0,2.0,0.0,57.0,1.0,0.0,0.0,0.0,0.0,0.0,0.0,0.0,0.0,0.0,0.0,Good
72.0,15.0,3.0,9.0,2.0,0.0,0.0874537663572943,96.67786264086001,39.553047400897924,6.670908251229347,8.0,2.0,1.0,49.806936007627655,0.0,10.0,9.68733202149152,26.0,87.0,1.0,1.0,-0.22428187385540976,100.0,1.0,0.0,0.0,0.0,0.0,0.0,0.0,0.0,0.0,0.0,0.0,Bad
74.0,191.0,1.0,64.0,18.0,0.0,-0.21199618668070663,89.60569545798585,13.0,6.0,6.0,19.0,4.0,42.0,0.0,3.0,3.0,12.0,86.0,2.0,2.0,1.0,40.0,0.0,0.0,0.0,0.0,0.0,0.0,0.0,0.0,0.0,0.0,0.0,Bad
67.0,70.0,1.0,43.0,2.3578186044567166,0.0,0.03896097201739204,94.49704287707424,43.278411019801695,7.0,8.0,4.0,1.0,50.0,0.0,8.0,8.0,100.0,79.31140495079556,1.0,0.9952876686850047,1.9085520195792065,100.0,1.0,0.0,0.0,0.0,0.0,0.0,1.0,0.0,0.0,1.0,0.0,Bad
73.0,242.81671879652242,2.0,84.0,29.0,0.10069070743782893,0.0,97.0,5.0,4.0,6.0,31.0,1.0,40.0,16.0,0.0,0.0,19.0,18.0,5.0,3.0,0.0,53.0,0.0,0.0,0.0,0.0,0.0,0.0,0.0,0.0,0.0,0.0,0.0,Good
69.0,140.0,15.0,54.0,8.0,1.0,0.0,78.0,25.0,5.285710099439393,5.0,16.0,1.365794606177734,44.0,2.2211805512727785,1.0,1.0,48.0,76.0,4.0,2.5752125606058227,1.0,86.0,0.0,1.0,0.0,0.0,0.0,0.0,0.0,0.0,0.0,0.0,0.0,Good
65.09165800208103,172.79850553496618,3.0,66.0,23.0,0.0,0.0,96.0,32.0,5.756538815237934,6.0,23.0,2.0,48.0,-0.9942546540321886,7.134605636756968,7.0,55.0,27.0,7.0,4.0,2.113332702444006,92.0,0.0,1.0,0.0,0.0,0.0,0.0,0.0,0.0,0.0,0.0,0.0,Bad
73.0,192.0,4.0,60.0,19.0,0.0,0.0,95.0,40.0,6.0,6.0,21.359852286876222,3.0,42.0,0.0,2.0,1.9343323480273784,29.0,95.0,4.0,3.0,0.5062238203781284,88.0,0.0,0.0,0.0,0.0,0.0,0.0,0.0,0.0,0.0,0.0,0.0,Bad
86.0,215.0,5.0,80.0,38.0,0.0,0.0,100.0,41.87610081940406,7.025534739450812,8.0,39.0,2.0,27.087908344957917,12.0,0.0,0.0,2.0,66.30780294011281,1.0,2.0,0.0,21.0,1.0,0.0,0.0,0.0,0.0,0.0,1.0,0.0,0.0,0.0,0.0,Good
83.0,83.0,22.0,80.0,7.0,0.0,0.004897644806549334,100.0,49.86584483080961,7.277241558159089,8.0,5.9087459127956805,0.0,29.0,2.0,1.0,1.0,30.0,43.0,2.0,1.8102183644494896,0.2983567488596357,75.0,1.0,0.0,0.0,0.0,0.0,0.0,0.0,0.0,0.0,0.0,0.0,Good
69.0,432.0,7.0,181.0,13.0,1.530434947538574,0.9709637557639518,73.0,3.0,3.0,5.0,10.0,1.0,27.0,0.0,9.0,9.0,7.0,54.66008167160088,1.0,0.9817877247255,0.0,60.0,0.0,0.0,0.0,0.0,0.0,0.0,1.0,0.0,0.0,0.0,0.0,Bad
62.84242038319453,36.0,5.0,17.0,18.0,0.0,0.0,100.0,39.33112378920438,7.0,8.0,18.0,10.0,22.0,0.0,3.08714125868116,3.0,51.0,93.0,9.0,4.0,3.0,82.0,1.0,0.0,0.0,0.0,0.0,0.0,0.0,0.0,0.0,0.0,0.0,Bad
88.0,413.0,9.0,78.0,48.0,0.0,0.1176267090567602,107.49054562598145,45.883684411444875,7.0,8.0,76.0,2.0,29.0,2.0,1.0,1.0,1.0,100.0,1.0,1.0,0.0,13.0,1.0,0.0,0.0,0.0,0.0,0.0,0.0,0.0,0.0,0.0,0.0,Good
75.0,300.0,2.0,130.0,27.0,0.0,-0.022333940021627224,93.0,78.0,6.0,6.0,27.405340495565785,1.0,25.0,0.0,5.1023853585310555,5.0,39.0,97.0,3.0,2.317178892301806,1.2020910013266586,64.0,0.0,0.0,0.0,0.0,0.0,0.0,0.0,0.0,0.0,0.0,0.0,Good
84.0,140.0,2.0,54.0,8.0,0.0,0.0,100.0,47.62277326980012,7.0,8.0,9.0,1.9028738836442871,42.71712701128194,3.0,2.0,1.0,10.0,89.0,1.0,2.293045623073816,0.0,67.0,1.0,0.0,0.0,0.0,0.0,0.0,0.0,0.0,0.0,0.0,0.0,Good
80.0,163.0,3.0,71.0,33.0,0.0,0.0,100.0,38.15748025232597,7.0,8.0,33.0,2.6500763207296854,22.063750393280632,0.0,1.0621266376515188,1.0,3.0,62.0,5.0,2.0,0.7819266574493593,32.0,1.0,0.0,0.0,0.0,0.0,0.0,0.0,0.0,0.0,0.0,0.0,Good
80.0,264.0,2.0,87.0,31.0,0.0,0.0,100.0,35.77760002212787,7.0,8.0,34.0,2.4398558962537167,9.0,3.945257241612151,0.0,0.03969570056008746,8.0,67.35304967740245,4.0,0.994132823991972,1.0,24.0,1.0,1.0,0.0,0.0,0.0,0.0,1.0,0.0,1.0,0.0,0.0,Good
79.0,275.0,0.0,91.0,13.0,0.22565895097093325,0.0,86.0,6.0,4.693142892184428,6.0,14.0,3.0,29.0,6.0,0.0,0.0,0.0,66.4939871936781,1.0,1.0,-0.6827593518241808,33.0,0.0,0.0,0.0,0.0,0.0,0.0,1.0,0.0,0.0,0.0,0.0,Good
68.0,217.0,2.0,110.0,19.0,1.0,1.0,84.74277499544516,36.0,5.0,2.0,20.757837667986063,1.0258713684371825,55.0,7.0,0.0,0.0,95.0,100.0,3.0,3.1521599628083754,1.9309042674804842,100.0,0.0,0.0,0.0,0.0,0.0,0.0,0.0,0.0,0.0,0.0,0.0,Good
68.0,41.0,4.0,23.0,10.655772048489142,1.0,1.0,100.0,25.433305123022222,5.913794254341518,8.0,7.0,2.417419371657651,14.0,2.0432908640763716,2.0,2.0,18.0,6.0,4.0,2.1086314461714077,0.0,71.0,1.0,1.0,0.0,0.0,0.0,0.0,0.0,0.0,0.0,0.0,0.0,Bad
82.0,233.0,43.0,111.42034353352473,15.0,0.0,0.0,100.0,47.67966290625313,7.043161499354911,8.0,17.0,0.14428332094772056,65.0,3.795088836875903,0.0,0.0,45.0,71.0,4.0,3.027068608985453,0.0,83.0,1.0,1.0,0.0,0.0,0.0,0.0,0.0,0.0,0.0,0.0,0.0,Good
63.0,173.0,4.0,59.55879919086078,18.0,0.0,0.0,94.0,31.0,6.0,6.0,18.0,4.0,22.0,2.1786763229925117,0.0,0.0,54.0,99.0,9.0,2.0,4.0,79.0,0.0,1.0,0.0,0.0,0.0,0.0,0.0,0.0,0.0,0.0,0.0,Bad
91.0,273.0,24.31402650876825,145.0,10.0,0.0,0.0,100.0,50.16529714273423,7.272003317367894,8.0,10.0,0.0,20.0,3.0,1.0525100713925606,1.0,2.0,46.044550426607415,1.0,1.0,0.0,40.0,1.0,0.0,0.0,0.0,0.0,0.0,1.0,0.0,0.0,0.0,0.0,Good
87.0,163.5899830559904,5.0,52.0,29.0,0.0,0.0,100.0,48.79227924963101,7.506245438451297,8.0,29.0,2.0,14.0,4.0,1.0,0.9567008335814162,2.0,61.0,2.0,3.0,0.0,31.0,1.0,0.0,0.0,0.0,0.0,0.0,0.0,0.0,0.0,0.0,0.0,Good
89.0,243.0,17.0,94.0,18.26668656374162,0.0,0.0,100.0,48.85224623893558,7.0,8.0,15.0,0.0,27.0,0.0,1.0,0.9403351340762556,8.0,94.0,1.0,1.536575980708215,0.02761140657802441,25.0,1.0,0.0,0.0,0.0,0.0,0.0,0.0,0.0,0.0,0.0,0.0,Bad
83.0,147.0,2.0,51.0,22.0,0.0,0.0,100.0,45.407765085908466,7.0,8.0,22.56494133824054,2.429216401757123,26.0,0.0,0.029119126383989974,0.0,5.0,86.0,3.0,3.0,0.0,60.0,1.0,0.0,0.0,0.0,0.0,0.0,0.0,0.0,0.0,0.0,0.0,Good
81.0,287.0,4.0,105.0,23.0,0.056016684297291786,0.0,100.0,46.58753303916046,7.0,8.0,24.681687899349967,1.9308104292789152,44.38968813740121,0.0,2.0571747454942004,2.0,52.0,88.0,3.0,4.0,1.0,70.0,1.0,0.0,0.0,0.0,0.0,0.0,0.0,0.0,0.0,0.0,0.0,Bad
61.0,97.0,18.0,76.34639218303887,5.0,3.0,2.0,44.0,16.0,6.0,2.0,9.0,0.2571943537550343,33.0,1.636801899508566,1.0213042846052631,0.9653187980490517,73.0,55.873211033900766,2.0,1.0,1.0,75.0,0.0,1.0,0.0,0.0,0.0,0.0,1.0,0.0,0.0,0.0,0.0,Bad
64.0,175.0,6.0,97.0,29.0,9.414578409591142,9.0,63.0,2.0,2.5256041769311794,4.0,35.305930560114504,1.0,63.0,0.0,1.0974567689048966,1.0,16.0,94.0,1.0,3.193540239008325,-0.596975957586594,50.0,0.0,0.0,0.0,0.0,0.0,0.0,0.0,0.0,0.0,1.0,0.0,Bad
61.110040103525726,155.0,12.0,57.0,15.0,0.0,0.0,94.0,23.359247249399345,5.0,7.0,16.0,0.0,25.0,0.0,5.0,5.0,93.0,71.0,5.0,2.0,4.0,78.0,1.0,0.0,0.0,0.0,0.0,0.0,0.0,0.0,0.0,0.0,0.0,Good
79.0,199.0,10.0,179.0,30.186127196088663,0.0,0.0,100.0,33.64231698400587,7.0,8.0,27.0,1.0,26.0,2.5708451432122943,3.0,3.0,25.0,57.25760688910257,3.0,2.0,1.0,38.0,1.0,1.0,0.0,0.0,0.0,0.0,0.0,0.0,0.0,0.0,0.0,Good
69.0,119.0,7.0,69.0,41.0,0.0,0.0,98.0,72.0,7.037337323836451,6.0,46.0,2.0,72.0,1.0,1.0,0.9545353888348993,47.0,79.0,5.0,3.0,2.004424737932176,67.0,0.0,0.0,0.0,0.0,0.0,0.0,0.0,0.0,0.0,0.0,0.0,Bad
79.10388728686402,199.6886677404627,9.406383252402783,80.0,18.0,0.0,0.0,99.77863918960594,43.089367805979435,6.874191368848855,8.0,18.0,3.0,39.0,4.0,2.0,2.0,24.0,67.44404546387598,4.0,1.0,0.0,71.0,1.0,0.0,0.0,0.0,0.0,0.0,1.0,0.0,0.0,0.0,0.0,Good
82.0,143.33512433870118,2.0,49.0,22.0,-0.0691249708892121,0.0,100.0,40.692145961160975,7.0,8.0,23.0,1.0,49.80165829863302,1.0,2.0,2.0,0.0,99.0,0.0,3.0,-0.4242458827622231,38.0,1.0,0.0,0.0,0.0,0.0,0.0,0.0,0.0,0.0,1.0,0.0,Good
79.0,245.51041857638796,8.0,87.0,29.682397204137338,0.0,0.0,90.0,18.0,6.0,6.0,34.0,2.0,29.0,7.0,0.0,0.0,14.0,18.0,5.0,3.0678522170960076,0.0,64.0,0.0,0.0,0.0,0.0,0.0,0.0,0.0,0.0,0.0,0.0,0.0,Bad
89.0,248.51312878316855,9.804857314211457,96.0,22.0,-0.014140147154253935,0.0,100.0,53.03601527558766,7.0,8.0,26.0,3.0,38.0,5.0,1.0,1.0,18.0,59.0,2.0,3.0,0.0,71.0,1.0,0.0,0.0,0.0,0.0,0.0,0.0,0.0,0.0,0.0,0.0,Good
75.0,247.0,1.0,80.0,28.0,0.0,-0.24833775663259788,87.0,17.0,6.0,6.0,46.0,2.75964027727493,23.0,2.4296376419374037,2.0,2.0,8.0,97.0,4.0,2.0,0.46385043608708365,40.0,0.0,1.0,0.0,0.0,0.0,0.0,0.0,0.0,0.0,0.0,0.0,Bad
69.0,10.0,9.0,77.0,12.0,2.0,1.0,72.54805716758796,17.0,4.412084971131097,4.0,2.0,2.0,79.51787696042874,2.897327819000243,0.0,-0.036777976848350394,32.26816060761264,71.14840872202186,1.0413580724851996,2.0,-0.5237078397592669,100.0,0.0,0.0,0.0,0.0,1.0,1.0,0.0,1.0,0.0,1.0,0.0,Good
64.0,242.0,19.369162652723084,103.74628743091274,16.0,2.0,0.0,47.0,2.0,4.0,5.0,19.0,0.0,74.0,0.0,1.0733745368431902,1.0327558067222626,27.0,55.818489249021695,2.0,2.944141748064782,0.0,100.0,0.0,0.0,0.0,0.0,0.0,0.0,1.0,0.0,0.0,0.0,0.0,Bad
77.0,288.27001273374054,-4.786436886334048,94.0,44.0,0.0,0.0,100.0,37.57409266550451,6.693623213388631,8.0,44.0,7.0,21.09472578664861,3.0,1.0,1.0,14.0,87.0,10.0,3.437108398057315,0.0,57.0,1.0,0.0,0.0,0.0,0.0,0.0,0.0,0.0,0.0,0.0,0.0,Good
83.0,440.0,24.0,190.0,10.0,0.0,0.0,100.0,37.84674917280708,7.0,8.0,10.0,0.0,29.199068615667287,23.0,0.0,-0.0319952798179165,33.0,40.0335808239471,2.0,2.0,1.0,50.0,1.0,0.0,0.0,0.0,0.0,0.0,0.0,0.0,0.0,0.0,0.0,Good
82.27955704814475,285.653753539701,2.0,108.0,26.0,0.0,0.0,100.0,39.23738022643221,6.646438489565487,8.0,26.354451364983706,1.8546126779353473,14.0,14.0,0.0,-0.004873247591448346,8.0,70.0,7.0,2.17041339720271,1.0365368262462336,63.0,1.0,0.0,0.0,0.0,0.0,0.0,0.0,0.0,0.0,0.0,0.0,Good
62.07220498740549,100.0,14.0,62.0,28.84802557550653,1.0,0.705446676656521,94.0,2.0,4.0,6.0,34.0,0.0,35.0,1.0,3.0,3.0,44.0,99.0,5.0,3.0,1.7377081165096886,73.0,0.0,0.0,0.0,0.0,0.0,0.0,0.0,0.0,0.0,0.0,0.0,Bad
66.0,174.0,1.0,75.0,38.0,0.0,0.0,100.0,31.609168168500133,7.0,8.0,40.0,3.579108571223746,56.98945093468261,-0.6100038777195449,6.0,6.0,77.0,78.30365733767111,4.0,8.0,3.0,75.0,1.0,1.0,0.0,0.0,0.0,0.0,0.0,0.0,0.0,0.0,0.0,Good
87.0,443.0,4.0,151.0,22.0,0.0,0.0,100.0,43.470580114384035,7.0,8.0,25.0,3.0,27.0,0.0,2.0,2.0,1.0,48.0,3.0,2.0,-0.12357073295331489,55.0,1.0,0.0,0.0,0.0,0.0,0.0,0.0,0.0,0.0,0.0,0.0,Good
88.0,229.12158777659582,20.0,103.0,15.50297271575235,0.0,0.010830966258340013,100.0,43.928822540169534,7.0,8.0,14.0,0.0,57.0,4.77837053516474,0.0,0.0,0.0,19.0,2.0,3.0,-0.49676997505664877,71.0,1.0,1.0,0.0,0.0,0.0,0.0,0.0,0.0,0.0,0.0,0.0,Good
63.0,78.0,9.941937449751265,45.897070498911546,5.0,0.0,0.0,80.25318649822076,4.0,4.0,6.0,6.0,1.0,60.17134917265339,0.0,2.0,1.9886944077357354,55.2032546207412,82.0,1.0,2.6067697197603756,0.46960512407493593,100.0,0.0,0.0,0.0,0.0,0.0,1.0,0.0,0.0,0.0,0.0,0.0,Bad
77.0,170.0,14.509932122005036,84.0,18.45508336951381,-0.05279131040190155,0.0,100.0,41.93606443568757,7.0,8.0,18.053161722712506,1.0,12.0,3.2853532012427498,1.0220896184904071,0.9688628799175056,58.0,46.0,3.0,1.0,2.0,50.0,1.0,1.0,0.0,0.0,0.0,0.0,0.0,0.0,0.0,0.0,0.0,Good
54.0,134.0,8.0,64.0,14.0,1.6557960781144394,1.0,76.0,0.0,4.0,4.0,17.0,1.0,24.0,0.0,1.195242520932952,1.160069037693861,31.0,64.73621464812675,4.0,1.1854400872367754,1.0,63.0,0.0,0.0,0.0,0.0,0.0,0.0,1.0,0.0,0.0,0.0,0.0,Bad
56.0,369.0,4.0,93.0,24.20954447943334,1.0,0.0,81.29420751874488,0.0,4.101131185449693,5.0,25.0,1.0,35.04427363174284,2.9184235882156826,0.0,0.0,88.0,49.0,9.0,4.0,3.5547557671923347,93.0,0.0,1.0,0.0,0.0,0.0,0.0,0.0,0.0,0.0,0.0,0.0,Good
70.07531835936116,167.0,11.264630070211805,80.04425788958484,24.0,1.0,1.0,80.0,1.0,4.0,2.0,25.0,1.0,24.0,1.0,1.0,1.0,0.0,48.0,0.0,3.0,0.0,33.0,0.0,0.0,0.0,0.0,0.0,0.0,0.0,0.0,0.0,0.0,0.0,Bad
59.0,185.0,23.0,79.0,35.0,0.0,0.0013692998196881134,97.0,9.0,4.0,6.0,37.0,0.0,23.871387106365617,2.08484519234706,2.0,2.0,73.0,54.122762325507324,11.0,2.093296395268256,3.8904053565427117,86.0,0.0,1.0,0.0,0.0,0.0,0.0,1.0,0.0,0.0,0.0,0.0,Bad
65.0,125.0,-1.2300312357480188,68.56109197295028,44.0,0.0,0.0,100.0,31.793427898640346,7.0,8.0,3.0,3.1205644095887957,20.0,1.0,1.0,1.0,45.0,93.0,13.0,1.0,4.0,61.0,1.0,0.0,0.0,0.0,0.0,0.0,0.0,0.0,0.0,0.0,0.0,Bad
58.0,210.0,22.407016569010967,87.0,23.0,0.0,0.0,70.0,1.0,4.0,6.0,23.0,1.0260807158008092,35.0,0.0,1.0,1.0,53.0,5.0,6.0,3.0,2.0024079818322065,77.0,0.0,0.0,0.0,0.0,0.0,0.0,0.0,0.0,0.0,0.0,0.0,Bad
84.0,238.0,18.25545248738901,121.0,15.0,0.0,0.0,100.0,47.22521794279311,7.0,8.0,15.0,1.0,13.0,0.0,2.0,2.0,26.0,53.85554536625145,4.0,0.40283319355223046,0.0,56.0,1.0,0.0,0.0,0.0,0.0,0.0,1.0,0.0,0.0,0.0,0.0,Good
78.0,165.0,7.0,69.2646353151132,8.0,0.0,0.0,97.98402018747979,43.52636669130746,7.0,8.0,8.0,1.0,38.0,2.8167226826674114,1.0272284661427264,1.0,53.0,69.02014084285099,2.0,2.1624219047304836,0.0,80.0,1.0,1.0,0.0,0.0,0.0,0.0,0.0,0.0,0.0,0.0,0.0,Good
79.0,210.0,5.0,88.0,38.0,0.0,0.0,100.0,45.265457449683794,7.0,8.0,42.0,1.9362075620594226,40.278747956332,0.0,1.0,0.9608954940714843,55.0,71.67754071036903,3.0,2.6370062545753195,1.3342350919689587,71.0,1.0,0.0,0.0,0.0,0.0,0.0,1.0,0.0,0.0,0.0,0.0,Bad
87.0,205.0,13.233548969370347,102.0,17.394078145507315,-0.008962844802071768,0.0,100.0,45.60302416569672,7.0,8.0,18.0,0.0,39.61699989016632,4.386985352909637,0.0,-0.004518243067990188,5.0,74.0,2.0,2.0,-0.25428353987733,67.0,1.0,1.0,0.0,0.0,0.0,0.0,0.0,0.0,0.0,0.0,0.0,Good
76.0,308.8850646000802,18.0,137.0,20.0,0.0,0.0,95.0,45.0,6.0,6.0,21.0,0.0,10.0,0.0,3.0,2.908336602142944,14.0,52.102407207257706,5.0,0.2680219537796026,1.0,36.0,0.0,0.0,0.0,0.0,0.0,0.0,1.0,0.0,1.0,0.0,0.0,Bad
76.0,179.0,4.0,94.0,19.0,0.0,0.0,95.0,61.0,6.0,6.0,20.753097394949183,0.8531265085677413,61.25043597212361,11.0,0.08342275476688177,0.0,93.0,80.0,1.0,2.0,1.4602510787958227,100.0,0.0,0.0,0.0,0.0,0.0,0.0,0.0,0.0,0.0,1.0,0.0,Good
75.0,372.10526159405106,15.0,162.0,19.11636009734647,0.0,0.0,84.0,3.0,4.059625320243878,6.0,19.0,0.0,0.0,4.4521082859420975,0.0,0.0,7.0,45.59319171282759,5.0,0.13070761322115187,0.0,45.0,0.0,0.0,0.0,0.0,1.0,0.0,1.0,0.0,1.0,0.0,0.0,Good
83.79907902678688,275.0,2.0,83.0,15.0,0.0,0.0,100.26657599363509,41.4075870686635,7.0,8.0,17.402906915374558,1.0,18.0,1.0,1.0,1.0,5.0,67.97604734074064,2.0,0.3393860319987301,1.0,25.0,1.0,0.0,0.0,0.0,0.0,0.0,1.0,0.0,1.0,0.0,0.0,Good
69.0,168.0,1.0,69.08286586490567,17.0,0.0,0.0,89.0,9.0,4.0,6.0,10.0,2.0,58.0,2.08997522010162,2.058829495623457,2.0,34.0,74.12591732848543,3.0,3.4122897058845556,1.0,80.0,0.0,1.0,0.0,0.0,0.0,0.0,0.0,0.0,0.0,0.0,0.0,Bad
64.0,144.0,2.0,63.0,20.057251503459575,2.0,2.0,85.0,72.0,5.0,3.0,21.0,3.0,50.0,0.0,6.0,6.0,60.0,80.0,2.0,5.0,1.0,78.0,0.0,0.0,0.0,0.0,0.0,0.0,0.0,0.0,0.0,0.0,0.0,Bad
58.0,410.0,6.0,102.0,45.0,0.0,0.0,85.0,3.0,4.0,6.0,46.0,3.0,24.0,0.0,1.0,0.948715702450518,65.0,77.0,14.0,3.428418553516465,5.0,75.0,0.0,0.0,0.0,0.0,0.0,0.0,0.0,0.0,0.0,0.0,0.0,Bad
83.0,167.0,16.0,69.0,38.0,0.1209854365701748,0.0,98.0,66.0,6.0,5.0,40.0,0.0,40.0,4.232358117162528,0.0,0.0,9.0,64.01738601219917,3.0,1.0,0.0,36.0,0.0,0.0,0.0,0.0,1.0,0.0,1.0,0.0,0.0,0.0,0.0,Good
75.0,129.0,3.0,64.1966370451868,22.0,0.08533598388225139,0.0,96.0,44.0,6.39496727454873,6.0,23.0,3.0,35.499426100932396,3.2631476753362203,1.0,1.0,47.0,11.0,3.0,2.0,0.0,71.0,0.0,1.0,0.0,0.0,0.0,0.0,0.0,0.0,0.0,0.0,0.0,Good
65.43347937856802,131.71818122485632,12.0,56.0,15.0,0.0,0.0,81.0,4.0,4.0,6.0,16.0,0.0,69.0,0.0,1.0,1.0,32.0,79.0,2.0,2.0,1.0,80.0,0.0,0.0,0.0,0.0,0.0,0.0,0.0,0.0,0.0,0.0,0.0,Bad
86.8367033972644,422.0,13.0,127.0,23.0,0.0,0.0,100.0,41.82440510476897,6.876171086339007,8.0,24.0,0.0,17.0,0.0,2.0,2.0,2.0,55.13578023075142,2.0,1.0,0.06402359925469692,38.0,1.0,0.0,0.0,0.0,0.0,0.0,1.0,0.0,0.0,0.0,0.0,Good
78.0,381.6399924424844,5.0,165.0,8.0,0.0,-0.15155290954321185,89.0,21.0,5.215699845110021,6.0,10.685485619399405,1.0,11.0,0.0,1.078844830877144,1.0,30.0,57.680368532818136,4.0,-0.16924802613309264,0.7304771260152974,67.0,0.0,0.0,0.0,0.0,0.0,0.0,1.0,0.0,1.0,1.0,0.0,Good
82.0,76.0,2.9613668471878505,54.206803195616104,18.0,-0.08770804476074767,0.0,100.0,50.3800303562268,7.0,8.0,3.0,3.0,44.0,0.0,1.0,1.0,19.0,91.0,4.0,3.1901315600920306,1.0,88.0,1.0,0.0,0.0,0.0,0.0,0.0,0.0,0.0,0.0,0.0,0.0,Good
87.0,428.0,6.0,59.0,14.0,0.05714786821583706,0.0,100.0,47.9625248693668,7.0,8.0,45.0,4.0,29.0,3.0,1.0,1.0,3.0,67.93467673272339,3.0,1.0747581788210319,0.0,43.0,1.0,0.0,0.0,0.0,0.0,0.0,1.0,0.0,1.0,0.0,0.0,Good
72.0,86.0,6.0,45.0,15.0,0.0,0.0,87.0,25.0,6.0,6.0,16.711561729047208,3.0,22.641410779659914,0.0,2.042236645922703,2.0,33.0,69.69631623770847,4.0,1.2055982913262313,0.0,67.0,0.0,0.0,0.0,0.0,0.0,0.0,1.0,0.0,1.0,0.0,0.0,Good
77.0,157.45663745205485,13.0,70.0,9.0,1.0,0.0,90.0,53.0,6.0,5.0,10.0,0.0,60.0,0.0,1.0,1.0,32.0,50.0,1.0,3.0,1.0,67.0,0.0,0.0,0.0,0.0,0.0,0.0,0.0,0.0,0.0,0.0,0.0,Good
59.0,129.1157170311064,6.0,41.0,27.0,5.0,5.0,100.0,3.507241841285918,0.0,8.0,27.0,2.0,44.0,1.0,4.066628167586975,4.0,49.0,73.62189476255051,6.0,4.0,2.0,71.0,1.0,0.0,0.0,0.0,0.0,0.0,0.0,0.0,0.0,0.0,0.0,Bad
76.0,186.0,14.94478450089741,88.22121425119559,21.0,0.0,0.0,96.0,11.0,4.80648527404552,6.0,25.0,1.4714933288027567,28.0,2.8450678437564334,2.0,2.0,12.0,57.06361139508574,3.0,1.333439408263827,0.0,44.0,0.0,1.0,0.0,0.0,0.0,0.0,1.0,0.0,1.0,0.0,0.0,Good
87.0,256.5461665082023,9.0,92.0,25.0,0.0,0.0,100.0,49.990283657949846,7.388512634961752,8.0,38.0,2.0,38.08183469646673,1.0,2.0,2.0,7.0,65.91282228707092,3.0,3.0,0.0,67.0,1.0,0.0,0.0,0.0,0.0,0.0,1.0,0.0,0.0,0.0,0.0,Good
69.0,154.0,3.0,63.0,23.0,1.0,0.0,96.0,25.0,6.0,5.0,27.0,5.0,33.0,3.0,1.0,0.9526186872401823,61.0,73.86777157961885,3.0,1.0,1.197831207564331,67.0,0.0,0.0,0.0,0.0,0.0,0.0,1.0,0.0,0.0,0.0,0.0,Bad
73.60062823833934,184.0,7.131478588681329,90.0,43.0,1.0,0.0,93.0,35.11720712462795,6.0,5.0,44.0,2.592557035686503,34.0,0.0,3.0,3.0,14.0,69.14466388645326,9.0,1.0,1.0,77.0,0.0,0.0,0.0,1.0,0.0,0.0,1.0,0.0,0.0,0.0,0.0,Bad
66.0,128.0,2.0,45.0,7.0,3.0,2.0,89.0,55.0,5.273787100790539,3.0,9.0,2.936521484907549,33.0,0.0,4.0,3.886941083692002,13.0,78.18968899325675,4.0,2.0,0.0,100.0,0.0,0.0,0.0,0.0,0.0,0.0,0.0,0.0,0.0,0.0,0.0,Bad
72.0,135.0,10.0,67.0,25.0,1.0,1.0,92.0,29.0,4.49583612074605,2.0,32.0,2.0,31.0,2.9782845005267373,1.0,1.0,5.0,65.558988520772,2.0,1.0,0.0,33.0,0.0,1.0,0.0,0.0,0.0,0.0,1.0,0.0,0.0,0.0,0.0,Good
65.0,96.02970302841243,0.2160073359273298,27.0,17.0,0.0,0.0,100.0,33.24598403630321,7.0,8.0,19.0,4.0,61.0,0.0,3.0,3.0,51.0,83.12706943974695,5.0,3.0,1.0,89.0,1.0,0.0,0.0,0.0,0.0,0.0,0.0,0.0,0.0,0.0,0.0,Good
75.0,217.98855440325127,2.0,83.0,16.0,0.0,0.0,94.0,32.0,6.0,6.0,18.0,1.0,39.0,1.0,2.0698454364934076,2.0,36.0,53.0,3.0,3.0,0.9350723020716472,54.0,0.0,0.0,0.0,0.0,0.0,0.0,0.0,0.0,0.0,0.0,0.0,Good
87.0,230.2925205534635,18.0,102.0,11.0,0.0,0.0,100.38429260854366,50.44126771669772,7.0,8.0,11.0,0.0,9.0,4.587583297483967,0.0,0.0,47.0,53.40682195039414,1.0,1.0,0.0,50.0,1.0,1.0,1.0,0.0,0.0,0.0,0.0,0.0,0.0,0.0,0.0,Bad
59.1379804721725,178.99345985129767,4.0,63.0,34.0,0.2144126046619017,0.0,90.70642442200185,5.0,4.0,6.0,35.0,4.0,60.0,0.0,8.0,7.0,48.0,90.0,5.0,3.0,3.0,62.0,0.0,0.0,0.0,0.0,0.0,0.0,0.0,0.0,0.0,0.0,0.0,Bad
58.0,53.0,4.0,21.0,12.0,0.0,0.0,100.0,31.509499503137732,7.0,8.0,12.403224340688492,3.0,33.0,0.0,3.0,3.0,93.0,96.0,5.0,1.0,2.0,75.0,1.0,0.0,0.0,0.0,0.0,0.0,0.0,0.0,0.0,0.0,0.0,Bad
56.0,34.0,4.163134650513502,15.0,15.38645673429199,0.4960479688802617,0.42097663382313544,100.0,28.11462742374718,7.0,8.0,17.30680476092108,2.9420431357481363,67.0,0.34555668942749884,2.0,2.0,100.0,78.0,2.0,5.0,2.0,100.0,1.0,1.0,0.0,0.0,0.0,0.0,0.0,0.0,0.0,0.0,0.0,Bad
56.0,77.77367215110375,2.0,24.0,12.0,3.0,2.0,88.0,11.0,4.0,3.0,17.0,4.0,37.74208029099729,0.0,11.179366438160134,11.0,9.0,96.0,1.0,3.0,0.05444481195579698,33.0,0.0,0.0,0.0,0.0,0.0,0.0,0.0,0.0,0.0,0.0,0.0,Bad
57.0,303.6468178350607,13.0,133.0,24.0,2.5754635999818767,1.865849166876555,71.0,8.0,3.0,2.0,28.0,0.0,36.0,3.1665629135713336,0.0,-0.07011949471038217,94.0,57.57808165623092,5.0,3.0,2.6452570146681915,90.0,0.0,1.0,0.0,0.0,0.0,0.0,0.0,0.0,0.0,1.0,0.0,Bad
56.0,165.0,15.0,93.0,34.0,0.0,0.0,94.0,2.0,4.0,6.0,36.0,0.0,28.65382403756563,0.0,2.0,1.8969371547510985,85.0,60.57770561671097,16.0,6.0,11.0,96.0,0.0,0.0,0.0,0.0,0.0,0.0,0.0,0.0,0.0,0.0,0.0,Bad
78.0,199.0,7.0,70.0,26.777697698258006,1.3147939402254347,1.0,97.0,40.0,6.0,3.0,28.551864160366858,2.2497626231661068,25.963289635909724,0.0,0.0,0.0,8.0,67.97254188078841,2.0,2.0,0.0,25.0,0.0,0.0,0.0,0.0,0.0,0.0,1.0,0.0,0.0,0.0,0.0,Bad
76.98618862983227,134.0,8.0,58.0,30.0,0.0031338292789095945,0.0,100.0,38.504329447362124,7.0,8.0,30.0,2.0,13.0,0.0,1.0,1.0,11.0,63.0,8.0,2.0,1.0,53.0,1.0,0.0,0.0,0.0,0.0,0.0,0.0,0.0,0.0,0.0,0.0,Bad
82.0,187.0,6.741588290143536,82.0,28.0,0.0,0.0,96.0,32.0,5.756742997118595,6.0,28.0,1.782795109963235,50.0,4.0,2.0743701859967674,2.0,4.0,68.4020042881533,3.0,2.0,0.0,56.0,0.0,0.0,0.0,0.0,0.0,0.0,0.0,0.0,0.0,0.0,0.0,Good
89.76659545306036,360.6410655175549,14.0,156.0,21.0,0.0,0.0,98.9771570320894,43.60343513957585,7.0,8.0,21.147930366055316,0.0,22.0,0.0,0.04489304439194018,0.0,0.0,53.233161060572044,1.0,1.0,0.0,29.0,1.0,0.0,0.0,0.0,0.0,0.0,1.0,0.0,0.0,0.0,0.0,Good
56.0,176.2409562251385,3.5189199770774984,59.704524981458974,33.06331153853364,2.0,1.0,95.0,13.0,6.0,3.0,40.0,3.0,38.0,2.5177557032485267,0.0,-0.010824734357739632,51.0,73.75286940084462,5.0,1.0,3.0,67.0,0.0,1.0,1.0,0.0,0.0,0.0,1.0,0.0,0.0,0.0,0.0,Good
72.0,181.86923194016782,11.572074164126459,76.0,23.64776145142793,0.060575659611659116,0.0,100.0,30.22282123043709,7.0,8.0,15.77211726642799,3.0,26.43004767755343,2.8459175859449632,1.0,1.0,22.0,41.0,5.0,2.5643127693785694,1.0,53.0,1.0,1.0,1.0,0.0,0.0,0.0,0.0,0.0,0.0,0.0,0.0,Bad
81.0,275.0,3.0,80.0,50.0,0.0,0.0,98.0,33.0,5.817153064596994,6.0,50.0,2.0,16.0,7.0,1.043116794345305,0.9841399731451157,3.0,66.99061074234389,3.0,3.0,0.0,25.0,0.0,0.0,0.0,0.0,0.0,0.0,0.0,0.0,0.0,0.0,0.0,Good
86.0,233.10958138622942,7.0,94.54506475248101,22.502949310034836,0.0,0.0,100.0,43.79043469242188,7.0,8.0,20.0,1.0,20.0,4.474419002589311,0.0,0.0,13.0,63.81471620201375,2.0,1.0,0.0,43.0,1.0,1.0,1.0,0.0,0.0,0.0,1.0,0.0,0.0,0.0,0.0,Good
63.0,163.0,3.0,46.14744869409343,24.0,0.0,0.0,100.0,36.46453339241498,6.914386635679418,8.0,31.0,5.0,59.0,1.5357914623669253,1.0,1.0,101.0,90.0,6.0,6.0,4.0,100.0,1.0,1.0,0.0,0.0,0.0,0.0,0.0,0.0,0.0,0.0,0.0,Bad
81.42170439830551,167.9912392317738,8.042121215053783,62.0,19.729799110438535,0.0,0.0,100.0,40.53639687759369,7.0,8.0,19.0,2.0,37.0,5.0,0.03497237259563827,0.0,3.0,61.0,2.0,2.0,1.0,44.0,1.0,0.0,0.0,0.0,0.0,0.0,0.0,0.0,0.0,0.0,0.0,Good
64.0,231.0,1.9672725354257636,67.0,32.0,1.0,1.0,101.01427098447401,30.326794476411067,6.0,8.0,27.0,5.0,39.82891086434124,1.0,6.0,6.0,53.0,77.08163650178187,4.0,2.876711932353298,4.0,75.0,1.0,0.0,0.0,0.0,0.0,0.0,1.0,0.0,0.0,0.0,0.0,Bad
63.0,62.0,4.0,20.0,7.0,2.0,2.0,88.0,26.0,4.107337263494301,2.0,10.438397683143158,2.0530959560773843,50.0,0.0,1.0,1.0,43.0,77.0,3.0,2.0,0.34931049276828596,100.0,0.0,0.0,0.0,0.0,0.0,0.0,0.0,0.0,0.0,0.0,0.0,Bad
78.0,238.0,7.0,99.0,30.0,1.0,0.6953065431915293,94.0,37.0,5.448148025763047,5.0,32.0,1.0,44.0,1.0,1.114212997141037,1.0660881734587346,6.0,67.38474573972032,4.0,3.0,0.0,70.0,0.0,0.0,0.0,0.0,0.0,0.0,1.0,0.0,0.0,0.0,0.0,Bad
64.0,174.0,16.0,69.06916926442588,17.0,1.0,1.0,89.0,1.0,4.0,6.0,19.0,0.0,44.0,0.0,0.0,0.0,6.0,80.0,1.0,2.0,0.0,33.0,0.0,0.0,0.0,0.0,0.0,0.0,0.0,0.0,0.0,0.0,0.0,Bad
66.0,167.0,1.0,30.133562329914,29.0,0.0,0.0,100.0,35.99797379545555,6.774546942849392,8.0,34.0,11.0,53.19799089557475,1.0,3.0,3.0,41.0,91.0,4.0,7.0,2.0,79.0,1.0,0.0,0.0,0.0,0.0,0.0,0.0,0.0,0.0,0.0,0.0,Bad
57.0,86.0,3.0,36.0,28.0,0.0,0.0,90.0,23.0,6.0,6.0,29.0,5.0,28.0,0.0,3.0974318997434125,3.0,53.0,54.0,10.0,3.115601830534021,2.0,76.0,0.0,0.0,0.0,0.0,0.0,0.0,0.0,0.0,0.0,0.0,0.0,Bad
84.0,225.2374177607734,10.0,85.0,26.0,-0.03106613461374108,-0.02741771860206843,100.0,40.196730798767845,7.0,8.0,26.0,1.0,31.0,0.0,0.0,0.0,8.0,23.0,3.0,2.0,0.0,36.0,1.0,0.0,0.0,0.0,0.0,0.0,0.0,0.0,0.0,0.0,0.0,Good
80.46716563647905,327.0,6.0,117.0,19.0,0.8050125436631121,0.6708445580037746,96.0,30.847375480015415,5.0,7.0,23.0,1.2445420510194376,43.0,5.0,0.021225446649260533,0.0,9.0,64.79318979517572,5.0,1.0,0.0,60.0,1.0,0.0,0.0,0.0,0.0,0.0,1.0,0.0,0.0,0.0,0.0,Good
65.0,185.0393602434813,31.0,101.08411962272753,7.0,1.0,1.0,78.0,16.0,6.0,2.0,5.0,0.0,33.0,3.1249476391877082,0.0,0.0,85.0,45.118128526173884,2.0,1.2970567651109435,1.0,100.0,0.0,1.0,0.0,0.0,0.0,0.0,1.0,0.0,1.0,0.0,0.0,Good
79.0,148.0,40.0,93.44322095440356,13.0,0.0,0.0,92.0,43.0,6.0,6.0,13.0,0.0,34.11413794376262,0.0,2.0,2.0,0.0,40.43538440294364,0.0,1.1460714235857694,-0.638361222386322,50.0,0.0,0.0,0.0,0.0,0.0,0.0,1.0,0.0,0.0,0.0,0.0,Good
75.0,167.0,1.0,70.0,12.69913005923058,0.0,0.0,88.0,30.75449811604696,5.679700674637646,6.0,8.0,1.0,39.15255003781256,0.0,0.0,-0.02455980133637095,18.0,100.0,2.0,2.0,2.0,57.0,0.0,0.0,0.0,1.0,0.0,0.0,0.0,0.0,0.0,0.0,0.0,Good
73.0,39.0,5.0,15.0,9.0,0.0,0.07265719617623223,100.0,40.32325720966685,6.596759582256761,8.0,9.0,2.0,42.17173070039652,0.0,0.0,0.014579386295782967,28.0,100.0,5.0,2.0,0.0,100.0,1.0,0.0,0.0,0.0,0.0,0.0,0.0,0.0,0.0,0.0,0.0,Bad
79.0,289.0,4.0,105.0,48.0,0.0,0.0,100.0,35.19007413239251,6.0,7.0,51.0,1.0,32.56592695390565,0.0,2.072896446521976,2.0,40.0,68.21039734174323,5.0,3.3839130751905384,1.0,44.0,1.0,0.0,0.0,0.0,0.0,0.0,0.0,0.0,0.0,0.0,0.0,Good
61.0,253.0,8.0,72.0,10.0,1.0,0.4078218596052968,55.0,7.0,4.0,2.0,32.0,1.0,36.0,2.0445460509210185,1.0,1.0,78.0,63.2194817885806,3.0,1.0,1.0,71.0,0.0,1.0,0.0,0.0,0.0,0.0,1.0,0.0,0.0,0.0,0.0,Bad
73.0,203.41158865995865,15.0,83.0,19.365314446179564,1.0,1.0,95.0,17.0,6.0,4.0,20.0,1.166243185162915,10.0,10.0,0.0,0.0,38.0,54.77985338475732,2.0,1.0,0.0,43.0,0.0,0.0,0.0,0.0,0.0,0.0,1.0,0.0,0.0,0.0,0.0,Good
71.0,250.0,8.076730483847605,72.0,12.0,3.0,3.0,73.0,63.0,5.711358570394246,3.0,15.0,2.0,47.0,0.0,2.0,2.0,29.0,71.56098832562448,2.0,3.0,-0.1535735063415311,83.0,0.0,0.0,0.0,0.0,0.0,0.0,0.0,0.0,0.0,0.0,0.0,Bad
57.0,129.0,4.0,63.0,27.740339223354187,0.0,0.0,84.0,23.0,6.0,6.0,32.0,2.7981423562094845,31.0,0.0,3.0,3.0,82.0,72.82331744765771,4.0,4.0,3.0,73.0,0.0,0.0,0.0,0.0,0.0,0.0,0.0,0.0,0.0,0.0,0.0,Bad
77.0,324.0,5.268677510462428,85.0,26.0,0.0,0.0,99.8210042962628,35.2596697391491,7.0,8.0,28.51168712847002,3.0,37.23776743133158,0.0,0.0,0.0,16.0,65.0,4.0,4.0,0.0,59.0,1.0,0.0,0.0,0.0,0.0,0.0,0.0,0.0,0.0,0.0,0.0,Bad
84.63217378923598,342.0,8.82826544158695,122.0,38.0,0.0,0.0,100.0,42.51633408024995,7.0,8.0,39.0,4.0,28.0,3.0,3.0823834073600063,3.0,0.0,62.98348703629577,2.0,2.2711559693348073,0.0,43.0,1.0,0.0,0.0,0.0,0.0,0.0,1.0,0.0,0.0,0.0,0.0,Good
88.0,393.0,8.238354239819628,107.0,28.0,0.0,-0.012167485025079583,100.0,43.91093450147093,7.0,8.0,30.95110592761966,1.8785828208182096,29.0,4.594585799335658,0.01833257632632433,0.0,0.0,62.35057854793399,6.0,2.0,0.0,44.0,1.0,1.0,0.0,0.0,0.0,0.0,1.0,0.0,0.0,0.0,0.0,Good
87.0,203.0,8.133892545960169,85.28103416717235,22.0,0.0,0.0,100.0,47.77337853180995,7.0,8.0,23.0,2.0,22.0,0.0,0.0,0.0,4.0,65.46663450700724,5.0,2.0,0.0,47.0,1.0,0.0,0.0,0.0,0.0,0.0,0.0,0.0,0.0,0.0,0.0,Good
69.0,70.0,-0.5587926892925417,35.0,21.0,0.0,-0.017772273599517358,100.0,38.74808193343395,7.0,8.0,21.722254629499208,6.0,25.0,2.0,4.0,4.0,43.0,79.97034822235587,6.0,1.5491173989316127,1.7337771755420706,60.0,1.0,0.0,0.0,0.0,0.0,0.0,1.0,0.0,0.0,0.0,0.0,Good
48.210370568645345,129.0,11.902642195894192,72.0,6.490901955925018,5.0,3.4524547534119545,54.0,3.0,3.0937414533607175,3.0,13.0,0.0,38.0,1.056214763308207,1.0,0.9772692134765685,95.0,80.0,3.0,2.0,2.0,100.0,0.0,1.0,0.0,0.0,0.0,0.0,0.0,0.0,0.0,0.0,0.0,Bad
68.0,260.0,2.6700801690572256,72.0,22.824798884070937,1.2857347135911044,1.0,96.0,3.0,1.0,3.0,23.0,1.0,39.0,1.0,1.0,0.9668892376191536,9.0,80.0,5.0,3.1088602528529043,0.0,70.0,0.0,0.0,0.0,0.0,0.0,0.0,0.0,0.0,0.0,0.0,0.0,Bad
71.48042953904776,387.3402519173337,7.0,156.0,42.0,1.0,1.0,80.0,22.0,5.0,4.0,46.0,2.0,36.404676181540545,3.6216864292564526,1.0,1.0,36.0,60.75914157712673,4.0,4.0,2.0,48.0,0.0,1.0,0.0,0.0,0.0,0.0,0.0,0.0,0.0,0.0,0.0,Bad
77.0,218.24228006437102,8.0,80.67640259069906,28.28367613681078,0.0,0.0,94.5707485435362,42.0,5.896551395158081,6.0,28.730024476742724,4.0,12.0,7.0,0.0,0.0,9.0,100.0,7.0,2.0,0.0,63.0,0.0,0.0,0.0,0.0,0.0,0.0,0.0,0.0,0.0,0.0,0.0,Good
41.0,169.0,4.0,85.0,33.0,4.0,0.0,74.0,0.0,3.0,5.0,39.0,3.0,31.0,0.0,1.0,1.0,70.0,32.0,10.0,4.0,7.0,88.0,0.0,0.0,0.0,0.0,0.0,0.0,0.0,0.0,0.0,0.0,0.0,Bad
69.0,105.0,3.0,30.0,17.0,-0.02122197900870937,0.0,99.72146360036801,37.979687504955564,6.637014155823428,8.0,17.0,7.0,12.0,4.0,1.0,0.9789611801458594,32.0,100.0,6.0,1.0,2.0,64.0,1.0,0.0,0.0,0.0,0.0,0.0,0.0,0.0,0.0,0.0,0.0,Bad
74.0,129.0,1.0,70.0,20.0,0.0,0.0,100.0,44.06098044481715,7.264537569599664,8.0,22.0,3.0,32.0,3.0696637871830013,0.025773606698296665,0.0,61.0,84.0,6.0,3.0,4.0,75.0,1.0,1.0,0.0,0.0,0.0,0.0,0.0,0.0,0.0,0.0,0.0,Bad
67.16366476001203,178.0,2.0,68.0,47.0,1.057221412992328,1.0,98.0,8.0,4.0,6.0,62.0,3.606318216181164,6.0,0.0,6.0,5.81331742473475,7.0,69.20301799137926,5.0,1.0,0.7690911238666631,40.0,0.0,0.0,0.0,0.0,0.0,0.0,1.0,0.0,0.0,0.0,0.0,Good
78.0,163.40387873113673,1.0,57.0,29.0,0.0,0.0,100.34962896831391,32.34768525375932,6.499234825200326,8.0,24.0,3.0,30.0,0.0,1.0631993199076515,1.0,0.0,73.73491589086463,0.0,2.0,0.0,20.0,1.0,0.0,0.0,0.0,0.0,0.0,1.0,0.0,0.0,0.0,0.0,Good
82.0,240.0,4.0,103.0,23.0,0.0416401719325199,-0.1422040924610706,92.0,28.0,5.687215283247102,6.0,26.0,3.0,50.0,3.461288655288659,1.0,1.0,9.0,88.0,2.0,2.0,0.0,50.0,0.0,1.0,0.0,0.0,0.0,0.0,0.0,0.0,0.0,0.0,0.0,Good
60.631791974463646,285.0,2.0,106.0,17.0,1.0,0.36046633058475275,68.0,3.0,4.266051162210748,6.0,20.0,1.0,37.0,0.0,2.0555589591747285,2.0,63.0,62.0,6.0,3.0,1.0,82.0,0.0,0.0,0.0,0.0,0.0,0.0,0.0,0.0,0.0,0.0,0.0,Bad
73.0,323.0,6.0,102.0,31.0,0.0,0.0,100.0,35.997479173290145,7.0,8.0,38.0,1.0,19.0,0.0,2.0,1.0,47.0,90.0,8.0,2.0,3.0,59.0,1.0,0.0,0.0,0.0,0.0,0.0,0.0,0.0,0.0,0.0,0.0,Good
54.0,375.0,2.073244320503079,99.0,44.0,0.0,0.0,84.0,1.0,4.0,6.0,44.0,4.0,45.0,0.0,2.0,1.9234004524751953,72.0,70.0,10.0,4.0,4.0,64.0,0.0,0.0,0.0,0.0,0.0,0.0,0.0,0.0,0.0,0.0,0.0,Bad
82.0,234.0,9.99639004265514,87.28430569840431,36.59716771993996,0.0,0.02278764467720651,104.04675395931173,41.58792220337833,7.0,8.0,43.0,4.0,22.0,2.0,1.1828698074677542,1.1305963463320918,5.0,31.0,5.0,1.0,1.0,32.0,1.0,0.0,0.0,0.0,0.0,0.0,0.0,0.0,0.0,0.0,0.0,Good
62.0,261.93802034033706,6.0,127.0,18.0,1.0,1.0,95.0,17.0,0.0,6.0,0.0,2.0,26.0,0.0,2.0,2.0,3.0,65.26734158560316,4.0,1.0,0.0,50.0,0.0,0.0,1.0,0.0,0.0,0.0,1.0,0.0,0.0,0.0,0.0,Bad
69.0,110.0,6.0,53.0,24.0,0.0,0.0,96.0,35.0,5.692644492838806,6.0,26.0,2.979652422604424,31.0,7.0,0.0,-0.008221307205529313,45.0,98.0,12.0,4.0,1.0,84.0,0.0,0.0,0.0,0.0,0.0,0.0,0.0,0.0,0.0,0.0,0.0,Bad
79.0,200.0,10.0,82.0,38.0,0.0,-0.001595299801413319,100.0,39.20438209995868,7.0,8.0,40.0,1.0,30.0,0.0,1.0,1.0,35.0,67.0,2.0,2.9079535400278305,1.0,36.0,1.0,0.0,0.0,0.0,0.0,0.0,0.0,0.0,0.0,0.0,0.0,Good
72.0,202.0,2.0,75.20778540746552,26.867380306207185,0.0,-0.2000963194729914,83.0,7.0,4.0,6.0,30.0,3.0,24.0,2.0,2.0,1.9254321581237346,6.0,63.0,2.0,2.0,0.0,33.0,0.0,0.0,0.0,0.0,0.0,0.0,0.0,0.0,0.0,0.0,0.0,Good
64.0,480.0,15.0,153.53126686535086,31.0,1.0,1.0,94.0,3.0,0.0,2.0,33.0,0.6416071102264986,15.0,0.0,0.0,0.0,86.0,52.71611912103752,9.0,1.5428729705247175,2.0,91.0,0.0,0.0,0.0,0.0,0.0,0.0,1.0,0.0,0.0,0.0,0.0,Bad
76.51805916388096,368.0,6.0,80.0,31.0,-0.034901525536178646,0.0,100.0,35.835148888592926,6.600201969453378,8.0,32.0,3.0,23.361985357997426,0.0,0.0,0.0,21.0,50.0,8.0,2.0,1.6027460051428535,65.0,1.0,0.0,0.0,0.0,0.0,0.0,0.0,0.0,0.0,0.0,0.0,Good
85.0,203.0,8.0,59.0,15.0,0.0,0.0,100.0,45.34178904353078,7.175853056570816,8.0,16.44116969849982,2.0,40.0,0.0,1.0,1.0,0.0,85.0,1.0,2.0,0.0,30.0,1.0,0.0,0.0,0.0,0.0,0.0,0.0,0.0,0.0,0.0,0.0,Good
81.0,261.0,3.0,94.0,17.34880229551866,0.0,0.0,100.0,50.175855419338774,7.0,8.0,22.0,2.0,64.0,2.0,1.0,1.0,67.0,74.90652114461861,2.0,3.0,0.0,100.0,1.0,0.0,0.0,0.0,0.0,0.0,0.0,0.0,0.0,0.0,0.0,Good
67.0,51.0,0.3255337048805025,25.0,9.0,0.0,-0.10623699910873619,85.50737137410172,10.0,4.0,6.0,9.804568245312021,2.0,50.0,0.0,2.0595950797658213,2.0,0.0,96.0,1.0,2.548320524034695,0.0,50.0,0.0,0.0,0.0,0.0,0.0,0.0,0.0,0.0,0.0,0.0,0.0,Bad
85.0,198.0,12.972537264931177,84.0,19.0,0.0,0.04998596273329656,100.0,42.08635746564261,6.0,7.0,19.0,2.0,32.0,4.437171025590995,0.0,0.0,9.0,40.0,6.0,2.0,0.0,62.0,1.0,1.0,0.0,0.0,0.0,0.0,0.0,0.0,0.0,0.0,0.0,Bad
75.0,135.0,3.3145493706570797,58.0,32.0,-0.31000651335604656,-0.3064815588549621,97.0,29.0,6.0,6.0,22.0,3.0,6.0,7.0,0.0,0.0,17.0,69.01057617768889,6.0,1.0,0.0,70.0,0.0,0.0,0.0,0.0,0.0,0.0,1.0,0.0,0.0,0.0,0.0,Good
81.0,136.0,15.47232592007085,63.0,16.109860818893814,0.0,0.019639843182580163,99.22392116202452,43.576442980645396,7.0,8.0,19.0,0.0,21.0,4.162252703565969,0.0,0.0,42.0,39.0,1.0,2.0,0.0,60.0,1.0,1.0,0.0,0.0,0.0,0.0,0.0,0.0,0.0,0.0,0.0,Good
89.0,357.0,19.733552150077557,125.0,15.0,0.0,-0.01008187455869941,100.0,49.030444644395146,7.249179727722517,8.0,18.0,2.0,39.0,4.367978862523033,1.0,0.0,6.0,31.0,4.0,2.0,0.0,55.0,1.0,0.0,0.0,0.0,1.0,0.0,0.0,0.0,0.0,0.0,0.0,Good
82.87267954485684,182.41419421311457,10.0,83.0,15.888784560165917,1.0,1.0,95.0,64.0,6.0,3.0,9.959818139651803,1.2260279996186743,48.0,17.0,0.0,0.0,4.0,65.0,2.0,3.0,0.0,83.0,0.0,0.0,1.0,0.0,0.0,0.0,0.0,0.0,0.0,0.0,0.0,Good
65.0,208.0,3.0,84.0,20.0,0.0,0.0,85.0,18.0,6.0,6.0,20.0,2.1919353783962845,20.0,0.0,0.0,0.0,55.0,92.0,8.0,2.0,2.0,67.0,0.0,0.0,0.0,0.0,0.0,0.0,0.0,0.0,0.0,0.0,0.0,Bad
52.0,169.0,4.0,87.0,32.0,0.40435784398993047,0.0,84.0,5.0,4.0,6.0,37.0,4.0,31.067623775619197,0.0,3.0,2.900550231534046,92.0,71.30866757848754,7.0,2.0,3.0,83.0,0.0,0.0,0.0,0.0,0.0,0.0,1.0,0.0,0.0,0.0,0.0,Bad
57.03155089897996,78.0,4.0,46.0,18.0,0.0,0.0,95.0,23.0,6.0,6.0,19.0,2.4858668156729786,16.0,0.7783013806532599,2.0764344431271224,2.0,87.0,73.3277697792492,11.0,1.0,5.0,80.0,0.0,1.0,0.0,0.0,0.0,0.0,1.0,0.0,0.0,0.0,0.0,Good
62.22583055561961,191.0,7.0,82.69193761890436,29.662436699353037,1.0,1.0,87.19550954953476,20.0,4.314269234258791,3.0,30.089769251282075,2.0,22.0,15.0,1.0,0.0,51.0,44.0,9.0,2.0,5.0,73.0,0.0,0.0,0.0,0.0,0.0,0.0,0.0,0.0,0.0,0.0,0.0,Good
66.0,248.6429677159087,7.0,96.0,36.91145515089549,0.0,0.0,78.0,26.0,5.0,6.0,41.0,1.0,56.0,1.0,4.076968269523652,4.0,49.0,82.0,3.0,9.0,1.4266857276963973,71.0,0.0,0.0,0.0,0.0,0.0,0.0,0.0,0.0,0.0,0.0,0.0,Bad
60.0,8.0,7.0,8.0,3.0,1.0,1.0,89.25350104093752,25.899039075871002,7.0,8.0,4.0,3.0,0.0,0.0,1.0,1.0282736354528743,29.0,70.29501023318184,2.0,0.35209228385771274,1.0,67.0,1.0,0.0,0.0,0.0,0.0,0.0,1.0,0.0,1.0,0.0,0.0,Bad
70.0,250.9376697893715,16.0,101.71875322500351,30.0,0.0,-0.17057744953096354,91.0,19.0,6.0,6.0,32.0,1.8458340069142478,22.0,1.2797767684731007,4.105396067754132,4.0,44.0,56.93834537947056,8.0,1.0,2.2688600251464326,63.0,0.0,1.0,0.0,0.0,0.0,0.0,1.0,0.0,0.0,0.0,0.0,Bad
67.6310656229307,112.0,1.0,45.0,15.0,0.0,0.0,94.0,21.0,6.0,6.0,16.0,2.0,38.0,0.0,1.0,1.0,39.0,82.0,5.0,3.0,1.0,73.0,0.0,0.0,0.0,0.0,0.0,0.0,0.0,0.0,0.0,0.0,0.0,Bad
77.23528968887838,266.0,9.0,132.0,21.0,0.0,-0.20722007308484716,87.7991782156341,27.0,6.0,6.0,25.0,1.3568139989736587,26.0,0.0,3.0,3.0,20.0,59.64072352308301,2.0,1.0799483793857818,0.0,45.0,0.0,0.0,0.0,0.0,0.0,0.0,1.0,0.0,0.0,0.0,0.0,Good
64.0,224.0,3.0,102.0,36.0,0.0,0.0,94.0,1.0,4.0,6.0,35.34917918092482,1.0,11.0,4.121325019388191,0.0,0.0,71.0,23.0,6.0,2.0,2.0,56.0,0.0,1.0,0.0,0.0,0.0,0.0,0.0,0.0,0.0,0.0,0.0,Bad
55.6141100022465,131.0,10.0,72.0,9.0,1.0,0.5192790173975305,67.0,1.0,4.0,3.0,12.0,2.0,29.61120670279914,0.0,3.0,3.0,91.0,63.19853735881667,1.0,1.0,1.0,50.0,0.0,0.0,0.0,0.0,0.0,0.0,1.0,0.0,0.0,0.0,0.0,Bad
67.0,233.0,5.28637886687946,66.0,14.096730155690127,1.0,0.0,87.0,10.0,4.373483508699781,5.0,15.0,0.0,46.7564747876782,0.0,1.0,1.0,33.0,81.0,3.0,3.0854489209611367,1.0,83.0,0.0,0.0,0.0,0.0,0.0,0.0,0.0,0.0,0.0,0.0,0.0,Bad
89.0,243.0,47.0,157.0,4.0,0.0,0.0,100.0,47.924930266668895,7.0,8.0,4.0,0.0,25.0,9.0,0.0,0.0,1.0,27.50005874265286,1.0,0.14368986514452997,0.0,50.0,1.0,0.0,0.0,0.0,0.0,0.0,1.0,0.0,1.0,0.0,0.0,Good
59.0,139.0,12.51755540356223,56.0,15.0,0.0,0.0,93.0,3.0,4.0,6.0,16.720678047796884,1.0,53.0,0.0,1.0,1.0,80.0,46.0,5.0,2.0,2.278874817023893,100.0,0.0,0.0,0.0,0.0,0.0,0.0,0.0,0.0,0.0,0.0,0.0,Bad
67.49355998066956,176.0,7.0,61.0,24.0,0.12678824990911597,0.0,92.0,0.0,4.0,6.0,24.0,1.0,35.48739886693977,0.0,0.0,0.0,18.0,92.0,4.0,2.0,1.0,58.0,0.0,0.0,0.0,0.0,0.0,0.0,0.0,0.0,0.0,0.0,0.0,Good
83.20212877284098,182.0,13.175677368735222,74.0,10.0,0.0,0.01950359686535491,100.0,44.57119927471902,7.0,8.0,10.0,0.0,37.68372278072866,18.0,0.0,0.0,12.0,60.277678849474796,4.0,2.0,0.0,86.0,1.0,0.0,0.0,0.0,0.0,0.0,0.0,0.0,0.0,0.0,0.0,Good
65.70948803024228,192.0,2.0,87.0,14.0,0.0,-0.0478223709939784,94.0,1.0,4.0,6.0,14.662318013462805,1.4244077976497254,35.20096368143051,0.0,1.0,1.0,53.0,69.03597738174572,2.0,1.0,1.0,60.0,0.0,0.0,0.0,0.0,0.0,0.0,0.0,0.0,0.0,0.0,0.0,Bad
61.0,21.0,4.0,9.0,9.0,0.0,0.0,100.0,32.92245294550716,7.0,8.0,9.0,6.0,78.0,0.0,3.0,3.0,73.0,84.9817976241785,1.0,3.7773232523881646,1.0,80.0,1.0,0.0,0.0,0.0,0.0,0.0,0.0,0.0,0.0,0.0,0.0,Bad
58.747775386547545,191.0,34.0,93.0,5.0,5.0,2.0,46.0,6.0,3.0,2.0,12.073071211654728,0.0,46.0,0.0,4.0,4.0,30.0,42.68006911691776,1.0,1.0,0.0,67.0,0.0,0.0,0.0,0.0,0.0,0.0,1.0,0.0,0.0,0.0,0.0,Bad
68.62711686410383,212.0,3.0,67.0,20.0,1.0,1.0,98.40468259011342,31.772603030086515,6.0,8.0,20.0,2.952317823411671,20.0,2.0,4.0,4.0,48.0,60.0,9.0,2.0,1.0,69.0,1.0,0.0,0.0,0.0,0.0,0.0,0.0,0.0,0.0,0.0,0.0,Bad
57.0,75.0,8.0,33.0,17.0,0.0,0.0,88.0,2.0,4.0,6.0,17.0,1.0,18.0,0.0,0.05147143874067785,0.0,32.0,66.86858571195883,3.0,1.0,2.0,44.0,0.0,0.0,0.0,0.0,0.0,0.0,1.0,0.0,0.0,0.0,0.0,Bad
84.0,252.71173020125906,2.0,89.85376375790291,27.0,0.0,0.0,96.0,46.0,6.4319641297563575,6.0,37.0,1.0,61.0,1.0,1.0,0.9556277195717822,18.0,63.0,2.0,3.6462577690993094,-0.09685474604631894,67.0,0.0,0.0,0.0,0.0,0.0,0.0,0.0,0.0,0.0,0.0,0.0,Good
72.0,304.0,6.0,83.0,27.0,0.0,0.0,93.0,55.0,5.0,6.0,27.0,5.0,33.0,0.0,2.0,2.0,34.0,90.0,6.0,3.0,1.0,69.0,0.0,0.0,0.0,0.0,0.0,0.0,0.0,0.0,0.0,0.0,0.0,Good
55.0,115.0,12.0,62.454869059757954,8.0,2.0,2.0,62.0,1.0,0.0,2.0,13.0,0.0,31.0,0.0,0.0,0.0,13.0,0.0,1.0,1.8786805032334364,0.0,60.0,0.0,0.0,0.0,0.0,0.0,0.0,0.0,0.0,0.0,0.0,0.0,Good
89.0,246.11385901399854,26.0,111.0,17.890032102171034,0.0,0.0,100.0,48.50756206903631,7.0,8.0,19.0,0.0,47.0,4.722779619806207,0.03533077804912967,0.0,6.0,49.0,1.0,3.0,0.0,63.0,1.0,0.0,0.0,0.0,1.0,0.0,0.0,0.0,0.0,0.0,0.0,Good
88.0,286.0,4.0,96.204706455564,6.0,0.03306416321238226,0.0,100.0,47.58621013673101,7.0,8.0,14.0,1.0,33.0,3.0,2.0,2.0,14.0,66.80329692100658,1.0,0.21562720152926684,0.0,33.0,1.0,0.0,0.0,0.0,0.0,0.0,1.0,0.0,1.0,0.0,0.0,Good
58.0,118.0,21.0,66.0,14.0,3.0,0.0,68.82396014547689,3.0,4.0,5.0,20.0,0.0,30.0,0.0,0.0,0.0,62.0,54.80152260530063,5.0,2.727885483411873,1.71147317824304,90.0,0.0,0.0,0.0,0.0,0.0,0.0,0.0,0.0,0.0,0.0,0.0,Bad
63.40583973619316,150.0,16.89134081419138,80.0,21.0,1.0,1.0,87.0,8.0,0.0,6.0,21.96676419153135,0.0,30.0,14.0,0.0,-0.009262443331238754,40.0,56.64923302791002,7.0,1.0,0.0,100.0,0.0,0.0,0.0,0.0,0.0,0.0,1.0,0.0,0.0,0.0,0.0,Bad
84.0,184.0,20.144998819152963,98.0,22.0,0.0,0.0,101.63091092801076,43.38432863006108,7.0,8.0,23.0,1.0,57.0,0.0,3.0,2.0,6.0,58.92467035356489,2.0,1.9644853514025566,0.0,50.0,1.0,0.0,0.0,0.0,0.0,0.0,1.0,0.0,1.0,0.0,0.0,Good
72.38965665092536,132.0,1.0,41.0,21.0,-0.032093020957077556,0.0,100.0,38.540011677221,6.883500294651187,8.0,21.972149582807734,3.0088747363778587,22.0,1.095178652160452,3.066901866839995,3.0,50.0,99.0,3.0,1.0,1.0,50.0,1.0,1.0,0.0,0.0,0.0,0.0,0.0,0.0,0.0,0.0,0.0,Bad
75.0,244.2045765100571,-5.42411087651416,76.45915928963855,38.34349360092101,1.0,1.0,91.0,13.0,6.0,4.0,43.0,5.0,33.0,0.0,4.0,3.0,7.0,88.0,3.0,4.0,0.0,30.0,0.0,0.0,0.0,0.0,0.0,0.0,0.0,0.0,0.0,0.0,0.0,Bad
78.0,281.0,1.0,98.0,44.0,0.0,0.0,104.7329723882199,38.71627800304424,7.0,8.0,48.0,4.0,31.0,0.0,1.0,1.0,24.0,19.0,7.0,1.0,2.0,50.0,1.0,0.0,0.0,0.0,0.0,0.0,0.0,0.0,0.0,0.0,0.0,Bad
64.0,174.48017255786954,4.0,61.88239933876093,32.27136193255308,0.0,0.0,94.0,48.0,6.0,6.0,37.0,1.0,58.0,1.9392018644280724,1.0,0.9701831081272905,62.0,80.0,6.0,4.0,2.0,77.0,0.0,1.0,0.0,0.0,0.0,0.0,0.0,0.0,0.0,0.0,0.0,Good
84.0,186.0,6.0,93.0,21.343232558620137,0.0,0.0,100.0,42.279054651850544,7.0,8.0,25.0,1.0,32.0,0.0,0.0,0.0,0.0,71.0,1.0,2.0,-0.38507461694873957,50.0,1.0,0.0,0.0,0.0,0.0,0.0,0.0,0.0,0.0,1.0,0.0,Good
73.0,317.0,1.0,92.0,34.0,0.047076939441836885,0.0,100.0,31.30953514118289,6.390904587057922,8.0,36.73128274656577,3.469434785623944,29.163831921454626,0.0,7.131085542896448,7.0,24.0,80.0,5.0,2.0,1.3393193782458872,50.0,1.0,0.0,0.0,0.0,0.0,0.0,0.0,0.0,0.0,0.0,0.0,Bad
81.0,144.0,14.0,83.0,23.0,0.19628199908846522,0.0,92.0,54.0,6.0,6.0,25.0,0.0,36.0,0.0,0.0,0.0,8.0,62.88537700796712,1.0,2.0,0.0,33.0,0.0,0.0,0.0,0.0,0.0,0.0,0.0,0.0,0.0,0.0,0.0,Good
73.0,126.0,2.0,80.0,23.0,1.69670289740349,1.198387419122501,88.0,12.0,6.0,2.0,25.0,1.6068488502463318,24.0,0.0,1.0,1.0,25.0,68.28383171484958,2.0,1.0,0.22908161157645424,43.0,0.0,0.0,0.0,0.0,0.0,0.0,1.0,0.0,0.0,0.0,0.0,Good
56.0,58.0,33.0,56.80513334611226,2.0,0.0,0.0,50.0,2.0,4.0,6.0,2.0,0.0,100.0,0.0,6.0,5.78463769058249,59.05632371022379,53.10270078671849,-1.638234105228269,1.5101696872254924,0.09553114602383994,100.0,0.0,0.0,0.0,0.0,0.0,1.0,1.0,1.0,0.0,1.0,0.0,Bad
72.0,84.0,4.0,50.61200389232661,29.0,0.0,0.0,100.0,35.59135422711984,6.861094426626668,8.0,30.0,2.0,27.0,0.0,1.0,1.0,43.0,48.0,9.0,5.0,3.0,64.0,1.0,0.0,0.0,0.0,0.0,0.0,0.0,0.0,0.0,0.0,0.0,Good
64.0,74.0,6.1637565605355285,35.0,18.399749085437083,0.0,0.018312049232849598,100.0,35.11562066276096,7.0,8.0,19.22249921471478,2.3789408726759973,62.0,0.0,1.0535558902816338,1.0,78.0,75.0,5.0,3.7056825701853944,2.407631943066554,100.0,1.0,0.0,0.0,0.0,0.0,0.0,0.0,0.0,0.0,0.0,0.0,Bad
73.0,198.73801099482526,0.0,75.0,17.0,0.0,0.0,100.0,42.992469512749665,7.0,8.0,17.768822756966816,2.280890480644386,33.0,0.0,2.0,1.9293246317917268,87.0,95.0,2.0,2.0005444928460654,1.0,57.0,1.0,0.0,0.0,0.0,0.0,0.0,0.0,0.0,0.0,0.0,0.0,Bad
73.67823661641921,234.84570418685007,1.403179960253837,84.0,27.0,0.0,0.0,96.0,5.0,6.0,6.0,28.0,2.0,33.0,15.0,0.0,-0.012872305113246274,8.0,87.0,6.0,3.0,0.0,64.0,0.0,0.0,0.0,0.0,0.0,0.0,0.0,0.0,0.0,0.0,0.0,Good
70.32551028974937,226.0,50.0,98.0,11.298159494313545,0.30276236700894055,0.0,80.99831650744841,0.0,4.0,6.0,13.0,0.0,38.0,0.0,0.0,0.0,9.0,28.460645304645283,3.0,1.3034847716055138,0.0,60.0,0.0,0.0,0.0,0.0,0.0,0.0,1.0,0.0,1.0,0.0,0.0,Bad
68.38206801222876,153.60204915099658,7.0,64.0,13.165454042014776,0.0,0.0,86.0,9.0,4.513155524041993,6.0,14.0,1.0,64.0,0.0,1.0,1.0,27.0,65.0,1.0,5.0,0.0,100.0,0.0,0.0,0.0,0.0,0.0,0.0,0.0,0.0,0.0,0.0,0.0,Bad
70.0,222.34101459921203,15.597960259225047,93.0,22.20236616223935,0.0,0.0,100.0,37.7508550059633,7.0,8.0,22.47237700442704,0.0,15.0,0.0,1.0,0.9432283257693884,67.0,59.279229318967296,7.0,1.0,5.0,69.0,1.0,0.0,0.0,0.0,0.0,0.0,1.0,0.0,0.0,0.0,0.0,Good
85.0,147.0,7.0,75.0,36.0,0.030352051097954913,0.0,96.32648719798111,39.0,6.0,6.0,35.44514230442017,1.0,22.0,0.0,1.0,1.0,0.0,66.0412772916512,1.0,1.0,-0.3273844001596422,17.0,0.0,0.0,0.0,0.0,0.0,0.0,1.0,0.0,0.0,0.0,0.0,Good
71.0,194.0,12.0,69.0,29.0,0.0,0.0,89.74364054879382,6.0,4.0,6.0,31.0,0.0,27.0,2.0,2.0,2.0,36.0,69.0,4.0,2.0,1.0,67.0,0.0,0.0,0.0,0.0,0.0,0.0,0.0,0.0,0.0,0.0,0.0,Good
66.0,175.0,2.0,39.0,15.0,0.0,-0.19360657185133034,84.0,2.0,4.379936535795363,6.0,19.0,2.830934840789486,21.0,0.0,3.0,3.0,9.0,45.0,5.0,3.0,0.0,57.0,0.0,0.0,0.0,0.0,0.0,0.0,0.0,0.0,0.0,0.0,0.0,Bad
84.0,380.0,5.0,109.0,24.0,0.0,0.0,99.63718097891604,38.76032092928534,7.0,8.0,24.0,1.0,18.252155609711757,0.0,1.0,0.9574797211130422,1.0,63.38530574636074,3.0,0.7951635285996512,0.0,27.0,1.0,0.0,0.0,0.0,0.0,0.0,1.0,0.0,0.0,0.0,0.0,Good
58.695889630857295,263.0,5.870667429762566,94.23408464423387,26.0,2.0,1.3987303345350628,78.19720667329989,3.0,4.0,2.0,23.0,2.0,19.14500544975501,0.0,1.0700903710614906,1.0,49.0,64.48972766521729,11.0,2.402398728299856,2.0,71.0,0.0,0.0,0.0,0.0,0.0,0.0,0.0,0.0,0.0,0.0,0.0,Bad
81.0,6.0,1.0,86.0,32.0,0.07399106441197123,0.0,100.0,44.59588777430227,7.093588725805246,8.0,27.74101451028204,3.0,33.0,5.0,1.0557889889754222,1.0,18.0,92.0,5.0,2.0,1.0,47.0,1.0,0.0,0.0,0.0,0.0,0.0,0.0,0.0,0.0,0.0,0.0,Good
67.0,96.0,15.0,63.0,20.0,0.3439782157191482,0.0,83.71999870638095,2.0,4.0,6.0,20.0,0.0,55.0,0.0,0.0,0.0,4.0,78.0,3.0,3.0,0.0,60.0,0.0,0.0,0.0,0.0,0.0,0.0,0.0,0.0,0.0,0.0,0.0,Bad
72.0,160.0,1.0,62.226669298175764,40.0,0.0,0.0,96.0,8.0,4.0,6.0,41.16531781647883,2.9559775026515527,58.0,9.0,0.0,0.016248225617059436,21.0,76.0,4.0,11.0,0.0,88.0,0.0,0.0,0.0,0.0,0.0,0.0,0.0,0.0,0.0,0.0,0.0,Good
62.0,86.0,8.0,31.0,13.0,0.0,-0.050385105899410726,92.0,3.0,4.0,6.0,13.0,2.0593241762836083,15.0,0.0,0.0,0.0,46.0,67.02514172645728,5.0,1.0,1.0,60.0,0.0,0.0,0.0,0.0,0.0,0.0,1.0,0.0,0.0,0.0,0.0,Bad
81.0,117.0,6.0,54.0,14.0,0.0,0.0,93.0,31.0,6.0,6.0,14.0,3.0,21.0,3.7479428192068167,0.036284099219442666,0.0,2.0,67.64629866001049,2.0,1.0,0.0,43.0,0.0,1.0,0.0,0.0,0.0,0.0,1.0,0.0,0.0,0.0,0.0,Bad
59.324621330215095,31.0,8.0,34.756569035028235,8.265626344861747,0.0,0.0,92.0,8.0,4.619189247644871,6.0,1.0,2.0,39.59323591221862,7.0,0.0,0.0,84.0,74.0,2.0,2.197461030842242,2.0,67.0,0.0,0.0,0.0,0.0,0.0,0.0,0.0,0.0,0.0,0.0,0.0,Bad
88.0,327.0,5.223623932443072,87.0,36.0,0.0,0.022210026470393607,100.0,43.79477343571631,7.0,8.0,40.0,2.246273947951946,25.0,0.0,1.0,1.0,0.0,66.59894265954986,0.0,1.0,-0.3285998452942367,8.0,1.0,0.0,0.0,0.0,0.0,0.0,1.0,0.0,0.0,0.0,0.0,Good
79.0,100.0,12.0,48.0,14.0,0.0,0.0,97.73029374142284,40.2255301641942,7.0,8.0,14.0,0.0,25.559819589710102,0.0,0.0,0.0,30.0,64.41804334798913,1.0,1.0,0.0,33.0,1.0,0.0,0.0,0.0,0.0,0.0,1.0,0.0,0.0,0.0,0.0,Good
76.0,221.0,3.0,82.64161387609703,30.0,0.0,0.0,100.0,37.75885385889549,7.0,8.0,30.0,3.0,10.0,9.0,0.0,0.0,22.0,68.14602279021459,9.0,1.0768996497932761,3.0,47.0,1.0,0.0,0.0,0.0,0.0,0.0,1.0,0.0,1.0,0.0,0.0,Good
71.0,175.0,8.0,46.0,14.0,0.0,0.0,93.0,25.0,6.0,6.0,14.0,1.0,57.0,0.0,1.0,1.0,76.0,71.3703777033331,2.0,2.0,0.0,80.0,0.0,0.0,0.0,0.0,0.0,0.0,1.0,0.0,0.0,0.0,0.0,Bad
89.0,346.0,22.16036367741238,130.0,11.0,0.0,0.01716182531027971,100.0,47.00859475773777,7.0,8.0,13.597343334636552,0.5199893768581516,9.0,4.0868465200702335,1.0,1.0,2.0,47.11612038379509,3.0,0.16361544465136968,0.0,50.0,1.0,1.0,0.0,0.0,0.0,0.0,1.0,0.0,1.0,0.0,0.0,Good
75.0,278.0,75.0,123.0,6.0,0.07219869149921854,-0.037440623162031506,83.0,20.0,6.0,6.0,6.0,0.0,17.0,0.0,1.1030124477164698,0.9857669861442281,7.0,6.085407399122133,2.0,0.45996345886788736,-0.3210815316801412,75.0,0.0,0.0,0.0,0.0,0.0,0.0,1.0,0.0,1.0,1.0,0.0,Good
62.0,113.0,9.0,62.0,18.0,2.0,1.586239710094159,79.14884266239073,5.0,0.0,2.0,21.0,1.0,42.95857776030222,0.0,0.04548995503450221,0.0,48.0,44.0,3.0,2.857179939948968,2.0,75.0,0.0,0.0,0.0,0.0,0.0,0.0,0.0,0.0,0.0,0.0,0.0,Bad
67.0,351.0,11.0,98.0,7.0,2.0,1.3487233821784237,86.0,30.0,6.0,6.0,12.701405275560045,1.0,14.0,2.8451653146927725,-0.010973697786516794,0.0,59.0,59.41695141692418,3.0,0.33714819144296715,1.0,60.0,0.0,1.0,0.0,0.0,0.0,0.0,1.0,0.0,1.0,0.0,0.0,Bad
69.55672301369223,385.0,11.0,87.0,19.78151381855928,0.0,0.0,85.26622005378302,4.0,4.0,6.0,20.0,1.0,15.0,0.0,0.0,-0.022372802400677447,28.0,57.240394794159755,4.0,0.6552113839910664,0.0,36.0,0.0,0.0,0.0,0.0,0.0,0.0,1.0,0.0,0.0,0.0,0.0,Good
76.0,160.0,4.0,62.0,23.32585622724083,0.0,-0.002231497142952843,102.27911339899865,38.7917140674063,6.679050894954384,8.0,20.0,4.0,49.58153085485919,0.0,0.0,0.0,17.0,94.0,5.0,6.0,0.6027095216841856,85.0,1.0,0.0,0.0,0.0,0.0,0.0,0.0,0.0,0.0,0.0,0.0,Good
67.752503270172,69.0,2.2852892426516647,32.0,19.0,0.01802294047430486,0.0,100.0,36.10059291543243,6.745558471054996,8.0,20.0,3.0,30.0,1.0,2.0,2.0,62.0,77.14711758726011,6.0,2.403759960893754,2.375318776525705,67.0,1.0,0.0,0.0,0.0,0.0,0.0,0.0,0.0,0.0,0.0,0.0,Bad
87.0,266.0,15.0,137.0,14.532388330094006,0.0,0.0,100.0,41.08262211894021,6.708696975675618,8.0,3.0,0.0,21.45629541599122,21.0,0.0,-0.03570186319313248,4.0,50.96516508691702,4.0,2.0,0.49771966801374035,46.0,1.0,0.0,0.0,0.0,0.0,0.0,1.0,0.0,0.0,0.0,0.0,Good
79.87820584248924,188.0,4.0,89.0,28.0,0.06530278307576598,0.0,100.0,41.70950428158483,7.0,8.0,31.0,2.0,32.0,20.0,0.0,0.0,37.0,81.0,3.0,3.0,1.0,60.0,1.0,0.0,0.0,0.0,0.0,0.0,0.0,0.0,0.0,0.0,0.0,Good
54.0,189.0,6.0,85.0,7.0,1.0,0.0,50.0,3.0,3.0,5.0,10.0,1.0,35.85133509549579,0.0,0.0,0.0,81.0,65.66708895039123,4.0,1.128881732791192,1.0,100.0,0.0,0.0,0.0,0.0,0.0,0.0,1.0,0.0,0.0,0.0,0.0,Good
57.0,178.0,2.0,79.0,23.0,0.0,-0.02227186927039948,92.0,2.0,3.9742689222883123,6.0,26.0,2.4207254810674974,58.0,0.8070065577520973,3.0,3.0,57.0,77.0,5.0,2.0,1.0,100.0,0.0,1.0,0.0,0.0,0.0,0.0,0.0,0.0,0.0,0.0,0.0,Bad
83.0,395.0,26.0,181.0,25.0,0.2942510292288105,0.0,92.0690923171361,72.0,6.0,6.0,25.0,0.0,36.0,4.266836367791374,0.05019101857052259,0.0,16.0,47.30360552566326,5.0,2.0,0.0,47.0,0.0,0.0,0.0,0.0,1.0,0.0,0.0,0.0,0.0,0.0,0.0,Good
62.0,192.0,5.0,38.0,22.0,0.0,0.0,102.35508158907342,34.220681394139234,7.0,8.0,24.22369546094502,2.0,9.0,0.0,3.0,3.0,65.0,72.56735558012865,15.0,0.9373182851989297,7.0,79.0,1.0,0.0,0.0,0.0,0.0,0.0,1.0,0.0,1.0,0.0,0.0,Bad
72.0,254.0,24.0,100.79820097608406,20.0,1.0,1.0,100.0,29.083309620903748,6.0,8.0,21.0,0.0,38.0,5.0,0.0,0.0,42.0,9.0,4.0,2.616033122029943,1.5404635933106414,67.0,1.0,0.0,0.0,0.0,0.0,0.0,0.0,0.0,0.0,0.0,0.0,Good
66.0,138.0,30.0,83.0,12.0,0.0,0.0,92.0,3.0,4.0,6.0,13.0,0.0,31.0,0.0,0.052163410210952374,0.0,23.0,46.61173123879813,4.0,1.0,0.0,83.0,0.0,0.0,0.0,0.0,0.0,0.0,1.0,0.0,0.0,0.0,0.0,Good
66.0,124.0,8.0,58.0,33.0,0.0,0.0,94.0,1.0,4.0,6.0,35.0,1.0,39.0,0.0,2.0,2.0,54.0,56.0,3.0,3.8991114735571184,0.0,89.0,0.0,0.0,0.0,0.0,0.0,0.0,0.0,0.0,0.0,0.0,0.0,Bad
75.0,159.0,-0.7803686392577802,74.0,46.0,0.0,0.0,98.0,29.138709685408287,5.0,7.0,51.0,6.0,59.0,9.0,0.0,0.0,20.0,88.0,5.0,5.0,0.0,79.0,1.0,0.0,0.0,0.0,0.0,0.0,0.0,0.0,0.0,0.0,0.0,Good
76.0,133.0,26.0,69.0,5.0,0.3177737833337968,0.0,80.0,25.0,6.0,6.0,7.082075071833513,0.0,60.0,2.7320152503313744,1.0,1.0,13.0,65.0,1.0,2.0,0.0,75.0,0.0,1.0,0.0,0.0,0.0,0.0,0.0,0.0,0.0,0.0,0.0,Good
74.0,140.58989543061875,2.0,59.0,8.607105895512834,1.0,0.0,82.16084007269515,7.0,4.0,5.0,7.0,1.0,57.0,0.0,6.0,5.0,5.0,99.0,1.0,1.0,0.0,67.0,0.0,0.0,0.0,0.0,0.0,0.0,0.0,0.0,0.0,0.0,0.0,Bad
83.0,50.0,15.0,27.0,8.0,0.0,0.04100992142384163,100.0,47.812685935995376,7.204897768354079,8.0,9.0,0.0,63.0,2.7475277716182647,1.0258822711330797,1.0,10.0,90.0,2.0,2.9747341511553524,0.0,80.0,1.0,1.0,0.0,0.0,0.0,0.0,0.0,0.0,0.0,0.0,0.0,Bad
75.0,236.83127887859052,12.0,111.0,15.115175855491339,1.4732618894176173,1.0,87.0,46.0,6.0,3.0,7.0,0.0,39.0,2.3916743135927123,2.0,2.0,50.0,62.23581713964043,5.0,3.0,2.0,62.0,0.0,1.0,0.0,0.0,0.0,0.0,0.0,0.0,0.0,0.0,0.0,Bad
